0	-0.001389
1	-0.002686
2	-0.003937
3	-0.005051
4	-0.006180
5	-0.007416
6	-0.008560
7	-0.009750
8	-0.010971
9	-0.012131
10	-0.013397
11	-0.014648
12	-0.015808
13	-0.016968
14	-0.018036
15	-0.019333
16	-0.020615
17	-0.022064
18	-0.023209
19	-0.024475
20	-0.025665
21	-0.026932
22	-0.028244
23	-0.029434
24	-0.030777
25	-0.031967
26	-0.033371
27	-0.034714
28	-0.036118
29	-0.037567
30	-0.038849
31	-0.040222
32	-0.041534
33	-0.043030
34	-0.044540
35	-0.045990
36	-0.047470
37	-0.048874
38	-0.050186
39	-0.051575
40	-0.052856
41	-0.054169
42	-0.055420
43	-0.056793
44	-0.058136
45	-0.059509
46	-0.060898
47	-0.062256
48	-0.063614
49	-0.065079
50	-0.066559
51	-0.068069
52	-0.069366
53	-0.070694
54	-0.072021
55	-0.073303
56	-0.074677
57	-0.076172
58	-0.077499
59	-0.078979
60	-0.080399
61	-0.081833
62	-0.083374
63	-0.084686
64	-0.086044
65	-0.087418
66	-0.088654
67	-0.089951
68	-0.091217
69	-0.092377
70	-0.093430
71	-0.094620
72	-0.095825
73	-0.097015
74	-0.098328
75	-0.099472
76	-0.100830
77	-0.102264
78	-0.103622
79	-0.104935
80	-0.106155
81	-0.107346
82	-0.108536
83	-0.109802
84	-0.111084
85	-0.112488
86	-0.113861
87	-0.115158
88	-0.116608
89	-0.117981
90	-0.119537
91	-0.121048
92	-0.122513
93	-0.124023
94	-0.125504
95	-0.127060
96	-0.128662
97	-0.130249
98	-0.131729
99	-0.133301
100	-0.134811
101	-0.136383
102	-0.137650
103	-0.139053
104	-0.140442
105	-0.141907
106	-0.143265
107	-0.144745
108	-0.146164
109	-0.147720
110	-0.149231
111	-0.150894
112	-0.152466
113	-0.153992
114	-0.155579
115	-0.156876
116	-0.158279
117	-0.159485
118	-0.160706
119	-0.161804
120	-0.163010
121	-0.164230
122	-0.165482
123	-0.166748
124	-0.168076
125	-0.169235
126	-0.170334
127	-0.171432
128	-0.172424
129	-0.173370
130	-0.174164
131	-0.175064
132	-0.175903
133	-0.176819
134	-0.177719
135	-0.178696
136	-0.179779
137	-0.180908
138	-0.181915
139	-0.183014
140	-0.184189
141	-0.185104
142	-0.186234
143	-0.187317
144	-0.188461
145	-0.189575
146	-0.190765
147	-0.192001
148	-0.193176
149	-0.194122
150	-0.195053
151	-0.196091
152	-0.197205
153	-0.198166
154	-0.199173
155	-0.200211
156	-0.201355
157	-0.202362
158	-0.203445
159	-0.204437
160	-0.205460
161	-0.206573
162	-0.207642
163	-0.208878
164	-0.209961
165	-0.210999
166	-0.212128
167	-0.213120
168	-0.214111
169	-0.215149
170	-0.216156
171	-0.217178
172	-0.218292
173	-0.219299
174	-0.220337
175	-0.221237
176	-0.222137
177	-0.223206
178	-0.224319
179	-0.225327
180	-0.226364
181	-0.227585
182	-0.228683
183	-0.229797
184	-0.230942
185	-0.232040
186	-0.232925
187	-0.233795
188	-0.234787
189	-0.235794
190	-0.236679
191	-0.237534
192	-0.238541
193	-0.239563
194	-0.240524
195	-0.241531
196	-0.242477
197	-0.243454
198	-0.244431
199	-0.245468
200	-0.246414
201	-0.247513
202	-0.248520
203	-0.249390
204	-0.250290
205	-0.251236
206	-0.252228
207	-0.253296
208	-0.254395
209	-0.255615
210	-0.256668
211	-0.257782
212	-0.258835
213	-0.259903
214	-0.261017
215	-0.262283
216	-0.263412
217	-0.264572
218	-0.265823
219	-0.266922
220	-0.268097
221	-0.269226
222	-0.270447
223	-0.271729
224	-0.273056
225	-0.274261
226	-0.275436
227	-0.276657
228	-0.277893
229	-0.279160
230	-0.280197
231	-0.281311
232	-0.282303
233	-0.283142
234	-0.284195
235	-0.285065
236	-0.286087
237	-0.287125
238	-0.288330
239	-0.289566
240	-0.290634
241	-0.291672
242	-0.292725
243	-0.293762
244	-0.294846
245	-0.295776
246	-0.296600
247	-0.297623
248	-0.298660
249	-0.299652
250	-0.300766
251	-0.301941
252	-0.303040
253	-0.304016
254	-0.305191
255	-0.306351
256	-0.307419
257	-0.308563
258	-0.309708
259	-0.310867
260	-0.311966
261	-0.313202
262	-0.314438
263	-0.315643
264	-0.316620
265	-0.317520
266	-0.318619
267	-0.319565
268	-0.320496
269	-0.321487
270	-0.322678
271	-0.323730
272	-0.324814
273	-0.325775
274	-0.326874
275	-0.328064
276	-0.329346
277	-0.330429
278	-0.331528
279	-0.332489
280	-0.333496
281	-0.334473
282	-0.335373
283	-0.336395
284	-0.337402
285	-0.338318
286	-0.339279
287	-0.340240
288	-0.341141
289	-0.342102
290	-0.342911
291	-0.343826
292	-0.344574
293	-0.345276
294	-0.346054
295	-0.346939
296	-0.347931
297	-0.348755
298	-0.349838
299	-0.350845
300	-0.351883
301	-0.352783
302	-0.353745
303	-0.354599
304	-0.355621
305	-0.356522
306	-0.357590
307	-0.358566
308	-0.359650
309	-0.360764
310	-0.361816
311	-0.362961
312	-0.364044
313	-0.364990
314	-0.365723
315	-0.366562
316	-0.367599
317	-0.368576
318	-0.369476
319	-0.370483
320	-0.371597
321	-0.372726
322	-0.373749
323	-0.374756
324	-0.375702
325	-0.376785
326	-0.377762
327	-0.378830
328	-0.379898
329	-0.381042
330	-0.382080
331	-0.382950
332	-0.383820
333	-0.384842
334	-0.385880
335	-0.386795
336	-0.387741
337	-0.388550
338	-0.389481
339	-0.390366
340	-0.391495
341	-0.392624
342	-0.393661
343	-0.394867
344	-0.396027
345	-0.397278
346	-0.398453
347	-0.399673
348	-0.400787
349	-0.401962
350	-0.403320
351	-0.404663
352	-0.406036
353	-0.407303
354	-0.408615
355	-0.409821
356	-0.410995
357	-0.412079
358	-0.413300
359	-0.414474
360	-0.415634
361	-0.416809
362	-0.417908
363	-0.418915
364	-0.419785
365	-0.420776
366	-0.421860
367	-0.422943
368	-0.423874
369	-0.424881
370	-0.425766
371	-0.426636
372	-0.427628
373	-0.428665
374	-0.429779
375	-0.430740
376	-0.431564
377	-0.432465
378	-0.433380
379	-0.434250
380	-0.435165
381	-0.436050
382	-0.436829
383	-0.437729
384	-0.438644
385	-0.439575
386	-0.440491
387	-0.441437
388	-0.442383
389	-0.443253
390	-0.444305
391	-0.445343
392	-0.446457
393	-0.447540
394	-0.448593
395	-0.449753
396	-0.450958
397	-0.452103
398	-0.453339
399	-0.454544
400	-0.456024
401	-0.457321
402	-0.458542
403	-0.459702
404	-0.460953
405	-0.462219
406	-0.463501
407	-0.464859
408	-0.466171
409	-0.467377
410	-0.468704
411	-0.470016
412	-0.471268
413	-0.472397
414	-0.473663
415	-0.474838
416	-0.476151
417	-0.477310
418	-0.478500
419	-0.479675
420	-0.480896
421	-0.481979
422	-0.483109
423	-0.484314
424	-0.485535
425	-0.486694
426	-0.487823
427	-0.489059
428	-0.490387
429	-0.491608
430	-0.492691
431	-0.493866
432	-0.495117
433	-0.496307
434	-0.497635
435	-0.499039
436	-0.500290
437	-0.501495
438	-0.502655
439	-0.503952
440	-0.505188
441	-0.506546
442	-0.507797
443	-0.509155
444	-0.510315
445	-0.511566
446	-0.512894
447	-0.514267
448	-0.515625
449	-0.516907
450	-0.518280
451	-0.519714
452	-0.521103
453	-0.522507
454	-0.523743
455	-0.525131
456	-0.526474
457	-0.527618
458	-0.528992
459	-0.530426
460	-0.531738
461	-0.533218
462	-0.534470
463	-0.535706
464	-0.537064
465	-0.538422
466	-0.539780
467	-0.541138
468	-0.542206
469	-0.543167
470	-0.544266
471	-0.545288
472	-0.546066
473	-0.547058
474	-0.548096
475	-0.549316
476	-0.550583
477	-0.551773
478	-0.553085
479	-0.554382
480	-0.555573
481	-0.556824
482	-0.558121
483	-0.559555
484	-0.560913
485	-0.562057
486	-0.563126
487	-0.564346
488	-0.565598
489	-0.566742
490	-0.567871
491	-0.569183
492	-0.570648
493	-0.572067
494	-0.573502
495	-0.574707
496	-0.576126
497	-0.577423
498	-0.578537
499	-0.579620
500	-0.580704
501	-0.581787
502	-0.583038
503	-0.584213
504	-0.585403
505	-0.586426
506	-0.587341
507	-0.588409
508	-0.589508
509	-0.590622
510	-0.591721
511	-0.592957
512	-0.594086
513	-0.595184
514	-0.596298
515	-0.597351
516	-0.598480
517	-0.599304
518	-0.600220
519	-0.601227
520	-0.602264
521	-0.603439
522	-0.604721
523	-0.606049
524	-0.607361
525	-0.608551
526	-0.609573
527	-0.610596
528	-0.611740
529	-0.612900
530	-0.613937
531	-0.614944
532	-0.615997
533	-0.616989
534	-0.617996
535	-0.618988
536	-0.620056
537	-0.621124
538	-0.622147
539	-0.623001
540	-0.623932
541	-0.624924
542	-0.626007
543	-0.627075
544	-0.627975
545	-0.629089
546	-0.630142
547	-0.631119
548	-0.632080
549	-0.633102
550	-0.634232
551	-0.635284
552	-0.636169
553	-0.637192
554	-0.638168
555	-0.639221
556	-0.640411
557	-0.641403
558	-0.642441
559	-0.643417
560	-0.644562
561	-0.645844
562	-0.647018
563	-0.648071
564	-0.649185
565	-0.650116
566	-0.651245
567	-0.652451
568	-0.653519
569	-0.654556
570	-0.655487
571	-0.656372
572	-0.657288
573	-0.658310
574	-0.659271
575	-0.660339
576	-0.661301
577	-0.662262
578	-0.663269
579	-0.664246
580	-0.665192
581	-0.666306
582	-0.667419
583	-0.668365
584	-0.669296
585	-0.670380
586	-0.671509
587	-0.672470
588	-0.673355
589	-0.674316
590	-0.675247
591	-0.676270
592	-0.677338
593	-0.678543
594	-0.679718
595	-0.680923
596	-0.681976
597	-0.682907
598	-0.683838
599	-0.684830
600	-0.685715
601	-0.686829
602	-0.688019
603	-0.689133
604	-0.690231
605	-0.691223
606	-0.692245
607	-0.693298
608	-0.694244
609	-0.695145
610	-0.696213
611	-0.697235
612	-0.698120
613	-0.699158
614	-0.700150
615	-0.701126
616	-0.702133
617	-0.703171
618	-0.704254
619	-0.705276
620	-0.706223
621	-0.707214
622	-0.708038
623	-0.709015
624	-0.710098
625	-0.711304
626	-0.712387
627	-0.713486
628	-0.714706
629	-0.715851
630	-0.716980
631	-0.717987
632	-0.718933
633	-0.720062
634	-0.721252
635	-0.722366
636	-0.723694
637	-0.724792
638	-0.725922
639	-0.726898
640	-0.728043
641	-0.729340
642	-0.730637
643	-0.732040
644	-0.733353
645	-0.734604
646	-0.735886
647	-0.737106
648	-0.738251
649	-0.739426
650	-0.740570
651	-0.741806
652	-0.742981
653	-0.744095
654	-0.745270
655	-0.746521
656	-0.747726
657	-0.748962
658	-0.750381
659	-0.751831
660	-0.753235
661	-0.754730
662	-0.756241
663	-0.757751
664	-0.759277
665	-0.760712
666	-0.761978
667	-0.763184
668	-0.764359
669	-0.765518
670	-0.766861
671	-0.768387
672	-0.769745
673	-0.771088
674	-0.772232
675	-0.773544
676	-0.774933
677	-0.776337
678	-0.777863
679	-0.779205
680	-0.780594
681	-0.781998
682	-0.783325
683	-0.784698
684	-0.786026
685	-0.787125
686	-0.788254
687	-0.789322
688	-0.790314
689	-0.791321
690	-0.792374
691	-0.793442
692	-0.794617
693	-0.795731
694	-0.796814
695	-0.797791
696	-0.798737
697	-0.799850
698	-0.800949
699	-0.801971
700	-0.803101
701	-0.804245
702	-0.805374
703	-0.806580
704	-0.807693
705	-0.808823
706	-0.810028
707	-0.811340
708	-0.812653
709	-0.813950
710	-0.815247
711	-0.816422
712	-0.817535
713	-0.818558
714	-0.819641
715	-0.820663
716	-0.821823
717	-0.822845
718	-0.823853
719	-0.824905
720	-0.825943
721	-0.826935
722	-0.827789
723	-0.828583
724	-0.829330
725	-0.830093
726	-0.830872
727	-0.831711
728	-0.832672
729	-0.833725
730	-0.834717
731	-0.835709
732	-0.836609
733	-0.837570
734	-0.838501
735	-0.839478
736	-0.840469
737	-0.841400
738	-0.842468
739	-0.843628
740	-0.844666
741	-0.845901
742	-0.846878
743	-0.848083
744	-0.849258
745	-0.850372
746	-0.851654
747	-0.852859
748	-0.854126
749	-0.855392
750	-0.856689
751	-0.857895
752	-0.859192
753	-0.860367
754	-0.861450
755	-0.862701
756	-0.863907
757	-0.864960
758	-0.866043
759	-0.867050
760	-0.868042
761	-0.869141
762	-0.870209
763	-0.871490
764	-0.872757
765	-0.874115
766	-0.875366
767	-0.876389
768	-0.877655
769	-0.878998
770	-0.880127
771	-0.881317
772	-0.882538
773	-0.883682
774	-0.884842
775	-0.885834
776	-0.886795
777	-0.887695
778	-0.888657
779	-0.889603
780	-0.890549
781	-0.891571
782	-0.892502
783	-0.893448
784	-0.894485
785	-0.895493
786	-0.896637
787	-0.897659
788	-0.898621
789	-0.899521
790	-0.900589
791	-0.901779
792	-0.902847
793	-0.903915
794	-0.904922
795	-0.905960
796	-0.907059
797	-0.908066
798	-0.909225
799	-0.910416
800	-0.911560
801	-0.912735
802	-0.913803
803	-0.914917
804	-0.915863
805	-0.916855
806	-0.917801
807	-0.918823
808	-0.919968
809	-0.921082
810	-0.922241
811	-0.923248
812	-0.924377
813	-0.925583
814	-0.926697
815	-0.927826
816	-0.929016
817	-0.930069
818	-0.931351
819	-0.932617
820	-0.933777
821	-0.934952
822	-0.935959
823	-0.936890
824	-0.937698
825	-0.938690
826	-0.939667
827	-0.940796
828	-0.941879
829	-0.942963
830	-0.944077
831	-0.945312
832	-0.946640
833	-0.947952
834	-0.949188
835	-0.950531
836	-0.951569
837	-0.952820
838	-0.954010
839	-0.955032
840	-0.956055
841	-0.957092
842	-0.958145
843	-0.959152
844	-0.960297
845	-0.961395
846	-0.962524
847	-0.963608
848	-0.964600
849	-0.965744
850	-0.966949
851	-0.968094
852	-0.968979
853	-0.969971
854	-0.970963
855	-0.971924
856	-0.972870
857	-0.973877
858	-0.974899
859	-0.975983
860	-0.976990
861	-0.978180
862	-0.979233
863	-0.980133
864	-0.981186
865	-0.982224
866	-0.983276
867	-0.984375
868	-0.985535
869	-0.986710
870	-0.987869
871	-0.989059
872	-0.990311
873	-0.991516
874	-0.992584
875	-0.993744
876	-0.994873
877	-0.995941
878	-0.996918
879	-0.998016
880	-0.999008
881	-1.000000
882	-1.000839
883	-1.001694
884	-1.002563
885	-1.003494
886	-1.004364
887	-1.005142
888	-1.005981
889	-1.006882
890	-1.007843
891	-1.008743
892	-1.009521
893	-1.010300
894	-1.011185
895	-1.012100
896	-1.012848
897	-1.013626
898	-1.014404
899	-1.015244
900	-1.016144
901	-1.017029
902	-1.017807
903	-1.018524
904	-1.019302
905	-1.019974
906	-1.020706
907	-1.021606
908	-1.022446
909	-1.023590
910	-1.024765
911	-1.025787
912	-1.026794
913	-1.027679
914	-1.028488
915	-1.029449
916	-1.030457
917	-1.031693
918	-1.032745
919	-1.033905
920	-1.035019
921	-1.036057
922	-1.037094
923	-1.038071
924	-1.039185
925	-1.040115
926	-1.041092
927	-1.042038
928	-1.043030
929	-1.044037
930	-1.045090
931	-1.046127
932	-1.046982
933	-1.047943
934	-1.048950
935	-1.050125
936	-1.051208
937	-1.052307
938	-1.053284
939	-1.054337
940	-1.055527
941	-1.056732
942	-1.057999
943	-1.059341
944	-1.060684
945	-1.061874
946	-1.062973
947	-1.064041
948	-1.065170
949	-1.066467
950	-1.067703
951	-1.069061
952	-1.070404
953	-1.071701
954	-1.072983
955	-1.074402
956	-1.075729
957	-1.076904
958	-1.078094
959	-1.079422
960	-1.080688
961	-1.081802
962	-1.082962
963	-1.084198
964	-1.085495
965	-1.086746
966	-1.088211
967	-1.089432
968	-1.090744
969	-1.091980
970	-1.093246
971	-1.094360
972	-1.095474
973	-1.096603
974	-1.097794
975	-1.098907
976	-1.099930
977	-1.100830
978	-1.101761
979	-1.102859
980	-1.103943
981	-1.104919
982	-1.105820
983	-1.106781
984	-1.107605
985	-1.108536
986	-1.109528
987	-1.110504
988	-1.111404
989	-1.112259
990	-1.113022
991	-1.113831
992	-1.114655
993	-1.115463
994	-1.116394
995	-1.117279
996	-1.118240
997	-1.119110
998	-1.119965
999	-1.120712
1000	-1.121490
1001	-1.122284
1002	-1.123093
1003	-1.124008
1004	-1.124969
1005	-1.125961
1006	-1.126846
1007	-1.127640
1008	-1.128525
1009	-1.129364
1010	-1.130188
1011	-1.131042
1012	-1.132004
1013	-1.132980
1014	-1.134064
1015	-1.134964
1016	-1.136032
1017	-1.137024
1018	-1.137924
1019	-1.138809
1020	-1.139587
1021	-1.140503
1022	-1.141327
1023	-1.142334
