TimeStep	Mean Squared Displacement
0.000000	0.000000
0.010000	0.000045
0.020000	0.000595
0.030000	0.003314
0.040000	0.012266
0.050000	0.035451
0.060000	0.086627
0.070000	0.187284
0.080000	0.368671
0.090000	0.673739
0.100000	1.158875
0.110000	1.895298
0.120000	2.970007
0.130000	4.486166
0.140000	6.562866
0.150000	9.334182
0.160000	12.947519
0.170000	17.561228
0.180000	23.341537
0.190000	30.458843
0.200000	39.083477
0.210000	49.381027
0.220000	61.507399
0.230000	75.603730
0.240000	91.791364
0.250000	110.167059
0.260000	130.798628
0.270000	153.721264
0.280000	178.934915
0.290000	206.403623
0.300000	236.060197
0.310000	267.832827
0.320000	301.646585
0.330000	337.401468
0.340000	374.968746
0.350000	414.155031
0.360000	454.711289
0.370000	496.352646
0.380000	538.766558
0.390000	581.619518
0.400000	624.563785
0.410000	667.244384
0.420000	709.306305
0.430000	750.401752
0.440000	790.197266
0.450000	828.380543
0.460000	864.666757
0.470000	898.804241
0.480000	930.579369
0.490000	959.820544
0.500000	986.401193
0.510000	1010.241720
0.520000	1031.310410
0.530000	1049.623286
0.540000	1065.242972
0.550000	1078.276641
0.560000	1088.873138
0.570000	1097.219413
0.580000	1103.536362
0.590000	1108.074222
0.600000	1111.107563
0.610000	1112.929788
0.620000	1113.846412
0.630000	1114.163680
0.640000	1114.150124
0.650000	1114.002446
0.660000	1113.910354
0.670000	1114.067833
0.680000	1114.714196
0.690000	1116.145589
0.700000	1118.670990
0.710000	1122.597339
0.720000	1128.224631
0.730000	1135.843619
0.740000	1145.734536
0.750000	1158.166283
0.760000	1173.395843
0.770000	1191.667744
0.780000	1213.213442
0.790000	1238.250519
0.800000	1266.981608
0.810000	1299.592978
0.820000	1336.252737
0.830000	1377.108644
0.840000	1422.285534
0.850000	1471.882397
0.860000	1525.969184
0.870000	1584.583426
0.880000	1647.726787
0.890000	1715.361673
0.900000	1787.408072
0.910000	1863.740775
0.920000	1944.187178
0.930000	2028.525904
0.940000	2116.486663
0.950000	2207.752314
0.960000	2301.966758
0.970000	2398.767602
0.980000	2497.863633
0.990000	2598.992552
1.000000	2701.849434
1.010000	2806.073327
1.020000	2911.172683
1.030000	3016.583578
1.040000	3121.709514
1.050000	3225.937503
1.060000	3328.649613
1.070000	3429.233386
1.080000	3527.091920
1.090000	3621.653717
1.100000	3712.382206
1.110000	3798.784784
1.120000	3880.421180
1.130000	3956.910983
1.140000	4027.940147
1.150000	4093.266350
1.160000	4152.723095
1.170000	4206.222469
1.180000	4253.756524
1.190000	4295.397276
1.200000	4331.295354
1.210000	4361.677362
1.220000	4386.842048
1.230000	4407.155398
1.240000	4423.044797
1.250000	4434.992364
1.260000	4443.527580
1.270000	4449.219131
1.280000	4452.665467
1.290000	4454.481537
1.300000	4455.268328
1.310000	4455.505976
1.320000	4455.576980
1.330000	4455.861343
1.340000	4456.767192
1.350000	4458.814844
1.360000	4462.598857
1.370000	4468.727670
1.380000	4477.800068
1.390000	4490.395224
1.400000	4507.066707
1.410000	4528.338137
1.420000	4554.699697
1.430000	4586.605163
1.440000	4624.469248
1.450000	4668.665133
1.460000	4719.522093
1.470000	4777.323127
1.480000	4842.302555
1.490000	4914.643555
1.500000	4994.475617
1.510000	5081.871969
1.520000	5176.846989
1.530000	5279.353697
1.540000	5389.281404
1.550000	5506.453644
1.560000	5630.626504
1.570000	5761.487515
1.580000	5898.655254
1.590000	6041.679877
1.600000	6190.044905
1.610000	6343.170994
1.620000	6500.424069
1.630000	6661.140144
1.640000	6824.713159
1.650000	6990.656306
1.660000	7158.517499
1.670000	7327.772116
1.680000	7497.787270
1.690000	7667.764742
1.700000	7836.833216
1.710000	8004.096557
1.720000	8168.655537
1.730000	8329.623552
1.740000	8486.140431
1.750000	8637.385387
1.760000	8782.589316
1.770000	8921.046401
1.780000	9052.124854
1.790000	9175.276642
1.800000	9290.045988
1.810000	9396.076508
1.820000	9493.116835
1.830000	9581.024632
1.840000	9659.768924
1.850000	9729.430719
1.860000	9790.201941
1.870000	9842.382706
1.880000	9886.377036
1.890000	9922.687132
1.900000	9951.906315
1.910000	9974.710815
1.920000	9991.850493
1.930000	10004.138543
1.940000	10012.439887
1.950000	10017.656757
1.960000	10020.704540
1.970000	10022.432364
1.980000	10023.497399
1.990000	10024.474122
2.000000	10025.937960
2.010000	10028.550505
2.020000	10033.123622
2.030000	10040.544494
2.040000	10051.709123
2.050000	10067.493733
2.060000	10088.740697
2.070000	10116.249213
2.080000	10150.768124
2.090000	10192.989930
2.100000	10243.545609
2.110000	10303.000028
2.120000	10371.847808
2.130000	10450.509557
2.140000	10539.328408
2.150000	10638.566816
2.160000	10748.403616
2.170000	10868.931326
2.180000	11000.153746
2.190000	11141.983889
2.200000	11294.242331
2.210000	11456.656058
2.220000	11628.857929
2.230000	11810.386871
2.240000	12000.688959
2.250000	12199.119543
2.260000	12404.946696
2.270000	12617.356507
2.280000	12835.461758
2.290000	13058.320318
2.300000	13285.005044
2.310000	13514.698663
2.320000	13746.743183
2.330000	13980.462551
2.340000	14215.100792
2.350000	14449.721069
2.360000	14683.223399
2.370000	14914.440644
2.380000	15142.192014
2.390000	15365.309032
2.400000	15582.654866
2.410000	15793.141221
2.420000	15995.743901
2.430000	16189.517335
2.440000	16373.608027
2.450000	16547.266788
2.460000	16709.859570
2.470000	16860.876731
2.480000	16999.940572
2.490000	17126.811006
2.500000	17241.389275
2.510000	17343.719660
2.520000	17433.989154
2.530000	17512.525155
2.540000	17579.791218
2.550000	17636.380986
2.560000	17683.010427
2.570000	17720.508525
2.580000	17749.806562
2.590000	17771.926073
2.600000	17787.965328
2.610000	17799.083453
2.620000	17806.478306
2.630000	17811.333887
2.640000	17814.682087
2.650000	17817.366968
2.660000	17820.143367
2.670000	17823.816933
2.680000	17829.332471
2.690000	17837.794623
2.700000	17850.373282
2.710000	17868.237903
2.720000	17892.525760
2.730000	17924.324511
2.740000	17964.659910
2.750000	18014.486035
2.760000	18074.677021
2.770000	18146.019876
2.780000	18229.208156
2.790000	18324.836367
2.800000	18433.395015
2.810000	18555.266250
2.820000	18690.720072
2.830000	18839.911105
2.840000	19002.875947
2.850000	19179.531132
2.860000	19369.671765
2.870000	19572.970902
2.880000	19788.979760
2.890000	20017.128868
2.900000	20256.730285
2.910000	20506.981022
2.920000	20766.967902
2.930000	21035.674267
2.940000	21311.989615
2.950000	21594.726268
2.960000	21882.664053
2.970000	22174.658727
2.980000	22469.714760
2.990000	22766.975802
3.000000	23065.535039
3.010000	23364.362109
3.020000	23662.215596
3.030000	23957.701969
3.040000	24249.371857
3.050000	24535.776318
3.060000	24815.496095
3.070000	25087.164077
3.080000	25349.484919
3.090000	25601.252963
3.100000	25841.368726
3.110000	26068.853955
3.120000	26282.865087
3.130000	26482.704961
3.140000	26667.832600
3.150000	26837.870902
3.160000	26992.612136
3.170000	27132.021141
3.180000	27256.236200
3.190000	27365.567578
3.200000	27460.493798
3.210000	27541.655698
3.220000	27609.848438
3.230000	27666.011558
3.240000	27711.217268
3.250000	27746.657048
3.260000	27773.626519
3.270000	27793.507992
3.280000	27807.748223
3.290000	27817.820565
3.300000	27825.118750
3.310000	27830.840536
3.320000	27836.012976
3.330000	27841.590443
3.340000	27848.652161
3.350000	27858.432952
3.360000	27872.318901
3.370000	27891.750162
3.380000	27918.154010
3.390000	27952.910998
3.400000	27997.334744
3.410000	28052.657058
3.420000	28120.015843
3.430000	28200.444787
3.440000	28294.864393
3.450000	28404.074147
3.460000	28528.745666
3.470000	28669.416785
3.480000	28826.486521
3.490000	29000.210902
3.500000	29190.699672
3.510000	29397.913885
3.520000	29621.664436
3.530000	29861.611589
3.540000	30117.265568
3.550000	30387.988315
3.560000	30672.996507
3.570000	30971.365969
3.580000	31282.037678
3.590000	31603.825696
3.600000	31935.427853
3.610000	32275.441817
3.620000	32622.399688
3.630000	32974.856573
3.640000	33331.476838
3.650000	33691.090140
3.660000	34052.614091
3.670000	34414.887311
3.680000	34776.584814
3.690000	35136.165509
3.700000	35491.953836
3.710000	35842.233276
3.720000	36185.304469
3.730000	36519.517110
3.740000	36843.295072
3.750000	37155.158432
3.760000	37453.743435
3.770000	37737.820680
3.780000	38006.311501
3.790000	38258.302394
3.800000	38493.057340
3.810000	38710.027836
3.820000	38908.860502
3.830000	39089.402141
3.840000	39251.702196
3.850000	39396.012561
3.860000	39522.784789
3.870000	39632.664740
3.880000	39726.484786
3.890000	39805.253703
3.900000	39870.144397
3.910000	39922.479567
3.920000	39963.715322
3.930000	39995.422322
3.940000	40019.262739
3.950000	40036.956071
3.960000	40050.203156
3.970000	40060.563340
3.980000	40069.404653
3.990000	40077.943906
4.000000	40087.378494
4.010000	40099.087118
4.020000	40114.585800
4.030000	40135.531290
4.040000	40163.619994
4.050000	40200.520425
4.060000	40247.837709
4.070000	40307.091116
4.080000	40379.696940
4.090000	40466.954365
4.100000	40570.033362
4.110000	40689.964179
4.120000	40827.628218
4.130000	40983.750181
4.140000	41158.891411
4.150000	41353.444409
4.160000	41567.628515
4.170000	41801.486757
4.180000	42054.883918
4.190000	42327.505843
4.200000	42618.860064
4.210000	42928.277821
4.220000	43254.917552
4.230000	43597.769994
4.240000	43955.665047
4.250000	44327.280701
4.260000	44711.154671
4.270000	45105.700566
4.280000	45509.235136
4.290000	45920.050197
4.300000	46336.502275
4.310000	46757.080214
4.320000	47180.442951
4.330000	47605.248794
4.340000	48030.063144
4.350000	48453.247292
4.360000	48872.969484
4.370000	49287.286020
4.380000	49694.229334
4.390000	50091.868285
4.400000	50478.342207
4.410000	50851.888292
4.420000	51210.865663
4.430000	51553.777088
4.440000	51879.288566
4.450000	52186.246739
4.460000	52473.694005
4.470000	52740.881167
4.480000	52987.277434
4.490000	53212.577668
4.500000	53416.706753
4.510000	53599.821048
4.520000	53762.306910
4.530000	53904.776328
4.540000	54028.059750
4.550000	54133.196217
4.560000	54221.420946
4.570000	54294.150476
4.580000	54352.965399
4.590000	54399.590397
4.600000	54435.870341
4.610000	54463.737935
4.620000	54485.155108
4.630000	54501.994227
4.640000	54515.976935
4.650000	54528.649035
4.660000	54541.427138
4.670000	54555.802569
4.680000	54573.453843
4.690000	54596.173119
4.700000	54625.877885
4.710000	54664.505785
4.720000	54713.949268
4.730000	54776.018612
4.740000	54852.417623
4.750000	54944.724600
4.760000	55054.376451
4.770000	55182.655050
4.780000	55330.675440
4.790000	55499.375668
4.800000	55689.508166
4.810000	55901.632594
4.820000	56136.110152
4.830000	56393.099349
4.840000	56672.553248
4.850000	56974.218225
4.860000	57297.634292
4.870000	57642.137057
4.880000	58006.861387
4.890000	58390.746890
4.900000	58792.545365
4.910000	59210.830473
4.920000	59644.010166
4.930000	60090.343256
4.940000	60547.964474
4.950000	61014.942877
4.960000	61489.363435
4.970000	61969.411362
4.980000	62453.400800
4.990000	62939.769455
5.000000	63426.889469
5.010000	63913.036741
5.020000	64396.268571
5.030000	64874.473692
5.040000	65345.455043
5.050000	65807.011092
5.060000	66256.998579
5.070000	66693.368283
5.080000	67114.194289
5.090000	67517.699785
5.100000	67902.280191
5.110000	68266.523836
5.120000	68609.230094
5.130000	68929.424879
5.140000	69226.373301
5.150000	69499.589353
5.160000	69748.842491
5.170000	69974.161029
5.180000	70175.832319
5.190000	70354.399716
5.200000	70510.656391
5.210000	70645.636090
5.220000	70760.600960
5.230000	70857.026555
5.240000	70936.584059
5.250000	71001.119545
5.260000	71052.629322
5.270000	71093.228300
5.280000	71125.100375
5.290000	71150.397136
5.300000	71171.161854
5.310000	71189.268723
5.320000	71206.441940
5.330000	71224.376154
5.340000	71244.857070
5.350000	71269.839875
5.360000	71301.396198
5.370000	71341.689924
5.380000	71392.883696
5.390000	71457.075143
5.400000	71536.258798
5.410000	71632.300320
5.420000	71746.915881
5.430000	71881.654810
5.440000	72037.884690
5.450000	72216.778530
5.460000	72419.303836
5.470000	72646.213467
5.480000	72898.038262
5.490000	73175.081398
5.500000	73477.414513
5.510000	73804.875596
5.520000	74157.068715
5.530000	74533.365606
5.540000	74932.909219
5.550000	75354.619311
5.560000	75797.200211
5.570000	76259.150992
5.580000	76738.778509
5.590000	77234.214411
5.600000	77743.439489
5.610000	78264.333174
5.620000	78794.744215
5.630000	79332.567675
5.640000	79875.814679
5.650000	80422.631810
5.660000	80971.171055
5.670000	81519.532501
5.680000	82065.684759
5.690000	82607.386386
5.700000	83142.259850
5.710000	83667.871047
5.720000	84181.803533
5.730000	84681.723571
5.740000	85165.417239
5.750000	85630.821220
5.760000	86076.049972
5.770000	86499.419947
5.780000	86899.471009
5.790000	87274.984968
5.800000	87625.001116
5.810000	87948.828565
5.820000	88246.055284
5.830000	88516.553696
5.840000	88760.482794
5.850000	88978.286736
5.860000	89170.689970
5.870000	89338.688952
5.880000	89483.540553
5.890000	89606.747281
5.900000	89710.039352
5.910000	89795.353477
5.920000	89864.807652
5.930000	89920.669693
5.940000	89965.312824
5.950000	90001.129968
5.960000	90030.440967
5.970000	90055.444973
5.980000	90078.183343
5.990000	90100.597093
6.000000	90124.682172
6.010000	90152.528544
6.020000	90186.358863
6.030000	90228.513874
6.040000	90281.387579
6.050000	90347.349757
6.060000	90428.682680
6.070000	90527.542415
6.080000	90645.931914
6.090000	90785.679122
6.100000	90948.418455
6.110000	91135.574922
6.120000	91348.350551
6.130000	91587.712964
6.140000	91854.386011
6.150000	92148.842445
6.160000	92471.298622
6.170000	92821.711256
6.180000	93199.776249
6.190000	93604.929660
6.200000	94036.350861
6.210000	94492.967974
6.220000	94973.465712
6.230000	95476.295826
6.240000	95999.690559
6.250000	96541.680037
6.260000	97100.116285
6.270000	97672.713943
6.280000	98257.124136
6.290000	98850.990630
6.300000	99452.044606
6.310000	100058.123584
6.320000	100667.141789
6.330000	101276.953248
6.340000	101885.374973
6.350000	102490.066890
6.360000	103088.502383
6.370000	103678.049613
6.380000	104256.058961
6.390000	104819.920294
6.400000	105367.133295
6.410000	105895.345519
6.420000	106402.384357
6.430000	106886.285218
6.440000	107345.316479
6.450000	107778.001279
6.460000	108183.136098
6.470000	108559.805952
6.480000	108907.396072
6.490000	109225.599918
6.500000	109514.423461
6.510000	109774.185662
6.520000	110005.515176
6.530000	110209.343301
6.540000	110386.893289
6.550000	110539.666075
6.560000	110669.422507
6.570000	110778.161956
6.580000	110868.096741
6.590000	110941.620618
6.600000	111001.266736
6.610000	111049.631620
6.620000	111089.282837
6.630000	111122.704951
6.640000	111152.259804
6.650000	111180.184212
6.660000	111208.708696
6.670000	111240.105237
6.680000	111276.760138
6.690000	111321.159387
6.700000	111375.897851
6.710000	111443.581380
6.720000	111526.766432
6.730000	111627.896848
6.740000	111749.264956
6.750000	111892.983828
6.760000	112060.964439
6.770000	112254.896287
6.780000	112476.230840
6.790000	112726.167526
6.800000	113005.642116
6.810000	113315.317442
6.820000	113655.576429
6.830000	114026.517452
6.840000	114427.952033
6.850000	114859.404927
6.860000	115320.116661
6.870000	115809.048581
6.880000	116324.890546
6.890000	116866.071441
6.900000	117430.772868
6.910000	118016.946835
6.920000	118622.339621
6.930000	119244.528673
6.940000	119880.995762
6.950000	120529.160381
6.960000	121186.508983
6.970000	121850.600229
6.980000	122519.070062
6.990000	123189.527888
7.000000	123859.560829
7.010000	124526.679677
7.020000	125188.236315
7.030000	125841.444904
7.040000	126483.439363
7.050000	127111.367288
7.060000	127722.448847
7.070000	128314.043849
7.080000	128883.690369
7.090000	129429.137527
7.100000	129948.374310
7.110000	130439.654849
7.120000	130901.520219
7.130000	131332.816647
7.140000	131732.709989
7.150000	132100.696337
7.160000	132436.608646
7.170000	132740.619300
7.180000	133013.238603
7.190000	133255.309216
7.200000	133467.996589
7.210000	133652.775481
7.220000	133811.412601
7.230000	133945.945293
7.240000	134058.655778
7.250000	134152.039516
7.260000	134228.764348
7.270000	134291.605917
7.280000	134343.347989
7.290000	134386.741812
7.300000	134424.426863
7.310000	134458.939173
7.320000	134492.759523
7.330000	134528.418417
7.340000	134568.482876
7.350000	134615.616429
7.360000	134672.557577
7.370000	134742.132542
7.380000	134827.137833
7.390000	134930.293157
7.400000	135054.177926
7.410000	135201.192506
7.420000	135373.529956
7.430000	135573.152563
7.440000	135801.771927
7.450000	136060.832074
7.460000	136351.495324
7.470000	136674.630823
7.480000	137030.805680
7.490000	137420.278695
7.500000	137842.996708
7.510000	138298.593597
7.520000	138786.391972
7.530000	139305.407639
7.540000	139854.356951
7.550000	140431.667198
7.560000	141035.490390
7.570000	141663.721134
7.580000	142314.020483
7.590000	142983.851247
7.600000	143670.548079
7.610000	144371.341934
7.620000	145083.487945
7.630000	145804.283736
7.640000	146531.078459
7.650000	147261.259083
7.660000	147992.157207
7.670000	148721.066508
7.680000	149445.200869
7.690000	150161.616651
7.700000	150867.279775
7.710000	151559.112517
7.720000	152234.089347
7.730000	152889.289051
7.740000	153521.962490
7.750000	154129.571473
7.760000	154709.821956
7.770000	155260.693086
7.780000	155780.462398
7.790000	156267.727167
7.800000	156721.421820
7.810000	157140.831259
7.820000	157525.599972
7.830000	157875.736841
7.840000	158191.615596
7.850000	158473.970906
7.860000	158723.890155
7.870000	158942.800949
7.880000	159132.454395
7.890000	159294.904072
7.900000	159432.480247
7.910000	159547.758083
7.920000	159643.517322
7.930000	159722.684755
7.940000	159788.230328
7.950000	159843.123651
7.960000	159890.272371
7.970000	159932.512965
7.980000	159972.596926
7.990000	160013.311042
8.000000	160057.437385
8.010000	160107.836160
8.020000	160167.440353
8.030000	160239.227987
8.040000	160326.237725
8.050000	160431.431860
8.060000	160557.666267
8.070000	160707.626325
8.080000	160883.788641
8.090000	161088.392586
8.100000	161323.416543
8.110000	161590.557822
8.120000	161891.215772
8.130000	162226.477908
8.140000	162597.108944
8.150000	163003.542715
8.160000	163445.876980
8.170000	163923.871146
8.180000	164436.946943
8.190000	164984.192130
8.200000	165564.367331
8.210000	166175.916154
8.220000	166816.978926
8.230000	167485.410691
8.240000	168178.805107
8.250000	168894.529128
8.260000	169629.788517
8.270000	170381.653971
8.280000	171147.171971
8.290000	171923.403692
8.300000	172707.445954
8.310000	173496.432678
8.320000	174287.437181
8.330000	175077.518540
8.340000	175863.677191
8.350000	176642.827453
8.360000	177411.752401
8.370000	178167.196549
8.380000	178905.895809
8.390000	179624.680383
8.400000	180320.520193
8.410000	180990.592091
8.420000	181632.318787
8.430000	182243.402069
8.440000	182821.851617
8.450000	183366.009647
8.460000	183874.571357
8.470000	184346.601063
8.480000	184781.543901
8.490000	185179.232974
8.500000	185539.891892
8.510000	185864.132656
8.520000	186152.948918
8.530000	186407.704640
8.540000	186630.118169
8.550000	186822.241652
8.560000	186986.435339
8.570000	187125.335611
8.580000	187241.814817
8.590000	187338.926005
8.600000	187419.802876
8.610000	187487.615732
8.620000	187545.513194
8.630000	187596.607034
8.640000	187643.916592
8.650000	187690.473482
8.660000	187739.344832
8.670000	187793.585932
8.680000	187856.334633
8.690000	187930.769364
8.700000	188020.099446
8.710000	188127.544473
8.720000	188256.203637
8.730000	188409.037807
8.740000	188588.804649
8.750000	188798.021187
8.760000	189038.935471
8.770000	189313.502912
8.780000	189623.366384
8.790000	189969.839743
8.800000	190353.894591
8.810000	190776.150214
8.820000	191236.866697
8.830000	191735.941213
8.840000	192272.907542
8.850000	192846.938869
8.860000	193456.853976
8.870000	194101.126967
8.880000	194777.900854
8.890000	195485.005614
8.900000	196219.982219
8.910000	196980.117253
8.920000	197762.506416
8.930000	198564.079595
8.940000	199381.697069
8.950000	200212.204324
8.960000	201052.463461
8.970000	201899.335273
8.980000	202749.665880
8.990000	203600.263238
9.000000	204447.884779
9.010000	205289.255472
9.020000	206120.996989
9.030000	206939.646102
9.040000	207741.749877
9.050000	208523.889958
9.060000	209282.785644
9.070000	210015.335605
9.080000	210718.682434
9.090000	211390.251587
9.100000	212027.784175
9.110000	212629.365055
9.120000	213193.446422
9.130000	213718.866827
9.140000	214204.865525
9.150000	214651.092044
9.160000	215057.610871
9.170000	215424.901222
9.180000	215753.851878
9.190000	216045.751097
9.200000	216302.271605
9.210000	216525.450546
9.220000	216717.663924
9.230000	216881.594406
9.240000	217020.191120
9.250000	217136.616472
9.260000	217234.148066
9.270000	217316.152267
9.280000	217385.982070
9.290000	217446.984810
9.300000	217502.473997
9.310000	217555.733071
9.320000	217610.071044
9.330000	217668.811338
9.340000	217735.296593
9.350000	217812.903416
9.360000	217905.045196
9.370000	218015.131748
9.380000	218146.531627
9.390000	218302.447077
9.400000	218485.907600
9.410000	218699.704450
9.420000	218946.354400
9.430000	219228.071906
9.440000	219546.745914
9.450000	219903.920575
9.460000	220300.779578
9.470000	220738.133990
9.480000	221216.413536
9.490000	221735.661358
9.500000	222295.532247
9.510000	222895.294438
9.520000	223533.835050
9.530000	224209.669334
9.540000	224920.954038
9.550000	225665.505507
9.560000	226440.823921
9.570000	227244.128425
9.580000	228072.419532
9.590000	228922.501483
9.600000	229791.063643
9.610000	230674.762141
9.620000	231570.228061
9.630000	232474.079748
9.640000	233382.935061
9.650000	234293.346101
9.660000	235201.820187
9.670000	236104.846887
9.680000	236998.857308
9.690000	237880.215998
9.700000	238745.247951
9.710000	239590.341781
9.720000	240411.956895
9.730000	241206.737935
9.740000	241971.555453
9.750000	242703.563014
9.760000	243400.235851
9.770000	244059.402736
9.780000	244679.272825
9.790000	245258.457631
9.800000	245795.988058
9.810000	246291.326414
9.820000	246744.373288
9.830000	247155.469235
9.840000	247525.391241
9.850000	247855.343949
9.860000	248146.945615
9.870000	248402.208636
9.880000	248623.514106
9.890000	248813.579323
9.900000	248975.417544
9.910000	249112.286730
9.920000	249227.594187
9.930000	249324.865952
9.940000	249407.652366
9.950000	249479.520297
9.960000	249544.050275
9.970000	249604.774825
9.980000	249665.261249
9.990000	249729.100924
