2.834545455
2.823454545
2.855454545
2.843727273
2.829636364
2.871363636
2.853454545
2.872181818
2.866454545
2.870818182
2.905727273
2.923181818
2.914090909
2.919636364
2.967909091
2.953272727
2.945454545
3.001727273
3.019545455
3.008636364
3.039181818
3.052818182
3.064454545
3.082
3.098090909
3.128090909
3.138181818
3.134272727
3.188909091
3.202545455
3.212272727
3.231181818
3.253636364
3.282636364
3.267454545
3.311272727
3.334181818
3.341909091
3.368
3.370909091
3.363909091
3.422636364
3.410545455
3.435818182
3.469090909
3.479090909
3.483454545
3.485818182
3.495454545
3.493181818
3.521636364
3.516545455
3.550363636
3.555454545
3.561909091
3.580545455
3.590727273
3.586363636
3.618272727
3.618818182
3.617363636
3.629
3.642363636
3.655545455
3.665818182
3.640454545
3.668545455
3.674
3.695909091
3.705090909
3.683181818
3.698
3.702454545
3.708636364
3.731090909
3.715818182
3.725363636
3.733272727
3.732727273
3.742818182
3.755363636
3.743545455
3.759181818
3.744363636
3.741545455
3.763818182
3.762818182
3.770363636
3.764909091
3.772454545
3.785181818
3.776090909
3.780181818
3.783909091
3.767909091
3.787181818
3.779
3.791727273
3.796818182
3.8
