2.752454545
2.760636364
2.765181818
2.743272727
2.746363636
2.755909091
2.742727273
2.749909091
2.770909091
2.757818182
2.763
2.757090909
2.770727273
2.761909091
2.803181818
2.797272727
2.806545455
2.805272727
2.831272727
2.828636364
2.852090909
2.858090909
2.859727273
2.874363636
2.891545455
2.904181818
2.914727273
2.934363636
2.930181818
2.953090909
2.965090909
2.962454545
2.988272727
2.988090909
3.005818182
3.002454545
3.019454545
3.039
3.057818182
3.087272727
3.072272727
3.097272727
3.125272727
3.107181818
3.149181818
3.135090909
3.135545455
3.159545455
3.161818182
3.170545455
3.207272727
3.218454545
3.215909091
3.225
3.230545455
3.243181818
3.252363636
3.258636364
3.261454545
3.278181818
3.283818182
3.279090909
3.309090909
3.309181818
3.327727273
3.311909091
3.319181818
3.33
3.332181818
3.344636364
3.340272727
3.367818182
3.352727273
3.375272727
3.365363636
3.377
3.363636364
3.398272727
3.403454545
3.409272727
3.405727273
3.412454545
3.418090909
3.436545455
3.425363636
3.440454545
3.433818182
3.426090909
3.444
3.433363636
3.438090909
3.432727273
3.446181818
3.438454545
3.439636364
3.460727273
3.465272727
3.457363636
3.461090909
3.462545455
