1.382590574e+15
1.379815932e+15
1.379734665e+15
1.378085944e+15
1.378064563e+15
1.37805249e+15
1.378051414e+15
1.378051283e+15
1.378051233e+15
1.378051229e+15
1.378051218e+15
1.378051215e+15
1.378051213e+15
1.378051212e+15
1.378051211e+15
1.37805121e+15
1.378051209e+15
1.378051209e+15
1.378051208e+15
1.378051208e+15
1.378051208e+15
1.378051208e+15
1.378051208e+15
1.378051208e+15
1.378051208e+15
1.378051208e+15
1.378051208e+15
1.378051208e+15
1.378051208e+15
1.378051208e+15
1.378051208e+15
1.378051208e+15
1.378051208e+15
1.378051208e+15
1.378051208e+15
1.378051208e+15
1.378051208e+15
1.378051208e+15
1.378051208e+15
1.378051208e+15
1.378051208e+15
1.378051208e+15
1.378051208e+15
1.378051208e+15
1.378051208e+15
1.378051208e+15
1.378051208e+15
1.378051208e+15
1.378051208e+15
1.378051208e+15
1.378051208e+15
1.378051208e+15
1.378051208e+15
1.378051208e+15
1.378051208e+15
1.378051208e+15
1.378051208e+15
1.378051208e+15
1.378051208e+15
1.378051208e+15
1.378051208e+15
1.378051208e+15
1.378051208e+15
1.378051208e+15
1.378051208e+15
1.378051208e+15
1.378051208e+15
1.378051208e+15
1.378051208e+15
1.378051208e+15
1.378051208e+15
1.378051208e+15
1.378051208e+15
1.378051208e+15
1.378051208e+15
1.378051208e+15
1.378051208e+15
1.378051208e+15
1.378051208e+15
1.378051208e+15
1.378051208e+15
1.378051208e+15
1.378051208e+15
1.378051208e+15
1.378051208e+15
1.378051208e+15
1.378051208e+15
1.378051208e+15
1.378051208e+15
1.378051208e+15
1.378051208e+15
1.378051208e+15
1.378051208e+15
1.378051208e+15
1.378051208e+15
1.378051208e+15
1.378051208e+15
1.378051208e+15
1.378051208e+15
1.378051208e+15
