8.339418859e+16
8.339142263e+16
8.339084061e+16
8.339078925e+16
8.339078349e+16
8.339077991e+16
8.339077927e+16
8.339077914e+16
8.339077908e+16
8.339077907e+16
8.339077905e+16
8.339077901e+16
8.339077901e+16
8.339077901e+16
8.339077901e+16
8.339077901e+16
8.339077901e+16
8.339077901e+16
8.339077901e+16
8.339077901e+16
8.339077901e+16
8.339077901e+16
8.339077901e+16
8.339077901e+16
8.339077901e+16
8.339077901e+16
8.339077901e+16
8.339077901e+16
8.339077901e+16
8.339077901e+16
8.339077901e+16
8.339077901e+16
8.339077901e+16
8.339077901e+16
8.339077901e+16
8.339077901e+16
8.339077901e+16
8.339077901e+16
8.339077901e+16
8.339077901e+16
8.339077901e+16
8.339077901e+16
8.339077901e+16
8.339077901e+16
8.339077901e+16
8.339077901e+16
8.339077901e+16
8.339077901e+16
8.339077901e+16
8.339077901e+16
8.339077901e+16
8.339077901e+16
8.339077901e+16
8.339077901e+16
8.339077901e+16
8.339077901e+16
8.339077901e+16
8.339077901e+16
8.339077901e+16
8.339077901e+16
8.339077901e+16
8.339077901e+16
8.339077901e+16
8.339077901e+16
8.339077901e+16
8.339077901e+16
8.339077901e+16
8.339077901e+16
8.339077901e+16
8.339077901e+16
8.339077901e+16
8.339077901e+16
8.339077901e+16
8.339077901e+16
8.339077901e+16
8.339077901e+16
8.339077901e+16
8.339077901e+16
8.339077901e+16
8.339077901e+16
8.339077901e+16
8.339077901e+16
8.339077901e+16
8.339077901e+16
8.339077901e+16
8.339077901e+16
8.339077901e+16
8.339077901e+16
8.339077901e+16
8.339077901e+16
8.339077901e+16
8.339077901e+16
8.339077901e+16
8.339077901e+16
8.339077901e+16
8.339077901e+16
8.339077901e+16
8.339077901e+16
8.339077901e+16
8.339077901e+16
