0.000000 0.000000 0.000000 0
0.010000 0.000100 0.010000 0
0.020000 0.000400 0.020000 0
0.030000 0.000900 0.030000 0
0.040000 0.001600 0.040000 0
0.050000 0.002500 0.050000 0
0.060000 0.003600 0.060000 0
0.070000 0.004900 0.070000 0
0.080000 0.006400 0.080000 0
0.090000 0.008100 0.090000 0
0.100000 0.010000 0.100000 0
0.110000 0.012100 0.110000 0
0.120000 0.014400 0.120000 0
0.130000 0.016900 0.130000 0
0.140000 0.019600 0.140000 0
0.150000 0.022500 0.150000 0
0.160000 0.025600 0.160000 0
0.170000 0.028900 0.170000 0
0.180000 0.032400 0.180000 0
0.190000 0.036100 0.190000 0
0.200000 0.040000 0.200000 0
0.210000 0.044100 0.210000 0
0.220000 0.048400 0.220000 0
0.230000 0.052900 0.230000 0
0.240000 0.057600 0.240000 0
0.250000 0.062500 0.250000 0
0.260000 0.067600 0.260000 0
0.270000 0.072900 0.270000 0
0.280000 0.078400 0.280000 0
0.290000 0.084100 0.290000 0
0.300000 0.090000 0.300000 0
0.310000 0.096100 0.310000 0
0.320000 0.102400 0.320000 0
0.330000 0.108900 0.330000 0
0.340000 0.115600 0.340000 0
0.350000 0.122500 0.350000 0
0.360000 0.129600 0.360000 0
0.370000 0.136900 0.370000 0
0.380000 0.144400 0.380000 0
0.390000 0.152100 0.390000 0
0.400000 0.160000 0.400000 0
0.410000 0.168100 0.410000 0
0.420000 0.176400 0.420000 0
0.430000 0.184900 0.430000 0
0.440000 0.193600 0.440000 0
0.450000 0.202500 0.450000 0
0.460000 0.211600 0.460000 0
0.470000 0.220900 0.470000 0
0.480000 0.230400 0.480000 0
0.490000 0.240100 0.490000 0
0.500000 0.250000 0.500000 0
0.510000 0.260100 0.510000 1
0.520000 0.270400 0.520000 1
0.530000 0.280900 0.530000 1
0.540000 0.291600 0.540000 1
0.550000 0.302500 0.550000 1
0.560000 0.313600 0.560000 1
0.570000 0.324900 0.570000 1
0.580000 0.336400 0.580000 1
0.590000 0.348100 0.590000 1
0.600000 0.360000 0.600000 1
0.610000 0.372100 0.610000 1
0.620000 0.384400 0.620000 1
0.630000 0.396900 0.630000 1
0.640000 0.409600 0.640000 1
0.650000 0.422500 0.650000 1
0.660000 0.435600 0.660000 1
0.670000 0.448900 0.670000 1
0.680000 0.462400 0.680000 1
0.690000 0.476100 0.690000 1
0.700000 0.490000 0.700000 1
0.710000 0.504100 0.710000 1
0.720000 0.518400 0.720000 1
0.730000 0.532900 0.730000 1
0.740000 0.547600 0.740000 1
0.750000 0.562500 0.750000 1
0.760000 0.577600 0.760000 1
0.770000 0.592900 0.770000 1
0.780000 0.608400 0.780000 1
0.790000 0.624100 0.790000 1
0.800000 0.640000 0.800000 1
0.810000 0.656100 0.810000 1
0.820000 0.672400 0.820000 1
0.830000 0.688900 0.830000 1
0.840000 0.705600 0.840000 1
0.850000 0.722500 0.850000 1
0.860000 0.739600 0.860000 1
0.870000 0.756900 0.870000 1
0.880000 0.774400 0.880000 1
0.890000 0.792100 0.890000 1
0.900000 0.810000 0.900000 1
0.910000 0.828100 0.910000 1
0.920000 0.846400 0.920000 1
0.930000 0.864900 0.930000 1
0.940000 0.883600 0.940000 1
0.950000 0.902500 0.950000 1
0.960000 0.921600 0.960000 1
0.970000 0.940900 0.970000 1
0.980000 0.960400 0.980000 1
0.990000 0.980100 0.990000 1
