0.000000 0.000000 0.000000 0 2.0
0.020000 0.000200 0.010000 0 2.0
0.040000 0.000800 0.020000 0 2.0
0.060000 0.001800 0.030000 0 2.0
0.080000 0.003200 0.040000 0 2.0
0.100000 0.005000 0.050000 0 2.0
0.120000 0.007200 0.060000 0 2.0
0.140000 0.009800 0.070000 0 2.0
0.160000 0.012800 0.080000 0 2.0
0.180000 0.016200 0.090000 0 2.0
0.200000 0.020000 0.100000 0 2.0
0.220000 0.024200 0.110000 0 2.0
0.240000 0.028800 0.120000 0 2.0
0.260000 0.033800 0.130000 0 2.0
0.280000 0.039200 0.140000 0 2.0
0.300000 0.045000 0.150000 0 2.0
0.320000 0.051200 0.160000 0 2.0
0.340000 0.057800 0.170000 0 2.0
0.360000 0.064800 0.180000 0 2.0
0.380000 0.072200 0.190000 0 2.0
0.400000 0.080000 0.200000 0 2.0
0.420000 0.088200 0.210000 0 2.0
0.440000 0.096800 0.220000 0 2.0
0.460000 0.105800 0.230000 0 2.0
0.480000 0.115200 0.240000 0 2.0
0.500000 0.125000 0.250000 0 2.0
0.520000 0.135200 0.260000 0 2.0
0.540000 0.145800 0.270000 0 2.0
0.560000 0.156800 0.280000 0 2.0
0.580000 0.168200 0.290000 0 2.0
0.600000 0.180000 0.300000 0 2.0
0.620000 0.192200 0.310000 0 2.0
0.640000 0.204800 0.320000 0 2.0
0.660000 0.217800 0.330000 0 2.0
0.680000 0.231200 0.340000 0 2.0
0.700000 0.245000 0.350000 0 2.0
0.720000 0.259200 0.360000 0 2.0
0.740000 0.273800 0.370000 0 2.0
0.760000 0.288800 0.380000 0 2.0
0.780000 0.304200 0.390000 0 2.0
0.800000 0.320000 0.400000 0 2.0
0.820000 0.336200 0.410000 0 2.0
0.840000 0.352800 0.420000 0 2.0
0.860000 0.369800 0.430000 0 2.0
0.880000 0.387200 0.440000 0 2.0
0.900000 0.405000 0.450000 0 2.0
0.920000 0.423200 0.460000 0 2.0
0.940000 0.441800 0.470000 0 2.0
0.960000 0.460800 0.480000 0 2.0
0.980000 0.480200 0.490000 0 2.0
1.000000 0.500000 0.500000 0 2.0
1.020000 0.520200 0.510000 1 2.0
1.040000 0.540800 0.520000 1 2.0
1.060000 0.561800 0.530000 1 2.0
1.080000 0.583200 0.540000 1 2.0
1.100000 0.605000 0.550000 1 2.0
1.120000 0.627200 0.560000 1 2.0
1.140000 0.649800 0.570000 1 2.0
1.160000 0.672800 0.580000 1 2.0
1.180000 0.696200 0.590000 1 2.0
1.200000 0.720000 0.600000 1 2.0
1.220000 0.744200 0.610000 1 2.0
1.240000 0.768800 0.620000 1 2.0
1.260000 0.793800 0.630000 1 2.0
1.280000 0.819200 0.640000 1 2.0
1.300000 0.845000 0.650000 1 2.0
1.320000 0.871200 0.660000 1 2.0
1.340000 0.897800 0.670000 1 2.0
1.360000 0.924800 0.680000 1 2.0
1.380000 0.952200 0.690000 1 2.0
1.400000 0.980000 0.700000 1 2.0
1.420000 1.008200 0.710000 1 2.0
1.440000 1.036800 0.720000 1 2.0
1.460000 1.065800 0.730000 1 2.0
1.480000 1.095200 0.740000 1 2.0
1.500000 1.125000 0.750000 1 2.0
1.520000 1.155200 0.760000 1 2.0
1.540000 1.185800 0.770000 1 2.0
1.560000 1.216800 0.780000 1 2.0
1.580000 1.248200 0.790000 1 2.0
1.600000 1.280000 0.800000 1 2.0
1.620000 1.312200 0.810000 1 2.0
1.640000 1.344800 0.820000 1 2.0
1.660000 1.377800 0.830000 1 2.0
1.680000 1.411200 0.840000 1 2.0
1.700000 1.445000 0.850000 1 2.0
1.720000 1.479200 0.860000 1 2.0
1.740000 1.513800 0.870000 1 2.0
1.760000 1.548800 0.880000 1 2.0
1.780000 1.584200 0.890000 1 2.0
1.800000 1.620000 0.900000 1 2.0
1.820000 1.656200 0.910000 1 2.0
1.840000 1.692800 0.920000 1 2.0
1.860000 1.729800 0.930000 1 2.0
1.880000 1.767200 0.940000 1 2.0
1.900000 1.805000 0.950000 1 2.0
1.920000 1.843200 0.960000 1 2.0
1.940000 1.881800 0.970000 1 2.0
1.960000 1.920800 0.980000 1 2.0
1.980000 1.960200 0.990000 1 2.0
