0.000000 0.000000 0.000000 0 0.9
0.009000 0.000090 0.010000 0 0.9
0.018000 0.000360 0.020000 0 0.9
0.027000 0.000810 0.030000 0 0.9
0.036000 0.001440 0.040000 0 0.9
0.045000 0.002250 0.050000 0 0.9
0.054000 0.003240 0.060000 0 0.9
0.063000 0.004410 0.070000 0 0.9
0.072000 0.005760 0.080000 0 0.9
0.081000 0.007290 0.090000 0 0.9
0.090000 0.009000 0.100000 0 0.9
0.099000 0.010890 0.110000 0 0.9
0.108000 0.012960 0.120000 0 0.9
0.117000 0.015210 0.130000 0 0.9
0.126000 0.017640 0.140000 0 0.9
0.135000 0.020250 0.150000 0 0.9
0.144000 0.023040 0.160000 0 0.9
0.153000 0.026010 0.170000 0 0.9
0.162000 0.029160 0.180000 0 0.9
0.171000 0.032490 0.190000 0 0.9
0.180000 0.036000 0.200000 0 0.9
0.189000 0.039690 0.210000 0 0.9
0.198000 0.043560 0.220000 0 0.9
0.207000 0.047610 0.230000 0 0.9
0.216000 0.051840 0.240000 0 0.9
0.225000 0.056250 0.250000 0 0.9
0.234000 0.060840 0.260000 0 0.9
0.243000 0.065610 0.270000 0 0.9
0.252000 0.070560 0.280000 0 0.9
0.261000 0.075690 0.290000 0 0.9
0.270000 0.081000 0.300000 0 0.9
0.279000 0.086490 0.310000 0 0.9
0.288000 0.092160 0.320000 0 0.9
0.297000 0.098010 0.330000 0 0.9
0.306000 0.104040 0.340000 0 0.9
0.315000 0.110250 0.350000 0 0.9
0.324000 0.116640 0.360000 0 0.9
0.333000 0.123210 0.370000 0 0.9
0.342000 0.129960 0.380000 0 0.9
0.351000 0.136890 0.390000 0 0.9
0.360000 0.144000 0.400000 0 0.9
0.369000 0.151290 0.410000 0 0.9
0.378000 0.158760 0.420000 0 0.9
0.387000 0.166410 0.430000 0 0.9
0.396000 0.174240 0.440000 0 0.9
0.405000 0.182250 0.450000 0 0.9
0.414000 0.190440 0.460000 0 0.9
0.423000 0.198810 0.470000 0 0.9
0.432000 0.207360 0.480000 0 0.9
0.441000 0.216090 0.490000 0 0.9
0.450000 0.225000 0.500000 0 0.9
0.459000 0.234090 0.510000 1 0.9
0.468000 0.243360 0.520000 1 0.9
0.477000 0.252810 0.530000 1 0.9
0.486000 0.262440 0.540000 1 0.9
0.495000 0.272250 0.550000 1 0.9
0.504000 0.282240 0.560000 1 0.9
0.513000 0.292410 0.570000 1 0.9
0.522000 0.302760 0.580000 1 0.9
0.531000 0.313290 0.590000 1 0.9
0.540000 0.324000 0.600000 1 0.9
0.549000 0.334890 0.610000 1 0.9
0.558000 0.345960 0.620000 1 0.9
0.567000 0.357210 0.630000 1 0.9
0.576000 0.368640 0.640000 1 0.9
0.585000 0.380250 0.650000 1 0.9
0.594000 0.392040 0.660000 1 0.9
0.603000 0.404010 0.670000 1 0.9
0.612000 0.416160 0.680000 1 0.9
0.621000 0.428490 0.690000 1 0.9
0.630000 0.441000 0.700000 1 0.9
0.639000 0.453690 0.710000 1 0.9
0.648000 0.466560 0.720000 1 0.9
0.657000 0.479610 0.730000 1 0.9
0.666000 0.492840 0.740000 1 0.9
0.675000 0.506250 0.750000 1 0.9
0.684000 0.519840 0.760000 1 0.9
0.693000 0.533610 0.770000 1 0.9
0.702000 0.547560 0.780000 1 0.9
0.711000 0.561690 0.790000 1 0.9
0.720000 0.576000 0.800000 1 0.9
0.729000 0.590490 0.810000 1 0.9
0.738000 0.605160 0.820000 1 0.9
0.747000 0.620010 0.830000 1 0.9
0.756000 0.635040 0.840000 1 0.9
0.765000 0.650250 0.850000 1 0.9
0.774000 0.665640 0.860000 1 0.9
0.783000 0.681210 0.870000 1 0.9
0.792000 0.696960 0.880000 1 0.9
0.801000 0.712890 0.890000 1 0.9
0.810000 0.729000 0.900000 1 0.9
0.819000 0.745290 0.910000 1 0.9
0.828000 0.761760 0.920000 1 0.9
0.837000 0.778410 0.930000 1 0.9
0.846000 0.795240 0.940000 1 0.9
0.855000 0.812250 0.950000 1 0.9
0.864000 0.829440 0.960000 1 0.9
0.873000 0.846810 0.970000 1 0.9
0.882000 0.864360 0.980000 1 0.9
0.891000 0.882090 0.990000 1 0.9
