 Step          Temp          PotEng         KinEng         TotEng         Press     
       217   1             -4.200472       1.49          -2.710472       0.10012146   
       220   1.029701      -4.200472       1.5342545     -2.6662175      0.1045469    
       230   1.122479      -4.200472       1.6724937     -2.5279783      0.11837082   
       240   1.2063857     -4.200472       1.7975147     -2.4029573      0.13087293   
       250   1.2822695     -4.200472       1.9105815     -2.2898905      0.14217961   
       260   1.3508974     -4.200472       2.0128371     -2.1876349      0.15240516   
       270   1.4129632     -4.200472       2.1053152     -2.0951568      0.16165297   
       280   1.4690945     -4.200472       2.1889507     -2.0115213      0.17001653   
       290   1.5198585     -4.200472       2.2645892     -1.9358828      0.17758038   
       300   1.5657687     -4.200472       2.3329953     -1.8674767      0.18442099   
       310   1.607289      -4.200472       2.3948606     -1.8056114      0.19060751   
       320   1.6448392     -4.200472       2.4508104     -1.7496616      0.19620249   
       330   1.6787989     -4.200472       2.5014104     -1.6990616      0.2012625    
       340   1.7095115     -4.200472       2.5471721     -1.6532999      0.20583867   
       350   1.7372874     -4.200472       2.5885582     -1.6119137      0.20997728   
       360   1.7624074     -4.200472       2.6259871     -1.5744849      0.21372016   
       370   1.7851256     -4.200472       2.6598371     -1.5406349      0.21710516   
       380   1.8056714     -4.200472       2.6904504     -1.5100216      0.22016649   
       390   1.8242527     -4.200472       2.7181365     -1.4823355      0.22293511   
       400   1.8410573     -4.200472       2.7431754     -1.4572966      0.22543899   
       410   1.8562551     -4.200472       2.76582       -1.434652       0.22770346   
       420   1.8699997     -4.200472       2.7862995     -1.4141725      0.2297514    
       430   1.88243       -4.200472       2.8048207     -1.3956513      0.23160353   
       440   1.8936718     -4.200472       2.821571      -1.378901       0.23327856   
       450   1.9038387     -4.200472       2.8367197     -1.3637523      0.23479342   
       460   1.9130334     -4.200472       2.8504198     -1.3500522      0.23616344   
       470   1.921349      -4.200472       2.86281       -1.337662       0.23740246   
       480   1.9288694     -4.200472       2.8740155     -1.3264565      0.238523     
       490   1.9356708     -4.200472       2.8841495     -1.3163225      0.2395364    
       500   1.9418218     -4.200472       2.8933145     -1.3071575      0.24045291   
       510   1.9473847     -4.200472       2.9016032     -1.2988688      0.24128178   
       520   1.9524157     -4.200472       2.9090993     -1.2913726      0.24203139   
       530   1.9569656     -4.200472       2.9158787     -1.2845933      0.24270933   
       540   1.9610804     -4.200472       2.9220099     -1.2784621      0.24332244   
       550   1.9648019     -4.200472       2.9275548     -1.2729172      0.24387693   
       560   1.9681674     -4.200472       2.9325695     -1.2679025      0.2443784    
       570   1.9712112     -4.200472       2.9371047     -1.2633673      0.24483192   
       580   1.9739639     -4.200472       2.9412062     -1.2592658      0.24524208   
       590   1.9764534     -4.200472       2.9449156     -1.2555564      0.24561302   
       600   1.9787049     -4.200472       2.9482703     -1.2522017      0.24594849   
       610   1.9807411     -4.200472       2.9513042     -1.2491678      0.24625188   
       620   1.9825826     -4.200472       2.9540481     -1.2464239      0.24652626   
       630   1.984248      -4.200472       2.9565295     -1.2439425      0.24677441   
       640   1.9857542     -4.200472       2.9587737     -1.2416983      0.24699883   
       650   1.9871163     -4.200472       2.9608033     -1.2396686      0.24720179   
       660   1.9883482     -4.200472       2.9626389     -1.2378331      0.24738534   
       670   1.9894624     -4.200472       2.9642989     -1.2361731      0.24755135   
       680   1.99047       -4.200472       2.9658002     -1.2346718      0.24770148   
       690   1.9913812     -4.200472       2.967158      -1.233314       0.24783725   
       700   1.9922053     -4.200472       2.9683859     -1.2320861      0.24796005   
       710   1.9929506     -4.200472       2.9694964     -1.2309756      0.2480711    
       720   1.9936247     -4.200472       2.9705008     -1.2299712      0.24817153   
       730   1.9942343     -4.200472       2.9714091     -1.2290629      0.24826236   
       740   1.9947856     -4.200472       2.9722305     -1.2282415      0.24834451   
       750   1.9952842     -4.200472       2.9729734     -1.2274986      0.2484188    
       760   1.9957351     -4.200472       2.9736453     -1.2268267      0.24848598   
       770   1.9961429     -4.200472       2.9742529     -1.2262191      0.24854675   
       780   1.9965117     -4.200472       2.9748024     -1.2256696      0.2486017    
       790   1.9968452     -4.200472       2.9752994     -1.2251726      0.2486514    
       800   1.9971469     -4.200472       2.9757489     -1.2247231      0.24869634   
       810   1.9974197     -4.200472       2.9761554     -1.2243166      0.24873699   
       820   1.9976664     -4.200472       2.976523      -1.223949       0.24877375   
       830   1.9978896     -4.200472       2.9768554     -1.2236166      0.248807     
       840   1.9980914     -4.200472       2.9771561     -1.2233159      0.24883707   
       850   1.9982739     -4.200472       2.977428      -1.223044       0.24886426   
       860   1.9984389     -4.200472       2.977674      -1.222798       0.24888885   
       870   1.9985882     -4.200472       2.9778964     -1.2225756      0.24891109   
       880   1.9987232     -4.200472       2.9780975     -1.2223745      0.24893121   
       890   1.9988453     -4.200472       2.9782794     -1.2221926      0.2489494    
       900   1.9989557     -4.200472       2.9784439     -1.222028       0.24896585   
       910   1.9990555     -4.200472       2.9785927     -1.2218793      0.24898073   
       920   1.9991458     -4.200472       2.9787273     -1.2217447      0.24899418   
       930   1.9992275     -4.200472       2.978849      -1.221623       0.24900635   
       940   1.9993014     -4.200472       2.978959      -1.2215129      0.24901736   
       950   1.9993682     -4.200472       2.9790586     -1.2214134      0.24902731   
       960   1.9994286     -4.200472       2.9791486     -1.2213234      0.24903631   
       970   1.9994832     -4.200472       2.97923       -1.221242       0.24904446   
       980   1.9995326     -4.200472       2.9793036     -1.2211684      0.24905182   
       990   1.9995773     -4.200472       2.9793702     -1.2211018      0.24905848   
      1000   1.9996177     -4.200472       2.9794304     -1.2210416      0.2490645    
      1010   1.9996543     -4.200472       2.9794849     -1.2209871      0.24906994   
      1020   1.9996873     -4.200472       2.9795341     -1.2209378      0.24907487   
      1030   1.9997172     -4.200472       2.9795787     -1.2208933      0.24907932   
      1040   1.9997443     -4.200472       2.979619      -1.220853       0.24908335   
      1050   1.9997687     -4.200472       2.9796554     -1.2208166      0.249087     
      1060   1.9997908     -4.200472       2.9796884     -1.2207836      0.24909029   
      1070   1.9998108     -4.200472       2.9797182     -1.2207538      0.24909327   
      1080   1.9998289     -4.200472       2.9797451     -1.2207269      0.24909597   
      1090   1.9998453     -4.200472       2.9797695     -1.2207025      0.2490984    
      1100   1.9998601     -4.200472       2.9797915     -1.2206805      0.24910061   
      1110   1.9998735     -4.200472       2.9798115     -1.2206605      0.2491026    
      1120   1.9998856     -4.200472       2.9798295     -1.2206425      0.2491044    
      1130   1.9998965     -4.200472       2.9798458     -1.2206262      0.24910603   
      1140   1.9999064     -4.200472       2.9798605     -1.2206115      0.24910751   
      1150   1.9999153     -4.200472       2.9798739     -1.2205981      0.24910884   
      1160   1.9999234     -4.200472       2.9798859     -1.2205861      0.24911005   
      1170   1.9999308     -4.200472       2.9798968     -1.2205752      0.24911114   
      1180   1.9999374     -4.200472       2.9799067     -1.2205653      0.24911213   
      1190   1.9999434     -4.200472       2.9799156     -1.2205564      0.24911302   
      1200   1.9999488     -4.200472       2.9799237     -1.2205483      0.24911382   
      1210   1.9999537     -4.200472       2.979931      -1.220541       0.24911455   
      1220   1.9999581     -4.200472       2.9799376     -1.2205344      0.24911521   
      1230   1.9999621     -4.200472       2.9799436     -1.2205284      0.24911581   
      1240   1.9999657     -4.200472       2.979949      -1.220523       0.24911635   
      1250   1.999969      -4.200472       2.9799538     -1.2205182      0.24911684   
      1260   1.999972      -4.200472       2.9799582     -1.2205137      0.24911728   
      1270   1.9999747     -4.200472       2.9799622     -1.2205098      0.24911768   
      1280   1.9999771     -4.200472       2.9799658     -1.2205061      0.24911804   
      1290   1.9999793     -4.200472       2.9799691     -1.2205029      0.24911837   
      1300   1.9999813     -4.200472       2.9799721     -1.2204999      0.24911866   
      1310   1.999983      -4.200472       2.9799747     -1.2204973      0.24911893   
      1320   1.9999847     -4.200472       2.9799772     -1.2204948      0.24911917   
      1330   1.9999861     -4.200472       2.9799793     -1.2204927      0.24911939   
      1340   1.9999875     -4.200472       2.9799813     -1.2204907      0.24911959   
      1350   1.9999887     -4.200472       2.9799831     -1.2204889      0.24911977   
      1360   1.9999897     -4.200472       2.9799847     -1.2204873      0.24911993   
      1370   1.9999907     -4.200472       2.9799862     -1.2204858      0.24912007   
      1380   1.9999916     -4.200472       2.9799875     -1.2204845      0.24912021   
      1390   1.9999924     -4.200472       2.9799887     -1.2204833      0.24912032   
      1400   1.9999931     -4.200472       2.9799898     -1.2204822      0.24912043   
      1410   1.9999938     -4.200472       2.9799908     -1.2204812      0.24912053   
      1420   1.9999944     -4.200472       2.9799916     -1.2204804      0.24912062   
      1430   1.9999949     -4.200472       2.9799924     -1.2204796      0.2491207    
      1440   1.9999954     -4.200472       2.9799932     -1.2204788      0.24912077   
      1450   1.9999958     -4.200472       2.9799938     -1.2204782      0.24912084   
      1460   1.9999962     -4.200472       2.9799944     -1.2204776      0.2491209    
      1470   1.9999966     -4.200472       2.9799949     -1.2204771      0.24912095   
      1480   1.9999969     -4.200472       2.9799954     -1.2204766      0.249121     
      1490   1.9999972     -4.200472       2.9799959     -1.2204761      0.24912104   
      1500   1.9999975     -4.200472       2.9799963     -1.2204757      0.24912108   
      1510   1.9999977     -4.200472       2.9799966     -1.2204754      0.24912112   
      1520   1.9999979     -4.200472       2.9799969     -1.2204751      0.24912115   
      1530   1.9999981     -4.200472       2.9799972     -1.2204748      0.24912118   
      1540   1.9999983     -4.200472       2.9799975     -1.2204745      0.2491212    
      1550   1.9999985     -4.200472       2.9799977     -1.2204743      0.24912123   
      1560   1.9999986     -4.200472       2.979998      -1.220474       0.24912125   
      1570   1.9999988     -4.200472       2.9799981     -1.2204738      0.24912127   
      1580   1.9999989     -4.200472       2.9799983     -1.2204737      0.24912129   
      1590   1.999999      -4.200472       2.9799985     -1.2204735      0.2491213    
      1600   1.9999991     -4.200472       2.9799986     -1.2204734      0.24912132   
      1610   1.9999992     -4.200472       2.9799988     -1.2204732      0.24912133   
      1620   1.9999992     -4.200472       2.9799989     -1.2204731      0.24912134   
      1630   1.9999993     -4.200472       2.979999      -1.220473       0.24912135   
      1640   1.9999994     -4.200472       2.9799991     -1.2204729      0.24912136   
      1650   1.9999994     -4.200472       2.9799992     -1.2204728      0.24912137   
      1660   1.9999995     -4.200472       2.9799993     -1.2204727      0.24912138   
      1670   1.9999995     -4.200472       2.9799993     -1.2204727      0.24912139   
      1680   1.9999996     -4.200472       2.9799994     -1.2204726      0.24912139   
      1690   1.9999996     -4.200472       2.9799994     -1.2204725      0.2491214    
      1700   1.9999997     -4.200472       2.9799995     -1.2204725      0.24912141   
      1710   1.9999997     -4.200472       2.9799995     -1.2204724      0.24912141   
      1720   1.9999997     -4.200472       2.9799996     -1.2204724      0.24912141   
      1730   1.9999998     -4.200472       2.9799996     -1.2204724      0.24912142   
      1740   1.9999998     -4.200472       2.9799997     -1.2204723      0.24912142   
      1750   1.9999998     -4.200472       2.9799997     -1.2204723      0.24912142   
      1760   1.9999998     -4.200472       2.9799997     -1.2204723      0.24912143   
      1770   1.9999998     -4.200472       2.9799998     -1.2204722      0.24912143   
      1780   1.9999998     -4.200472       2.9799998     -1.2204722      0.24912143   
      1790   1.9999999     -4.200472       2.9799998     -1.2204722      0.24912143   
      1800   1.9999999     -4.200472       2.9799998     -1.2204722      0.24912144   
      1810   1.9999999     -4.200472       2.9799998     -1.2204722      0.24912144   
      1820   1.9999999     -4.200472       2.9799998     -1.2204721      0.24912144   
      1830   1.9999999     -4.200472       2.9799999     -1.2204721      0.24912144   
      1840   1.9999999     -4.200472       2.9799999     -1.2204721      0.24912144   
      1850   1.9999999     -4.200472       2.9799999     -1.2204721      0.24912144   
      1860   1.9999999     -4.200472       2.9799999     -1.2204721      0.24912145   
      1870   1.9999999     -4.200472       2.9799999     -1.2204721      0.24912145   
      1880   1.9999999     -4.200472       2.9799999     -1.2204721      0.24912145   
      1890   2             -4.200472       2.9799999     -1.2204721      0.24912145   
      1900   2             -4.200472       2.9799999     -1.2204721      0.24912145   
      1910   2             -4.200472       2.9799999     -1.2204721      0.24912145   
      1920   2             -4.200472       2.9799999     -1.220472       0.24912145   
      1930   2             -4.200472       2.98          -1.220472       0.24912145   
      1940   2             -4.200472       2.98          -1.220472       0.24912145   
      1950   2             -4.200472       2.98          -1.220472       0.24912145   
      1960   2             -4.200472       2.98          -1.220472       0.24912145   
      1970   2             -4.200472       2.98          -1.220472       0.24912145   
      1980   2             -4.200472       2.98          -1.220472       0.24912145   
      1990   2             -4.200472       2.98          -1.220472       0.24912145   
      2000   2             -4.200472       2.98          -1.220472       0.24912145   
      2010   2             -4.200472       2.98          -1.220472       0.24912145   
      2020   2             -4.200472       2.98          -1.220472       0.24912145   
      2030   2             -4.200472       2.98          -1.220472       0.24912145   
      2040   2             -4.200472       2.98          -1.220472       0.24912145   
      2050   2             -4.200472       2.98          -1.220472       0.24912145   
      2060   2             -4.200472       2.98          -1.220472       0.24912145   
      2070   2             -4.200472       2.98          -1.220472       0.24912145   
      2080   2             -4.200472       2.98          -1.220472       0.24912145   
      2090   2             -4.200472       2.98          -1.220472       0.24912145   
      2100   2             -4.200472       2.98          -1.220472       0.24912145   
      2110   2             -4.200472       2.98          -1.220472       0.24912145   
      2120   2             -4.200472       2.98          -1.220472       0.24912145   
      2130   2             -4.200472       2.98          -1.220472       0.24912145   
      2140   2             -4.200472       2.98          -1.220472       0.24912145   
      2150   2             -4.200472       2.98          -1.220472       0.24912145   
      2160   2             -4.200472       2.98          -1.220472       0.24912145   
      2170   2             -4.200472       2.98          -1.220472       0.24912145   
      2180   2             -4.200472       2.98          -1.220472       0.24912145   
      2190   2             -4.200472       2.98          -1.220472       0.24912145   
      2200   2             -4.200472       2.98          -1.220472       0.24912145   
      2210   2             -4.200472       2.98          -1.220472       0.24912145   
      2220   2             -4.200472       2.98          -1.220472       0.24912145   
      2230   2             -4.200472       2.98          -1.220472       0.24912145   
      2240   2             -4.200472       2.98          -1.220472       0.24912145   
      2250   2             -4.200472       2.98          -1.220472       0.24912145   
      2260   2             -4.200472       2.98          -1.220472       0.24912145   
      2270   2             -4.200472       2.98          -1.220472       0.24912146   
      2280   2             -4.200472       2.98          -1.220472       0.24912146   
      2290   2             -4.200472       2.98          -1.220472       0.24912146   
      2300   2             -4.200472       2.98          -1.220472       0.24912146   
      2310   2             -4.200472       2.98          -1.220472       0.24912146   
      2320   2             -4.200472       2.98          -1.220472       0.24912146   
      2330   2             -4.200472       2.98          -1.220472       0.24912146   
      2340   2             -4.200472       2.98          -1.220472       0.24912146   
      2350   2             -4.200472       2.98          -1.220472       0.24912146   
      2360   2             -4.200472       2.98          -1.220472       0.24912146   
      2370   2             -4.200472       2.98          -1.220472       0.24912146   
      2380   2             -4.200472       2.98          -1.220472       0.24912146   
      2390   2             -4.200472       2.98          -1.220472       0.24912146   
      2400   2             -4.200472       2.98          -1.220472       0.24912146   
      2410   2             -4.200472       2.98          -1.220472       0.24912146   
      2420   2             -4.200472       2.98          -1.220472       0.24912146   
      2430   2             -4.200472       2.98          -1.220472       0.24912146   
      2440   2             -4.200472       2.98          -1.220472       0.24912146   
      2450   2             -4.200472       2.98          -1.220472       0.24912146   
      2460   2             -4.200472       2.98          -1.220472       0.24912146   
      2470   2             -4.200472       2.98          -1.220472       0.24912146   
      2480   2             -4.200472       2.98          -1.220472       0.24912146   
      2490   2             -4.200472       2.98          -1.220472       0.24912146   
      2500   2             -4.200472       2.98          -1.220472       0.24912146   
      2510   2             -4.200472       2.98          -1.220472       0.24912146   
      2520   2             -4.200472       2.98          -1.220472       0.24912146   
      2530   2             -4.200472       2.98          -1.220472       0.24912146   
      2540   2             -4.200472       2.98          -1.220472       0.24912146   
      2550   2             -4.200472       2.98          -1.220472       0.24912146   
      2560   2             -4.200472       2.98          -1.220472       0.24912146   
      2570   2             -4.200472       2.98          -1.220472       0.24912146   
      2580   2             -4.200472       2.98          -1.220472       0.24912146   
      2590   2             -4.200472       2.98          -1.220472       0.24912146   
      2600   2             -4.200472       2.98          -1.220472       0.24912146   
      2610   2             -4.200472       2.98          -1.220472       0.24912146   
      2620   2             -4.200472       2.98          -1.220472       0.24912146   
      2630   2             -4.200472       2.98          -1.220472       0.24912146   
      2640   2             -4.200472       2.98          -1.220472       0.24912146   
      2650   2             -4.200472       2.98          -1.220472       0.24912146   
      2660   2             -4.200472       2.98          -1.220472       0.24912146   
      2670   2             -4.200472       2.98          -1.220472       0.24912146   
      2680   2             -4.200472       2.98          -1.220472       0.24912146   
      2690   2             -4.200472       2.98          -1.220472       0.24912146   
      2700   2             -4.200472       2.98          -1.220472       0.24912146   
      2710   2             -4.200472       2.98          -1.220472       0.24912146   
      2720   2             -4.200472       2.98          -1.220472       0.24912146   
      2730   2             -4.200472       2.98          -1.220472       0.24912146   
      2740   2             -4.200472       2.98          -1.220472       0.24912146   
      2750   2             -4.200472       2.98          -1.220472       0.24912146   
      2760   2             -4.200472       2.98          -1.220472       0.24912146   
      2770   2             -4.200472       2.98          -1.220472       0.24912146   
      2780   2             -4.200472       2.98          -1.220472       0.24912146   
      2790   2             -4.200472       2.98          -1.220472       0.24912146   
      2800   2             -4.200472       2.98          -1.220472       0.24912146   
      2810   2             -4.200472       2.98          -1.220472       0.24912146   
      2820   2             -4.200472       2.98          -1.220472       0.24912146   
      2830   2             -4.200472       2.98          -1.220472       0.24912146   
      2840   2             -4.200472       2.98          -1.220472       0.24912146   
      2850   2             -4.200472       2.98          -1.220472       0.24912146   
      2860   2             -4.200472       2.98          -1.220472       0.24912146   
      2870   2             -4.200472       2.98          -1.220472       0.24912146   
      2880   2             -4.200472       2.98          -1.220472       0.24912146   
      2890   2             -4.200472       2.98          -1.220472       0.24912146   
      2900   2             -4.200472       2.98          -1.220472       0.24912146   
      2910   2             -4.200472       2.98          -1.220472       0.24912146   
      2920   2             -4.200472       2.98          -1.220472       0.24912146   
      2930   2             -4.200472       2.98          -1.220472       0.24912146   
      2940   2             -4.200472       2.98          -1.220472       0.24912146   
      2950   2             -4.200472       2.98          -1.220472       0.24912146   
      2960   2             -4.200472       2.98          -1.220472       0.24912146   
      2970   2             -4.200472       2.98          -1.220472       0.24912146   
      2980   2             -4.200472       2.98          -1.220472       0.24912146   
      2990   2             -4.200472       2.98          -1.220472       0.24912146   
      3000   2             -4.200472       2.98          -1.220472       0.24912146   
      3010   2             -4.200472       2.98          -1.220472       0.24912146   
      3020   2             -4.200472       2.98          -1.220472       0.24912146   
      3030   2             -4.200472       2.98          -1.220472       0.24912146   
      3040   2             -4.200472       2.98          -1.220472       0.24912146   
      3050   2             -4.200472       2.98          -1.220472       0.24912146   
      3060   2             -4.200472       2.98          -1.220472       0.24912146   
      3070   2             -4.200472       2.98          -1.220472       0.24912146   
      3080   2             -4.200472       2.98          -1.220472       0.24912146   
      3090   2             -4.200472       2.98          -1.220472       0.24912146   
      3100   2             -4.200472       2.98          -1.220472       0.24912146   
      3110   2             -4.200472       2.98          -1.220472       0.24912146   
      3120   2             -4.200472       2.98          -1.220472       0.24912146   
      3130   2             -4.200472       2.98          -1.220472       0.24912146   
      3140   2             -4.200472       2.98          -1.220472       0.24912146   
      3150   2             -4.200472       2.98          -1.220472       0.24912146   
      3160   2             -4.200472       2.98          -1.220472       0.24912146   
      3170   2             -4.200472       2.98          -1.220472       0.24912146   
      3180   2             -4.200472       2.98          -1.220472       0.24912146   
      3190   2             -4.200472       2.98          -1.220472       0.24912146   
      3200   2             -4.200472       2.98          -1.220472       0.24912146   
      3210   2             -4.200472       2.98          -1.220472       0.24912146   
      3220   2             -4.200472       2.98          -1.220472       0.24912146   
      3230   2             -4.200472       2.98          -1.220472       0.24912146   
      3240   2             -4.200472       2.98          -1.220472       0.24912146   
      3250   2             -4.200472       2.98          -1.220472       0.24912146   
      3260   2             -4.200472       2.98          -1.220472       0.24912146   
      3270   2             -4.200472       2.98          -1.220472       0.24912146   
      3280   2             -4.200472       2.98          -1.220472       0.24912146   
      3290   2             -4.200472       2.98          -1.220472       0.24912146   
      3300   2             -4.200472       2.98          -1.220472       0.24912146   
      3310   2             -4.200472       2.98          -1.220472       0.24912146   
      3320   2             -4.200472       2.98          -1.220472       0.24912146   
      3330   2             -4.200472       2.98          -1.220472       0.24912146   
      3340   2             -4.200472       2.98          -1.220472       0.24912146   
      3350   2             -4.200472       2.98          -1.220472       0.24912146   
      3360   2             -4.200472       2.98          -1.220472       0.24912146   
      3370   2             -4.200472       2.98          -1.220472       0.24912146   
      3380   2             -4.200472       2.98          -1.220472       0.24912146   
      3390   2             -4.200472       2.98          -1.220472       0.24912146   
      3400   2             -4.200472       2.98          -1.220472       0.24912146   
      3410   2             -4.200472       2.98          -1.220472       0.24912146   
      3420   2             -4.200472       2.98          -1.220472       0.24912146   
      3430   2             -4.200472       2.98          -1.220472       0.24912146   
      3440   2             -4.200472       2.98          -1.220472       0.24912146   
      3450   2             -4.200472       2.98          -1.220472       0.24912146   
      3460   2             -4.200472       2.98          -1.220472       0.24912146   
      3470   2             -4.200472       2.98          -1.220472       0.24912146   
      3480   2             -4.200472       2.98          -1.220472       0.24912146   
      3490   2             -4.200472       2.98          -1.220472       0.24912146   
      3500   2             -4.200472       2.98          -1.220472       0.24912146   
      3510   2             -4.200472       2.98          -1.220472       0.24912146   
      3520   2             -4.200472       2.98          -1.220472       0.24912146   
      3530   2             -4.200472       2.98          -1.220472       0.24912146   
      3540   2             -4.200472       2.98          -1.220472       0.24912146   
      3550   2             -4.200472       2.98          -1.220472       0.24912146   
      3560   2             -4.200472       2.98          -1.220472       0.24912146   
      3570   2             -4.200472       2.98          -1.220472       0.24912146   
      3580   2             -4.200472       2.98          -1.220472       0.24912146   
      3590   2             -4.200472       2.98          -1.220472       0.24912146   
      3600   2             -4.200472       2.98          -1.220472       0.24912146   
      3610   2             -4.200472       2.98          -1.220472       0.24912146   
      3620   2             -4.200472       2.98          -1.220472       0.24912146   
      3630   2             -4.200472       2.98          -1.220472       0.24912146   
      3640   2             -4.200472       2.98          -1.220472       0.24912146   
      3650   2             -4.200472       2.98          -1.220472       0.24912146   
      3660   2             -4.200472       2.98          -1.220472       0.24912146   
      3670   2             -4.200472       2.98          -1.220472       0.24912146   
      3680   2             -4.200472       2.98          -1.220472       0.24912146   
      3690   2             -4.200472       2.98          -1.220472       0.24912146   
      3700   2             -4.200472       2.98          -1.220472       0.24912146   
      3710   2             -4.200472       2.98          -1.220472       0.24912146   
      3720   2             -4.200472       2.98          -1.220472       0.24912146   
      3730   2             -4.200472       2.98          -1.220472       0.24912146   
      3740   2             -4.200472       2.98          -1.220472       0.24912146   
      3750   2             -4.200472       2.98          -1.220472       0.24912146   
      3760   2             -4.200472       2.98          -1.220472       0.24912146   
      3770   2             -4.200472       2.98          -1.220472       0.24912146   
      3780   2             -4.200472       2.98          -1.220472       0.24912146   
      3790   2             -4.200472       2.98          -1.220472       0.24912146   
      3800   2             -4.200472       2.98          -1.220472       0.24912146   
      3810   2             -4.200472       2.98          -1.220472       0.24912146   
      3820   2             -4.200472       2.98          -1.220472       0.24912146   
      3830   2             -4.200472       2.98          -1.220472       0.24912146   
      3840   2             -4.200472       2.98          -1.220472       0.24912146   
      3850   2             -4.200472       2.98          -1.220472       0.24912146   
      3860   2             -4.200472       2.98          -1.220472       0.24912146   
      3870   2             -4.200472       2.98          -1.220472       0.24912146   
      3880   2             -4.200472       2.98          -1.220472       0.24912146   
      3890   2             -4.200472       2.98          -1.220472       0.24912146   
      3900   2             -4.200472       2.98          -1.220472       0.24912146   
      3910   2             -4.200472       2.98          -1.220472       0.24912146   
      3920   2             -4.200472       2.98          -1.220472       0.24912146   
      3930   2             -4.200472       2.98          -1.220472       0.24912146   
      3940   2             -4.200472       2.98          -1.220472       0.24912146   
      3950   2             -4.200472       2.98          -1.220472       0.24912146   
      3960   2             -4.200472       2.98          -1.220472       0.24912146   
      3970   2             -4.200472       2.98          -1.220472       0.24912146   
      3980   2             -4.200472       2.98          -1.220472       0.24912146   
      3990   2             -4.200472       2.98          -1.220472       0.24912146   
      4000   2             -4.200472       2.98          -1.220472       0.24912146   
      4010   2             -4.200472       2.98          -1.220472       0.24912146   
      4020   2             -4.200472       2.98          -1.220472       0.24912146   
      4030   2             -4.200472       2.98          -1.220472       0.24912146   
      4040   2             -4.200472       2.98          -1.220472       0.24912146   
      4050   2             -4.200472       2.98          -1.220472       0.24912146   
      4060   2             -4.200472       2.98          -1.220472       0.24912146   
      4070   2             -4.200472       2.98          -1.220472       0.24912146   
      4080   2             -4.200472       2.98          -1.220472       0.24912146   
      4090   2             -4.200472       2.98          -1.220472       0.24912146   
      4100   2             -4.200472       2.98          -1.220472       0.24912146   
      4110   2             -4.200472       2.98          -1.220472       0.24912146   
      4120   2             -4.200472       2.98          -1.220472       0.24912146   
      4130   2             -4.200472       2.98          -1.220472       0.24912146   
      4140   2             -4.200472       2.98          -1.220472       0.24912146   
      4150   2             -4.200472       2.98          -1.220472       0.24912146   
      4160   2             -4.200472       2.98          -1.220472       0.24912146   
      4170   2             -4.200472       2.98          -1.220472       0.24912146   
      4180   2             -4.200472       2.98          -1.220472       0.24912146   
      4190   2             -4.200472       2.98          -1.220472       0.24912146   
      4200   2             -4.200472       2.98          -1.220472       0.24912146   
      4210   2             -4.200472       2.98          -1.220472       0.24912146   
      4220   2             -4.200472       2.98          -1.220472       0.24912146   
      4230   2             -4.200472       2.98          -1.220472       0.24912146   
      4240   2             -4.200472       2.98          -1.220472       0.24912146   
      4250   2             -4.200472       2.98          -1.220472       0.24912146   
      4260   2             -4.200472       2.98          -1.220472       0.24912146   
      4270   2             -4.200472       2.98          -1.220472       0.24912146   
      4280   2             -4.200472       2.98          -1.220472       0.24912146   
      4290   2             -4.200472       2.98          -1.220472       0.24912146   
      4300   2             -4.200472       2.98          -1.220472       0.24912146   
      4310   2             -4.200472       2.98          -1.220472       0.24912146   
      4320   2             -4.200472       2.98          -1.220472       0.24912146   
      4330   2             -4.200472       2.98          -1.220472       0.24912146   
      4340   2             -4.200472       2.98          -1.220472       0.24912146   
      4350   2             -4.200472       2.98          -1.220472       0.24912146   
      4360   2             -4.200472       2.98          -1.220472       0.24912146   
      4370   2             -4.200472       2.98          -1.220472       0.24912146   
      4380   2             -4.200472       2.98          -1.220472       0.24912146   
      4390   2             -4.200472       2.98          -1.220472       0.24912146   
      4400   2             -4.200472       2.98          -1.220472       0.24912146   
      4410   2             -4.200472       2.98          -1.220472       0.24912146   
      4420   2             -4.200472       2.98          -1.220472       0.24912146   
      4430   2             -4.200472       2.98          -1.220472       0.24912146   
      4440   2             -4.200472       2.98          -1.220472       0.24912146   
      4450   2             -4.200472       2.98          -1.220472       0.24912146   
      4460   2             -4.200472       2.98          -1.220472       0.24912146   
      4470   2             -4.200472       2.98          -1.220472       0.24912146   
      4480   2             -4.200472       2.98          -1.220472       0.24912146   
      4490   2             -4.200472       2.98          -1.220472       0.24912146   
      4500   2             -4.200472       2.98          -1.220472       0.24912146   
      4510   2             -4.200472       2.98          -1.220472       0.24912146   
      4520   2             -4.200472       2.98          -1.220472       0.24912146   
      4530   2             -4.200472       2.98          -1.220472       0.24912146   
      4540   2             -4.200472       2.98          -1.220472       0.24912146   
      4550   2             -4.200472       2.98          -1.220472       0.24912146   
      4560   2             -4.200472       2.98          -1.220472       0.24912146   
      4570   2             -4.200472       2.98          -1.220472       0.24912146   
      4580   2             -4.200472       2.98          -1.220472       0.24912146   
      4590   2             -4.200472       2.98          -1.220472       0.24912146   
      4600   2             -4.200472       2.98          -1.220472       0.24912146   
      4610   2             -4.200472       2.98          -1.220472       0.24912146   
      4620   2             -4.200472       2.98          -1.220472       0.24912146   
      4630   2             -4.200472       2.98          -1.220472       0.24912146   
      4640   2             -4.200472       2.98          -1.220472       0.24912146   
      4650   2             -4.200472       2.98          -1.220472       0.24912146   
      4660   2             -4.200472       2.98          -1.220472       0.24912146   
      4670   2             -4.200472       2.98          -1.220472       0.24912146   
      4680   2             -4.200472       2.98          -1.220472       0.24912146   
      4690   2             -4.200472       2.98          -1.220472       0.24912146   
      4700   2             -4.200472       2.98          -1.220472       0.24912146   
      4710   2             -4.200472       2.98          -1.220472       0.24912146   
      4720   2             -4.200472       2.98          -1.220472       0.24912146   
      4730   2             -4.200472       2.98          -1.220472       0.24912146   
      4740   2             -4.200472       2.98          -1.220472       0.24912146   
      4750   2             -4.200472       2.98          -1.220472       0.24912146   
      4760   2             -4.200472       2.98          -1.220472       0.24912146   
      4770   2             -4.200472       2.98          -1.220472       0.24912146   
      4780   2             -4.200472       2.98          -1.220472       0.24912146   
      4790   2             -4.200472       2.98          -1.220472       0.24912146   
      4800   2             -4.200472       2.98          -1.220472       0.24912146   
      4810   2             -4.200472       2.98          -1.220472       0.24912146   
      4820   2             -4.200472       2.98          -1.220472       0.24912146   
      4830   2             -4.200472       2.98          -1.220472       0.24912146   
      4840   2             -4.200472       2.98          -1.220472       0.24912146   
      4850   2             -4.200472       2.98          -1.220472       0.24912146   
      4860   2             -4.200472       2.98          -1.220472       0.24912146   
      4870   2             -4.200472       2.98          -1.220472       0.24912146   
      4880   2             -4.200472       2.98          -1.220472       0.24912146   
      4890   2             -4.200472       2.98          -1.220472       0.24912146   
      4900   2             -4.200472       2.98          -1.220472       0.24912146   
      4910   2             -4.200472       2.98          -1.220472       0.24912146   
      4920   2             -4.200472       2.98          -1.220472       0.24912146   
      4930   2             -4.200472       2.98          -1.220472       0.24912146   
      4940   2             -4.200472       2.98          -1.220472       0.24912146   
      4950   2             -4.200472       2.98          -1.220472       0.24912146   
      4960   2             -4.200472       2.98          -1.220472       0.24912146   
      4970   2             -4.200472       2.98          -1.220472       0.24912146   
      4980   2             -4.200472       2.98          -1.220472       0.24912146   
      4990   2             -4.200472       2.98          -1.220472       0.24912146   
      5000   2             -4.200472       2.98          -1.220472       0.24912146   
      5010   2             -4.200472       2.98          -1.220472       0.24912146   
      5020   2             -4.200472       2.98          -1.220472       0.24912146   
      5030   2             -4.200472       2.98          -1.220472       0.24912146   
      5040   2             -4.200472       2.98          -1.220472       0.24912146   
      5050   2             -4.200472       2.98          -1.220472       0.24912146   
      5060   2             -4.200472       2.98          -1.220472       0.24912146   
      5070   2             -4.200472       2.98          -1.220472       0.24912146   
      5080   2             -4.200472       2.98          -1.220472       0.24912146   
      5090   2             -4.200472       2.98          -1.220472       0.24912146   
      5100   2             -4.200472       2.98          -1.220472       0.24912146   
      5110   2             -4.200472       2.98          -1.220472       0.24912146   
      5120   2             -4.200472       2.98          -1.220472       0.24912146   
      5130   2             -4.200472       2.98          -1.220472       0.24912146   
      5140   2             -4.200472       2.98          -1.220472       0.24912146   
      5150   2             -4.200472       2.98          -1.220472       0.24912146   
      5160   2             -4.200472       2.98          -1.220472       0.24912146   
      5170   2             -4.200472       2.98          -1.220472       0.24912146   
      5180   2             -4.200472       2.98          -1.220472       0.24912146   
      5190   2             -4.200472       2.98          -1.220472       0.24912146   
      5200   2             -4.200472       2.98          -1.220472       0.24912146   
      5210   2             -4.200472       2.98          -1.220472       0.24912146   
      5220   2             -4.200472       2.98          -1.220472       0.24912146   
      5230   2             -4.200472       2.98          -1.220472       0.24912146   
      5240   2             -4.200472       2.98          -1.220472       0.24912146   
      5250   2             -4.200472       2.98          -1.220472       0.24912146   
      5260   2             -4.200472       2.98          -1.220472       0.24912146   
      5270   2             -4.200472       2.98          -1.220472       0.24912146   
      5280   2             -4.200472       2.98          -1.220472       0.24912146   
      5290   2             -4.200472       2.98          -1.220472       0.24912146   
      5300   2             -4.200472       2.98          -1.220472       0.24912146   
      5310   2             -4.200472       2.98          -1.220472       0.24912146   
      5320   2             -4.200472       2.98          -1.220472       0.24912146   
      5330   2             -4.200472       2.98          -1.220472       0.24912146   
      5340   2             -4.200472       2.98          -1.220472       0.24912146   
      5350   2             -4.200472       2.98          -1.220472       0.24912146   
      5360   2             -4.200472       2.98          -1.220472       0.24912146   
      5370   2             -4.200472       2.98          -1.220472       0.24912146   
      5380   2             -4.200472       2.98          -1.220472       0.24912146   
      5390   2             -4.200472       2.98          -1.220472       0.24912146   
      5400   2             -4.200472       2.98          -1.220472       0.24912146   
      5410   2             -4.200472       2.98          -1.220472       0.24912146   
      5420   2             -4.200472       2.98          -1.220472       0.24912146   
      5430   2             -4.200472       2.98          -1.220472       0.24912146   
      5440   2             -4.200472       2.98          -1.220472       0.24912146   
      5450   2             -4.200472       2.98          -1.220472       0.24912146   
      5460   2             -4.200472       2.98          -1.220472       0.24912146   
      5470   2             -4.200472       2.98          -1.220472       0.24912146   
      5480   2             -4.200472       2.98          -1.220472       0.24912146   
      5490   2             -4.200472       2.98          -1.220472       0.24912146   
      5500   2             -4.200472       2.98          -1.220472       0.24912146   
      5510   2             -4.200472       2.98          -1.220472       0.24912146   
      5520   2             -4.200472       2.98          -1.220472       0.24912146   
      5530   2             -4.200472       2.98          -1.220472       0.24912146   
      5540   2             -4.200472       2.98          -1.220472       0.24912146   
      5550   2             -4.200472       2.98          -1.220472       0.24912146   
      5560   2             -4.200472       2.98          -1.220472       0.24912146   
      5570   2             -4.200472       2.98          -1.220472       0.24912146   
      5580   2             -4.200472       2.98          -1.220472       0.24912146   
      5590   2             -4.200472       2.98          -1.220472       0.24912146   
      5600   2             -4.200472       2.98          -1.220472       0.24912146   
      5610   2             -4.200472       2.98          -1.220472       0.24912146   
      5620   2             -4.200472       2.98          -1.220472       0.24912146   
      5630   2             -4.200472       2.98          -1.220472       0.24912146   
      5640   2             -4.200472       2.98          -1.220472       0.24912146   
      5650   2             -4.200472       2.98          -1.220472       0.24912146   
      5660   2             -4.200472       2.98          -1.220472       0.24912146   
      5670   2             -4.200472       2.98          -1.220472       0.24912146   
      5680   2             -4.200472       2.98          -1.220472       0.24912146   
      5690   2             -4.200472       2.98          -1.220472       0.24912146   
      5700   2             -4.200472       2.98          -1.220472       0.24912146   
      5710   2             -4.200472       2.98          -1.220472       0.24912146   
      5720   2             -4.200472       2.98          -1.220472       0.24912146   
      5730   2             -4.200472       2.98          -1.220472       0.24912146   
      5740   2             -4.200472       2.98          -1.220472       0.24912146   
      5750   2             -4.200472       2.98          -1.220472       0.24912146   
      5760   2             -4.200472       2.98          -1.220472       0.24912146   
      5770   2             -4.200472       2.98          -1.220472       0.24912146   
      5780   2             -4.200472       2.98          -1.220472       0.24912146   
      5790   2             -4.200472       2.98          -1.220472       0.24912146   
      5800   2             -4.200472       2.98          -1.220472       0.24912146   
      5810   2             -4.200472       2.98          -1.220472       0.24912146   
      5820   2             -4.200472       2.98          -1.220472       0.24912146   
      5830   2             -4.200472       2.98          -1.220472       0.24912146   
      5840   2             -4.200472       2.98          -1.220472       0.24912146   
      5850   2             -4.200472       2.98          -1.220472       0.24912146   
      5860   2             -4.200472       2.98          -1.220472       0.24912146   
      5870   2             -4.200472       2.98          -1.220472       0.24912146   
      5880   2             -4.200472       2.98          -1.220472       0.24912146   
      5890   2             -4.200472       2.98          -1.220472       0.24912146   
      5900   2             -4.200472       2.98          -1.220472       0.24912146   
      5910   2             -4.200472       2.98          -1.220472       0.24912146   
      5920   2             -4.200472       2.98          -1.220472       0.24912146   
      5930   2             -4.200472       2.98          -1.220472       0.24912146   
      5940   2             -4.200472       2.98          -1.220472       0.24912146   
      5950   2             -4.200472       2.98          -1.220472       0.24912146   
      5960   2             -4.200472       2.98          -1.220472       0.24912146   
      5970   2             -4.200472       2.98          -1.220472       0.24912146   
      5980   2             -4.200472       2.98          -1.220472       0.24912146   
      5990   2             -4.200472       2.98          -1.220472       0.24912146   
      6000   2             -4.200472       2.98          -1.220472       0.24912146   
      6010   2             -4.200472       2.98          -1.220472       0.24912146   
      6020   2             -4.200472       2.98          -1.220472       0.24912146   
      6030   2             -4.200472       2.98          -1.220472       0.24912146   
      6040   2             -4.200472       2.98          -1.220472       0.24912146   
      6050   2             -4.200472       2.98          -1.220472       0.24912146   
      6060   2             -4.200472       2.98          -1.220472       0.24912146   
      6070   2             -4.200472       2.98          -1.220472       0.24912146   
      6080   2             -4.200472       2.98          -1.220472       0.24912146   
      6090   2             -4.200472       2.98          -1.220472       0.24912146   
      6100   2             -4.200472       2.98          -1.220472       0.24912146   
      6110   2             -4.200472       2.98          -1.220472       0.24912146   
      6120   2             -4.200472       2.98          -1.220472       0.24912146   
      6130   2             -4.200472       2.98          -1.220472       0.24912146   
      6140   2             -4.200472       2.98          -1.220472       0.24912146   
      6150   2             -4.200472       2.98          -1.220472       0.24912146   
      6160   2             -4.200472       2.98          -1.220472       0.24912146   
      6170   2             -4.200472       2.98          -1.220472       0.24912146   
      6180   2             -4.200472       2.98          -1.220472       0.24912146   
      6190   2             -4.200472       2.98          -1.220472       0.24912146   
      6200   2             -4.200472       2.98          -1.220472       0.24912146   
      6210   2             -4.200472       2.98          -1.220472       0.24912146   
      6220   2             -4.200472       2.98          -1.220472       0.24912146   
      6230   2             -4.200472       2.98          -1.220472       0.24912146   
      6240   2             -4.200472       2.98          -1.220472       0.24912146   
      6250   2             -4.200472       2.98          -1.220472       0.24912146   
      6260   2             -4.200472       2.98          -1.220472       0.24912146   
      6270   2             -4.200472       2.98          -1.220472       0.24912146   
      6280   2             -4.200472       2.98          -1.220472       0.24912146   
      6290   2             -4.200472       2.98          -1.220472       0.24912146   
      6300   2             -4.200472       2.98          -1.220472       0.24912146   
      6310   2             -4.200472       2.98          -1.220472       0.24912146   
      6320   2             -4.200472       2.98          -1.220472       0.24912146   
      6330   2             -4.200472       2.98          -1.220472       0.24912146   
      6340   2             -4.200472       2.98          -1.220472       0.24912146   
      6350   2             -4.200472       2.98          -1.220472       0.24912146   
      6360   2             -4.200472       2.98          -1.220472       0.24912146   
      6370   2             -4.200472       2.98          -1.220472       0.24912146   
      6380   2             -4.200472       2.98          -1.220472       0.24912146   
      6390   2             -4.200472       2.98          -1.220472       0.24912146   
      6400   2             -4.200472       2.98          -1.220472       0.24912146   
      6410   2             -4.200472       2.98          -1.220472       0.24912146   
      6420   2             -4.200472       2.98          -1.220472       0.24912146   
      6430   2             -4.200472       2.98          -1.220472       0.24912146   
      6440   2             -4.200472       2.98          -1.220472       0.24912146   
      6450   2             -4.200472       2.98          -1.220472       0.24912146   
      6460   2             -4.200472       2.98          -1.220472       0.24912146   
      6470   2             -4.200472       2.98          -1.220472       0.24912146   
      6480   2             -4.200472       2.98          -1.220472       0.24912146   
      6490   2             -4.200472       2.98          -1.220472       0.24912146   
      6500   2             -4.200472       2.98          -1.220472       0.24912146   
      6510   2             -4.200472       2.98          -1.220472       0.24912146   
      6520   2             -4.200472       2.98          -1.220472       0.24912146   
      6530   2             -4.200472       2.98          -1.220472       0.24912146   
      6540   2             -4.200472       2.98          -1.220472       0.24912146   
      6550   2             -4.200472       2.98          -1.220472       0.24912146   
      6560   2             -4.200472       2.98          -1.220472       0.24912146   
      6570   2             -4.200472       2.98          -1.220472       0.24912146   
      6580   2             -4.200472       2.98          -1.220472       0.24912146   
      6590   2             -4.200472       2.98          -1.220472       0.24912146   
      6600   2             -4.200472       2.98          -1.220472       0.24912146   
      6610   2             -4.200472       2.98          -1.220472       0.24912146   
      6620   2             -4.200472       2.98          -1.220472       0.24912146   
      6630   2             -4.200472       2.98          -1.220472       0.24912146   
      6640   2             -4.200472       2.98          -1.220472       0.24912146   
      6650   2             -4.200472       2.98          -1.220472       0.24912146   
      6660   2             -4.200472       2.98          -1.220472       0.24912146   
      6670   2             -4.200472       2.98          -1.220472       0.24912146   
      6680   2             -4.200472       2.98          -1.220472       0.24912146   
      6690   2             -4.200472       2.98          -1.220472       0.24912146   
      6700   2             -4.200472       2.98          -1.220472       0.24912146   
      6710   2             -4.200472       2.98          -1.220472       0.24912146   
      6720   2             -4.200472       2.98          -1.220472       0.24912146   
      6730   2             -4.200472       2.98          -1.220472       0.24912146   
      6740   2             -4.200472       2.98          -1.220472       0.24912146   
      6750   2             -4.200472       2.98          -1.220472       0.24912146   
      6760   2             -4.200472       2.98          -1.220472       0.24912146   
      6770   2             -4.200472       2.98          -1.220472       0.24912146   
      6780   2             -4.200472       2.98          -1.220472       0.24912146   
      6790   2             -4.200472       2.98          -1.220472       0.24912146   
      6800   2             -4.200472       2.98          -1.220472       0.24912146   
      6810   2             -4.200472       2.98          -1.220472       0.24912146   
      6820   2             -4.200472       2.98          -1.220472       0.24912146   
      6830   2             -4.200472       2.98          -1.220472       0.24912146   
      6840   2             -4.200472       2.98          -1.220472       0.24912146   
      6850   2             -4.200472       2.98          -1.220472       0.24912146   
      6860   2             -4.200472       2.98          -1.220472       0.24912146   
      6870   2             -4.200472       2.98          -1.220472       0.24912146   
      6880   2             -4.200472       2.98          -1.220472       0.24912146   
      6890   2             -4.200472       2.98          -1.220472       0.24912146   
      6900   2             -4.200472       2.98          -1.220472       0.24912146   
      6910   2             -4.200472       2.98          -1.220472       0.24912146   
      6920   2             -4.200472       2.98          -1.220472       0.24912146   
      6930   2             -4.200472       2.98          -1.220472       0.24912146   
      6940   2             -4.200472       2.98          -1.220472       0.24912146   
      6950   2             -4.200472       2.98          -1.220472       0.24912146   
      6960   2             -4.200472       2.98          -1.220472       0.24912146   
      6970   2             -4.200472       2.98          -1.220472       0.24912146   
      6980   2             -4.200472       2.98          -1.220472       0.24912146   
      6990   2             -4.200472       2.98          -1.220472       0.24912146   
      7000   2             -4.200472       2.98          -1.220472       0.24912146   
      7010   2             -4.200472       2.98          -1.220472       0.24912146   
      7020   2             -4.200472       2.98          -1.220472       0.24912146   
      7030   2             -4.200472       2.98          -1.220472       0.24912146   
      7040   2             -4.200472       2.98          -1.220472       0.24912146   
      7050   2             -4.200472       2.98          -1.220472       0.24912146   
      7060   2             -4.200472       2.98          -1.220472       0.24912146   
      7070   2             -4.200472       2.98          -1.220472       0.24912146   
      7080   2             -4.200472       2.98          -1.220472       0.24912146   
      7090   2             -4.200472       2.98          -1.220472       0.24912146   
      7100   2             -4.200472       2.98          -1.220472       0.24912146   
      7110   2             -4.200472       2.98          -1.220472       0.24912146   
      7120   2             -4.200472       2.98          -1.220472       0.24912146   
      7130   2             -4.200472       2.98          -1.220472       0.24912146   
      7140   2             -4.200472       2.98          -1.220472       0.24912146   
      7150   2             -4.200472       2.98          -1.220472       0.24912146   
      7160   2             -4.200472       2.98          -1.220472       0.24912146   
      7170   2             -4.200472       2.98          -1.220472       0.24912146   
      7180   2             -4.200472       2.98          -1.220472       0.24912146   
      7190   2             -4.200472       2.98          -1.220472       0.24912146   
      7200   2             -4.200472       2.98          -1.220472       0.24912146   
      7210   2             -4.200472       2.98          -1.220472       0.24912146   
      7220   2             -4.200472       2.98          -1.220472       0.24912146   
      7230   2             -4.200472       2.98          -1.220472       0.24912146   
      7240   2             -4.200472       2.98          -1.220472       0.24912146   
      7250   2             -4.200472       2.98          -1.220472       0.24912146   
      7260   2             -4.200472       2.98          -1.220472       0.24912146   
      7270   2             -4.200472       2.98          -1.220472       0.24912146   
      7280   2             -4.200472       2.98          -1.220472       0.24912146   
      7290   2             -4.200472       2.98          -1.220472       0.24912146   
      7300   2             -4.200472       2.98          -1.220472       0.24912146   
      7310   2             -4.200472       2.98          -1.220472       0.24912146   
      7320   2             -4.200472       2.98          -1.220472       0.24912146   
      7330   2             -4.200472       2.98          -1.220472       0.24912146   
      7340   2             -4.200472       2.98          -1.220472       0.24912146   
      7350   2             -4.200472       2.98          -1.220472       0.24912146   
      7360   2             -4.200472       2.98          -1.220472       0.24912146   
      7370   2             -4.200472       2.98          -1.220472       0.24912146   
      7380   2             -4.200472       2.98          -1.220472       0.24912146   
      7390   2             -4.200472       2.98          -1.220472       0.24912146   
      7400   2             -4.200472       2.98          -1.220472       0.24912146   
      7410   2             -4.200472       2.98          -1.220472       0.24912146   
      7420   2             -4.200472       2.98          -1.220472       0.24912146   
      7430   2             -4.200472       2.98          -1.220472       0.24912146   
      7440   2             -4.200472       2.98          -1.220472       0.24912146   
      7450   2             -4.200472       2.98          -1.220472       0.24912146   
      7460   2             -4.200472       2.98          -1.220472       0.24912146   
      7470   2             -4.200472       2.98          -1.220472       0.24912146   
      7480   2             -4.200472       2.98          -1.220472       0.24912146   
      7490   2             -4.200472       2.98          -1.220472       0.24912146   
      7500   2             -4.200472       2.98          -1.220472       0.24912146   
      7510   2             -4.200472       2.98          -1.220472       0.24912146   
      7520   2             -4.200472       2.98          -1.220472       0.24912146   
      7530   2             -4.200472       2.98          -1.220472       0.24912146   
      7540   2             -4.200472       2.98          -1.220472       0.24912146   
      7550   2             -4.200472       2.98          -1.220472       0.24912146   
      7560   2             -4.200472       2.98          -1.220472       0.24912146   
      7570   2             -4.200472       2.98          -1.220472       0.24912146   
      7580   2             -4.200472       2.98          -1.220472       0.24912146   
      7590   2             -4.200472       2.98          -1.220472       0.24912146   
      7600   2             -4.200472       2.98          -1.220472       0.24912146   
      7610   2             -4.200472       2.98          -1.220472       0.24912146   
      7620   2             -4.200472       2.98          -1.220472       0.24912146   
      7630   2             -4.200472       2.98          -1.220472       0.24912146   
      7640   2             -4.200472       2.98          -1.220472       0.24912146   
      7650   2             -4.200472       2.98          -1.220472       0.24912146   
      7660   2             -4.200472       2.98          -1.220472       0.24912146   
      7670   2             -4.200472       2.98          -1.220472       0.24912146   
      7680   2             -4.200472       2.98          -1.220472       0.24912146   
      7690   2             -4.200472       2.98          -1.220472       0.24912146   
      7700   2             -4.200472       2.98          -1.220472       0.24912146   
      7710   2             -4.200472       2.98          -1.220472       0.24912146   
      7720   2             -4.200472       2.98          -1.220472       0.24912146   
      7730   2             -4.200472       2.98          -1.220472       0.24912146   
      7740   2             -4.200472       2.98          -1.220472       0.24912146   
      7750   2             -4.200472       2.98          -1.220472       0.24912146   
      7760   2             -4.200472       2.98          -1.220472       0.24912146   
      7770   2             -4.200472       2.98          -1.220472       0.24912146   
      7780   2             -4.200472       2.98          -1.220472       0.24912146   
      7790   2             -4.200472       2.98          -1.220472       0.24912146   
      7800   2             -4.200472       2.98          -1.220472       0.24912146   
      7810   2             -4.200472       2.98          -1.220472       0.24912146   
      7820   2             -4.200472       2.98          -1.220472       0.24912146   
      7830   2             -4.200472       2.98          -1.220472       0.24912146   
      7840   2             -4.200472       2.98          -1.220472       0.24912146   
      7850   2             -4.200472       2.98          -1.220472       0.24912146   
      7860   2             -4.200472       2.98          -1.220472       0.24912146   
      7870   2             -4.200472       2.98          -1.220472       0.24912146   
      7880   2             -4.200472       2.98          -1.220472       0.24912146   
      7890   2             -4.200472       2.98          -1.220472       0.24912146   
      7900   2             -4.200472       2.98          -1.220472       0.24912146   
      7910   2             -4.200472       2.98          -1.220472       0.24912146   
      7920   2             -4.200472       2.98          -1.220472       0.24912146   
      7930   2             -4.200472       2.98          -1.220472       0.24912146   
      7940   2             -4.200472       2.98          -1.220472       0.24912146   
      7950   2             -4.200472       2.98          -1.220472       0.24912146   
      7960   2             -4.200472       2.98          -1.220472       0.24912146   
      7970   2             -4.200472       2.98          -1.220472       0.24912146   
      7980   2             -4.200472       2.98          -1.220472       0.24912146   
      7990   2             -4.200472       2.98          -1.220472       0.24912146   
      8000   2             -4.200472       2.98          -1.220472       0.24912146   
      8010   2             -4.200472       2.98          -1.220472       0.24912146   
      8020   2             -4.200472       2.98          -1.220472       0.24912146   
      8030   2             -4.200472       2.98          -1.220472       0.24912146   
      8040   2             -4.200472       2.98          -1.220472       0.24912146   
      8050   2             -4.200472       2.98          -1.220472       0.24912146   
      8060   2             -4.200472       2.98          -1.220472       0.24912146   
      8070   2             -4.200472       2.98          -1.220472       0.24912146   
      8080   2             -4.200472       2.98          -1.220472       0.24912146   
      8090   2             -4.200472       2.98          -1.220472       0.24912146   
      8100   2             -4.200472       2.98          -1.220472       0.24912146   
      8110   2             -4.200472       2.98          -1.220472       0.24912146   
      8120   2             -4.200472       2.98          -1.220472       0.24912146   
      8130   2             -4.200472       2.98          -1.220472       0.24912146   
      8140   2             -4.200472       2.98          -1.220472       0.24912146   
      8150   2             -4.200472       2.98          -1.220472       0.24912146   
      8160   2             -4.200472       2.98          -1.220472       0.24912146   
      8170   2             -4.200472       2.98          -1.220472       0.24912146   
      8180   2             -4.200472       2.98          -1.220472       0.24912146   
      8190   2             -4.200472       2.98          -1.220472       0.24912146   
      8200   2             -4.200472       2.98          -1.220472       0.24912146   
      8210   2             -4.200472       2.98          -1.220472       0.24912146   
      8220   2             -4.200472       2.98          -1.220472       0.24912146   
      8230   2             -4.200472       2.98          -1.220472       0.24912146   
      8240   2             -4.200472       2.98          -1.220472       0.24912146   
      8250   2             -4.200472       2.98          -1.220472       0.24912146   
      8260   2             -4.200472       2.98          -1.220472       0.24912146   
      8270   2             -4.200472       2.98          -1.220472       0.24912146   
      8280   2             -4.200472       2.98          -1.220472       0.24912146   
      8290   2             -4.200472       2.98          -1.220472       0.24912146   
      8300   2             -4.200472       2.98          -1.220472       0.24912146   
      8310   2             -4.200472       2.98          -1.220472       0.24912146   
      8320   2             -4.200472       2.98          -1.220472       0.24912146   
      8330   2             -4.200472       2.98          -1.220472       0.24912146   
      8340   2             -4.200472       2.98          -1.220472       0.24912146   
      8350   2             -4.200472       2.98          -1.220472       0.24912146   
      8360   2             -4.200472       2.98          -1.220472       0.24912146   
      8370   2             -4.200472       2.98          -1.220472       0.24912146   
      8380   2             -4.200472       2.98          -1.220472       0.24912146   
      8390   2             -4.200472       2.98          -1.220472       0.24912146   
      8400   2             -4.200472       2.98          -1.220472       0.24912146   
      8410   2             -4.200472       2.98          -1.220472       0.24912146   
      8420   2             -4.200472       2.98          -1.220472       0.24912146   
      8430   2             -4.200472       2.98          -1.220472       0.24912146   
      8440   2             -4.200472       2.98          -1.220472       0.24912146   
      8450   2             -4.200472       2.98          -1.220472       0.24912146   
      8460   2             -4.200472       2.98          -1.220472       0.24912146   
      8470   2             -4.200472       2.98          -1.220472       0.24912146   
      8480   2             -4.200472       2.98          -1.220472       0.24912146   
      8490   2             -4.200472       2.98          -1.220472       0.24912146   
      8500   2             -4.200472       2.98          -1.220472       0.24912146   
      8510   2             -4.200472       2.98          -1.220472       0.24912146   
      8520   2             -4.200472       2.98          -1.220472       0.24912146   
      8530   2             -4.200472       2.98          -1.220472       0.24912146   
      8540   2             -4.200472       2.98          -1.220472       0.24912146   
      8550   2             -4.200472       2.98          -1.220472       0.24912146   
      8560   2             -4.200472       2.98          -1.220472       0.24912146   
      8570   2             -4.200472       2.98          -1.220472       0.24912146   
      8580   2             -4.200472       2.98          -1.220472       0.24912146   
      8590   2             -4.200472       2.98          -1.220472       0.24912146   
      8600   2             -4.200472       2.98          -1.220472       0.24912146   
      8610   2             -4.200472       2.98          -1.220472       0.24912146   
      8620   2             -4.200472       2.98          -1.220472       0.24912146   
      8630   2             -4.200472       2.98          -1.220472       0.24912146   
      8640   2             -4.200472       2.98          -1.220472       0.24912146   
      8650   2             -4.200472       2.98          -1.220472       0.24912146   
      8660   2             -4.200472       2.98          -1.220472       0.24912146   
      8670   2             -4.200472       2.98          -1.220472       0.24912146   
      8680   2             -4.200472       2.98          -1.220472       0.24912146   
      8690   2             -4.200472       2.98          -1.220472       0.24912146   
      8700   2             -4.200472       2.98          -1.220472       0.24912146   
      8710   2             -4.200472       2.98          -1.220472       0.24912146   
      8720   2             -4.200472       2.98          -1.220472       0.24912146   
      8730   2             -4.200472       2.98          -1.220472       0.24912146   
      8740   2             -4.200472       2.98          -1.220472       0.24912146   
      8750   2             -4.200472       2.98          -1.220472       0.24912146   
      8760   2             -4.200472       2.98          -1.220472       0.24912146   
      8770   2             -4.200472       2.98          -1.220472       0.24912146   
      8780   2             -4.200472       2.98          -1.220472       0.24912146   
      8790   2             -4.200472       2.98          -1.220472       0.24912146   
      8800   2             -4.200472       2.98          -1.220472       0.24912146   
      8810   2             -4.200472       2.98          -1.220472       0.24912146   
      8820   2             -4.200472       2.98          -1.220472       0.24912146   
      8830   2             -4.200472       2.98          -1.220472       0.24912146   
      8840   2             -4.200472       2.98          -1.220472       0.24912146   
      8850   2             -4.200472       2.98          -1.220472       0.24912146   
      8860   2             -4.200472       2.98          -1.220472       0.24912146   
      8870   2             -4.200472       2.98          -1.220472       0.24912146   
      8880   2             -4.200472       2.98          -1.220472       0.24912146   
      8890   2             -4.200472       2.98          -1.220472       0.24912146   
      8900   2             -4.200472       2.98          -1.220472       0.24912146   
      8910   2             -4.200472       2.98          -1.220472       0.24912146   
      8920   2             -4.200472       2.98          -1.220472       0.24912146   
      8930   2             -4.200472       2.98          -1.220472       0.24912146   
      8940   2             -4.200472       2.98          -1.220472       0.24912146   
      8950   2             -4.200472       2.98          -1.220472       0.24912146   
      8960   2             -4.200472       2.98          -1.220472       0.24912146   
      8970   2             -4.200472       2.98          -1.220472       0.24912146   
      8980   2             -4.200472       2.98          -1.220472       0.24912146   
      8990   2             -4.200472       2.98          -1.220472       0.24912146   
      9000   2             -4.200472       2.98          -1.220472       0.24912146   
      9010   2             -4.200472       2.98          -1.220472       0.24912146   
      9020   2             -4.200472       2.98          -1.220472       0.24912146   
      9030   2             -4.200472       2.98          -1.220472       0.24912146   
      9040   2             -4.200472       2.98          -1.220472       0.24912146   
      9050   2             -4.200472       2.98          -1.220472       0.24912146   
      9060   2             -4.200472       2.98          -1.220472       0.24912146   
      9070   2             -4.200472       2.98          -1.220472       0.24912146   
      9080   2             -4.200472       2.98          -1.220472       0.24912146   
      9090   2             -4.200472       2.98          -1.220472       0.24912146   
      9100   2             -4.200472       2.98          -1.220472       0.24912146   
      9110   2             -4.200472       2.98          -1.220472       0.24912146   
      9120   2             -4.200472       2.98          -1.220472       0.24912146   
      9130   2             -4.200472       2.98          -1.220472       0.24912146   
      9140   2             -4.200472       2.98          -1.220472       0.24912146   
      9150   2             -4.200472       2.98          -1.220472       0.24912146   
      9160   2             -4.200472       2.98          -1.220472       0.24912146   
      9170   2             -4.200472       2.98          -1.220472       0.24912146   
      9180   2             -4.200472       2.98          -1.220472       0.24912146   
      9190   2             -4.200472       2.98          -1.220472       0.24912146   
      9200   2             -4.200472       2.98          -1.220472       0.24912146   
      9210   2             -4.200472       2.98          -1.220472       0.24912146   
      9220   2             -4.200472       2.98          -1.220472       0.24912146   
      9230   2             -4.200472       2.98          -1.220472       0.24912146   
      9240   2             -4.200472       2.98          -1.220472       0.24912146   
      9250   2             -4.200472       2.98          -1.220472       0.24912146   
      9260   2             -4.200472       2.98          -1.220472       0.24912146   
      9270   2             -4.200472       2.98          -1.220472       0.24912146   
      9280   2             -4.200472       2.98          -1.220472       0.24912146   
      9290   2             -4.200472       2.98          -1.220472       0.24912146   
      9300   2             -4.200472       2.98          -1.220472       0.24912146   
      9310   2             -4.200472       2.98          -1.220472       0.24912146   
      9320   2             -4.200472       2.98          -1.220472       0.24912146   
      9330   2             -4.200472       2.98          -1.220472       0.24912146   
      9340   2             -4.200472       2.98          -1.220472       0.24912146   
      9350   2             -4.200472       2.98          -1.220472       0.24912146   
      9360   2             -4.200472       2.98          -1.220472       0.24912146   
      9370   2             -4.200472       2.98          -1.220472       0.24912146   
      9380   2             -4.200472       2.98          -1.220472       0.24912146   
      9390   2             -4.200472       2.98          -1.220472       0.24912146   
      9400   2             -4.200472       2.98          -1.220472       0.24912146   
      9410   2             -4.200472       2.98          -1.220472       0.24912146   
      9420   2             -4.200472       2.98          -1.220472       0.24912146   
      9430   2             -4.200472       2.98          -1.220472       0.24912146   
      9440   2             -4.200472       2.98          -1.220472       0.24912146   
      9450   2             -4.200472       2.98          -1.220472       0.24912146   
      9460   2             -4.200472       2.98          -1.220472       0.24912146   
      9470   2             -4.200472       2.98          -1.220472       0.24912146   
      9480   2             -4.200472       2.98          -1.220472       0.24912146   
      9490   2             -4.200472       2.98          -1.220472       0.24912146   
      9500   2             -4.200472       2.98          -1.220472       0.24912146   
      9510   2             -4.200472       2.98          -1.220472       0.24912146   
      9520   2             -4.200472       2.98          -1.220472       0.24912146   
      9530   2             -4.200472       2.98          -1.220472       0.24912146   
      9540   2             -4.200472       2.98          -1.220472       0.24912146   
      9550   2             -4.200472       2.98          -1.220472       0.24912146   
      9560   2             -4.200472       2.98          -1.220472       0.24912146   
      9570   2             -4.200472       2.98          -1.220472       0.24912146   
      9580   2             -4.200472       2.98          -1.220472       0.24912146   
      9590   2             -4.200472       2.98          -1.220472       0.24912146   
      9600   2             -4.200472       2.98          -1.220472       0.24912146   
      9610   2             -4.200472       2.98          -1.220472       0.24912146   
      9620   2             -4.200472       2.98          -1.220472       0.24912146   
      9630   2             -4.200472       2.98          -1.220472       0.24912146   
      9640   2             -4.200472       2.98          -1.220472       0.24912146   
      9650   2             -4.200472       2.98          -1.220472       0.24912146   
      9660   2             -4.200472       2.98          -1.220472       0.24912146   
      9670   2             -4.200472       2.98          -1.220472       0.24912146   
      9680   2             -4.200472       2.98          -1.220472       0.24912146   
      9690   2             -4.200472       2.98          -1.220472       0.24912146   
      9700   2             -4.200472       2.98          -1.220472       0.24912146   
      9710   2             -4.200472       2.98          -1.220472       0.24912146   
      9720   2             -4.200472       2.98          -1.220472       0.24912146   
      9730   2             -4.200472       2.98          -1.220472       0.24912146   
      9740   2             -4.200472       2.98          -1.220472       0.24912146   
      9750   2             -4.200472       2.98          -1.220472       0.24912146   
      9760   2             -4.200472       2.98          -1.220472       0.24912146   
      9770   2             -4.200472       2.98          -1.220472       0.24912146   
      9780   2             -4.200472       2.98          -1.220472       0.24912146   
      9790   2             -4.200472       2.98          -1.220472       0.24912146   
      9800   2             -4.200472       2.98          -1.220472       0.24912146   
      9810   2             -4.200472       2.98          -1.220472       0.24912146   
      9820   2             -4.200472       2.98          -1.220472       0.24912146   
      9830   2             -4.200472       2.98          -1.220472       0.24912146   
      9840   2             -4.200472       2.98          -1.220472       0.24912146   
      9850   2             -4.200472       2.98          -1.220472       0.24912146   
      9860   2             -4.200472       2.98          -1.220472       0.24912146   
      9870   2             -4.200472       2.98          -1.220472       0.24912146   
      9880   2             -4.200472       2.98          -1.220472       0.24912146   
      9890   2             -4.200472       2.98          -1.220472       0.24912146   
      9900   2             -4.200472       2.98          -1.220472       0.24912146   
      9910   2             -4.200472       2.98          -1.220472       0.24912146   
      9920   2             -4.200472       2.98          -1.220472       0.24912146   
      9930   2             -4.200472       2.98          -1.220472       0.24912146   
      9940   2             -4.200472       2.98          -1.220472       0.24912146   
      9950   2             -4.200472       2.98          -1.220472       0.24912146   
      9960   2             -4.200472       2.98          -1.220472       0.24912146   
      9970   2             -4.200472       2.98          -1.220472       0.24912146   
      9980   2             -4.200472       2.98          -1.220472       0.24912146   
      9990   2             -4.200472       2.98          -1.220472       0.24912146   
     10000   2             -4.200472       2.98          -1.220472       0.24912146   
     10010   2             -4.200472       2.98          -1.220472       0.24912146   
     10020   2             -4.200472       2.98          -1.220472       0.24912146   
     10030   2             -4.200472       2.98          -1.220472       0.24912146   
     10040   2             -4.200472       2.98          -1.220472       0.24912146   
     10050   2             -4.200472       2.98          -1.220472       0.24912146   
     10060   2             -4.200472       2.98          -1.220472       0.24912146   
     10070   2             -4.200472       2.98          -1.220472       0.24912146   
     10080   2             -4.200472       2.98          -1.220472       0.24912146   
     10090   2             -4.200472       2.98          -1.220472       0.24912146   
     10100   2             -4.200472       2.98          -1.220472       0.24912146   
     10110   2             -4.200472       2.98          -1.220472       0.24912146   
     10120   2             -4.200472       2.98          -1.220472       0.24912146   
     10130   2             -4.200472       2.98          -1.220472       0.24912146   
     10140   2             -4.200472       2.98          -1.220472       0.24912146   
     10150   2             -4.200472       2.98          -1.220472       0.24912146   
     10160   2             -4.200472       2.98          -1.220472       0.24912146   
     10170   2             -4.200472       2.98          -1.220472       0.24912146   
     10180   2             -4.200472       2.98          -1.220472       0.24912146   
     10190   2             -4.200472       2.98          -1.220472       0.24912146   
     10200   2             -4.200472       2.98          -1.220472       0.24912146   
     10210   2             -4.200472       2.98          -1.220472       0.24912146   
     10217   2             -4.200472       2.98          -1.220472       0.24912146  
