 Step          Temp          PotEng         KinEng         TotEng         Press     
       302   1             -2.4723368      1.47          -1.0023368      0.047964199  
       310   1.0772553     -2.4723368      1.5835653     -0.88877149     0.051749709  
       320   1.1654862     -2.4723368      1.7132648     -0.75907202     0.056073024  
       330   1.2452807     -2.4723368      1.8305626     -0.64177415     0.059982954  
       340   1.3174454     -2.4723368      1.9366447     -0.53569205     0.063519024  
       350   1.3827099     -2.4723368      2.0325835     -0.4397533      0.066716982  
       360   1.4417339     -2.4723368      2.1193488     -0.35298802     0.069609158  
       370   1.4951141     -2.4723368      2.1978177     -0.27451905     0.07222479   
       380   1.5433903     -2.4723368      2.2687837     -0.20355312     0.074590321  
       390   1.5870503     -2.4723368      2.332964      -0.13937281     0.076729665  
       400   1.6265357     -2.4723368      2.3910075     -0.081329286    0.078664449  
       410   1.6622456     -2.4723368      2.443501      -0.028835763    0.080414233  
       420   1.694541      -2.4723368      2.4909752      0.018638438    0.081996706  
       430   1.7237483     -2.4723368      2.53391        0.061573254    0.083427867  
       440   1.7501629     -2.4723368      2.5727395      0.10040273     0.084722183  
       450   1.7740518     -2.4723368      2.6078562      0.13551942     0.085892739  
       460   1.7956565     -2.4723368      2.6396151      0.16727832     0.086951369  
       470   1.8151954     -2.4723368      2.6683373      0.1960005      0.087908775  
       480   1.8328661     -2.4723368      2.6943131      0.22197632     0.088774636  
       490   1.8488471     -2.4723368      2.7178052      0.24546839     0.089557705  
       500   1.8633        -2.4723368      2.739051       0.2667142      0.090265898  
       510   1.876371      -2.4723368      2.7582653      0.28592853     0.090906376  
       520   1.8881921     -2.4723368      2.7756424      0.30330562     0.091485612  
       530   1.898883      -2.4723368      2.7913579      0.31902115     0.092009463  
       540   1.9085516     -2.4723368      2.8055708      0.333234       0.092483225  
       550   1.9172957     -2.4723368      2.8184246      0.34608784     0.092911686  
       560   1.9252037     -2.4723368      2.8300494      0.35771262     0.093299179  
       570   1.9323556     -2.4723368      2.8405627      0.36822587     0.093649621  
       580   1.9388236     -2.4723368      2.8500707      0.37773386     0.093966554  
       590   1.9446731     -2.4723368      2.8586695      0.38633272     0.094253182  
       600   1.9499634     -2.4723368      2.8664462      0.39410937     0.094512404  
       610   1.9547478     -2.4723368      2.8734792      0.40114244     0.09474684   
       620   1.9590747     -2.4723368      2.8798398      0.40750301     0.094958859  
       630   1.9629879     -2.4723368      2.8855922      0.41325541     0.095150605  
       640   1.9665269     -2.4723368      2.8907946      0.41845777     0.095324017  
       650   1.9697275     -2.4723368      2.8954995      0.42316269     0.095480848  
       660   1.9726221     -2.4723368      2.8997545      0.42741774     0.095622683  
       670   1.9752399     -2.4723368      2.9036027      0.43126592     0.095750956  
       680   1.9776074     -2.4723368      2.907083       0.43474616     0.095866964  
       690   1.9797486     -2.4723368      2.9102304      0.43789362     0.095971879  
       700   1.981685      -2.4723368      2.9130769      0.44074012     0.096066763  
       710   1.9834362     -2.4723368      2.9156512      0.44331445     0.096152574  
       720   1.98502       -2.4723368      2.9179794      0.44564263     0.096230179  
       730   1.9864524     -2.4723368      2.920085       0.44774819     0.096300365  
       740   1.9877478     -2.4723368      2.9219892      0.44965242     0.096363839  
       750   1.9889193     -2.4723368      2.9237114      0.45137458     0.096421244  
       760   1.9899788     -2.4723368      2.9252689      0.45293206     0.096473161  
       770   1.990937      -2.4723368      2.9266774      0.45434062     0.096520113  
       780   1.9918036     -2.4723368      2.9279513      0.4556145      0.096562575  
       790   1.9925873     -2.4723368      2.9291034      0.45676657     0.096600978  
       800   1.9932961     -2.4723368      2.9301453      0.45780849     0.096635708  
       810   1.9939371     -2.4723368      2.9310876      0.45875077     0.096667118  
       820   1.9945168     -2.4723368      2.9319398      0.45960296     0.096695524  
       830   1.9950411     -2.4723368      2.9327105      0.46037367     0.096721214  
       840   1.9955153     -2.4723368      2.9334075      0.46107068     0.096744448  
       850   1.9959441     -2.4723368      2.9340378      0.46170104     0.09676546   
       860   1.9963319     -2.4723368      2.9346079      0.46227113     0.096784463  
       870   1.9966827     -2.4723368      2.9351235      0.46278671     0.096801649  
       880   1.9969999     -2.4723368      2.9355898      0.46325299     0.096817192  
       890   1.9972867     -2.4723368      2.9360115      0.46367469     0.096831248  
       900   1.9975462     -2.4723368      2.9363929      0.46405606     0.09684396   
       910   1.9977808     -2.4723368      2.9367378      0.46440097     0.096855457  
       920   1.997993      -2.4723368      2.9370497      0.4647129      0.096865855  
       930   1.9981849     -2.4723368      2.9373318      0.464995       0.096875258  
       940   1.9983584     -2.4723368      2.9375869      0.46525013     0.096883763  
       950   1.9985154     -2.4723368      2.9378177      0.46548086     0.096891454  
       960   1.9986574     -2.4723368      2.9380263      0.46568953     0.09689841   
       970   1.9987857     -2.4723368      2.938215       0.46587825     0.0969047    
       980   1.9989018     -2.4723368      2.9383857      0.46604892     0.096910389  
       990   1.9990069     -2.4723368      2.9385401      0.46620328     0.096915534  
      1000   1.9991018     -2.4723368      2.9386797      0.46634287     0.096920188  
      1010   1.9991877     -2.4723368      2.9388059      0.46646912     0.096924396  
      1020   1.9992654     -2.4723368      2.9389201      0.4665833      0.096928202  
      1030   1.9993356     -2.4723368      2.9390233      0.46668656     0.096931644  
      1040   1.9993991     -2.4723368      2.9391167      0.46677994     0.096934757  
      1050   1.9994566     -2.4723368      2.9392012      0.4668644      0.096937572  
      1060   1.9995086     -2.4723368      2.9392776      0.46694078     0.096940118  
      1070   1.9995555     -2.4723368      2.9393466      0.46700985     0.09694242   
      1080   1.999598      -2.4723368      2.9394091      0.46707233     0.096944503  
      1090   1.9996365     -2.4723368      2.9394656      0.46712883     0.096946386  
      1100   1.9996712     -2.4723368      2.9395167      0.46717992     0.096948089  
      1110   1.9997027     -2.4723368      2.9395629      0.46722613     0.09694963   
      1120   1.9997311     -2.4723368      2.9396047      0.46726792     0.096951023  
      1130   1.9997568     -2.4723368      2.9396425      0.46730572     0.096952283  
      1140   1.9997801     -2.4723368      2.9396767      0.4673399      0.096953422  
      1150   1.9998011     -2.4723368      2.9397076      0.46737082     0.096954452  
      1160   1.9998201     -2.4723368      2.9397356      0.46739877     0.096955384  
      1170   1.9998373     -2.4723368      2.9397609      0.46742406     0.096956227  
      1180   1.9998529     -2.4723368      2.9397837      0.46744693     0.096956989  
      1190   1.9998669     -2.4723368      2.9398044      0.46746761     0.096957679  
      1200   1.9998797     -2.4723368      2.9398231      0.46748631     0.096958302  
      1210   1.9998912     -2.4723368      2.93984        0.46750322     0.096958866  
      1220   1.9999016     -2.4723368      2.9398553      0.46751852     0.096959376  
      1230   1.999911      -2.4723368      2.9398691      0.46753235     0.096959837  
      1240   1.9999195     -2.4723368      2.9398817      0.46754487     0.096960254  
      1250   1.9999272     -2.4723368      2.939893       0.46755618     0.096960631  
      1260   1.9999342     -2.4723368      2.9399032      0.46756642     0.096960972  
      1270   1.9999405     -2.4723368      2.9399125      0.46757567     0.096961281  
      1280   1.9999461     -2.4723368      2.9399208      0.46758404     0.09696156   
      1290   1.9999513     -2.4723368      2.9399284      0.46759161     0.096961812  
      1300   1.999956      -2.4723368      2.9399352      0.46759846     0.09696204   
      1310   1.9999602     -2.4723368      2.9399414      0.46760465     0.096962247  
      1320   1.999964      -2.4723368      2.939947       0.46761025     0.096962433  
      1330   1.9999674     -2.4723368      2.9399521      0.46761531     0.096962602  
      1340   1.9999705     -2.4723368      2.9399567      0.46761989     0.096962755  
      1350   1.9999734     -2.4723368      2.9399608      0.46762403     0.096962893  
      1360   1.9999759     -2.4723368      2.9399646      0.46762778     0.096963018  
      1370   1.9999782     -2.4723368      2.939968       0.46763117     0.096963131  
      1380   1.9999803     -2.4723368      2.939971       0.46763423     0.096963233  
      1390   1.9999822     -2.4723368      2.9399738      0.467637       0.096963325  
      1400   1.9999839     -2.4723368      2.9399763      0.46763951     0.096963409  
      1410   1.9999854     -2.4723368      2.9399786      0.46764177     0.096963484  
      1420   1.9999868     -2.4723368      2.9399806      0.46764382     0.096963553  
      1430   1.9999881     -2.4723368      2.9399825      0.46764567     0.096963614  
      1440   1.9999892     -2.4723368      2.9399841      0.46764735     0.09696367   
      1450   1.9999902     -2.4723368      2.9399857      0.46764887     0.096963721  
      1460   1.9999912     -2.4723368      2.939987       0.46765024     0.096963766  
      1470   1.999992      -2.4723368      2.9399883      0.46765148     0.096963808  
      1480   1.9999928     -2.4723368      2.9399894      0.4676526      0.096963845  
      1490   1.9999935     -2.4723368      2.9399904      0.46765361     0.096963879  
      1500   1.9999941     -2.4723368      2.9399913      0.46765453     0.09696391   
      1510   1.9999947     -2.4723368      2.9399922      0.46765536     0.096963937  
      1520   1.9999952     -2.4723368      2.9399929      0.46765611     0.096963962  
      1530   1.9999956     -2.4723368      2.9399936      0.46765679     0.096963985  
      1540   1.9999961     -2.4723368      2.9399942      0.4676574      0.096964005  
      1550   1.9999964     -2.4723368      2.9399948      0.46765796     0.096964024  
      1560   1.9999968     -2.4723368      2.9399953      0.46765846     0.09696404   
      1570   1.9999971     -2.4723368      2.9399957      0.46765891     0.096964056  
      1580   1.9999974     -2.4723368      2.9399961      0.46765932     0.096964069  
      1590   1.9999976     -2.4723368      2.9399965      0.46765969     0.096964082  
      1600   1.9999978     -2.4723368      2.9399968      0.46766003     0.096964093  
      1610   1.999998      -2.4723368      2.9399971      0.46766033     0.096964103  
      1620   1.9999982     -2.4723368      2.9399974      0.46766061     0.096964112  
      1630   1.9999984     -2.4723368      2.9399977      0.46766086     0.09696412   
      1640   1.9999986     -2.4723368      2.9399979      0.46766108     0.096964128  
      1650   1.9999987     -2.4723368      2.9399981      0.46766128     0.096964135  
      1660   1.9999988     -2.4723368      2.9399983      0.46766147     0.096964141  
      1670   1.9999989     -2.4723368      2.9399984      0.46766163     0.096964146  
      1680   1.999999      -2.4723368      2.9399986      0.46766178     0.096964151  
      1690   1.9999991     -2.4723368      2.9399987      0.46766192     0.096964156  
      1700   1.9999992     -2.4723368      2.9399988      0.46766204     0.09696416   
      1710   1.9999993     -2.4723368      2.9399989      0.46766215     0.096964164  
      1720   1.9999994     -2.4723368      2.939999       0.46766226     0.096964167  
      1730   1.9999994     -2.4723368      2.9399991      0.46766235     0.09696417   
      1740   1.9999995     -2.4723368      2.9399992      0.46766243     0.096964173  
      1750   1.9999995     -2.4723368      2.9399993      0.4676625      0.096964175  
      1760   1.9999996     -2.4723368      2.9399994      0.46766257     0.096964177  
      1770   1.9999996     -2.4723368      2.9399994      0.46766263     0.09696418   
      1780   1.9999996     -2.4723368      2.9399995      0.46766269     0.096964181  
      1790   1.9999997     -2.4723368      2.9399995      0.46766274     0.096964183  
      1800   1.9999997     -2.4723368      2.9399996      0.46766278     0.096964185  
      1810   1.9999997     -2.4723368      2.9399996      0.46766282     0.096964186  
      1820   1.9999998     -2.4723368      2.9399997      0.46766286     0.096964187  
      1830   1.9999998     -2.4723368      2.9399997      0.46766289     0.096964188  
      1840   1.9999998     -2.4723368      2.9399997      0.46766292     0.096964189  
      1850   1.9999998     -2.4723368      2.9399997      0.46766295     0.09696419   
      1860   1.9999998     -2.4723368      2.9399998      0.46766297     0.096964191  
      1870   1.9999999     -2.4723368      2.9399998      0.467663       0.096964192  
      1880   1.9999999     -2.4723368      2.9399998      0.46766302     0.096964192  
      1890   1.9999999     -2.4723368      2.9399998      0.46766303     0.096964193  
      1900   1.9999999     -2.4723368      2.9399998      0.46766305     0.096964193  
      1910   1.9999999     -2.4723368      2.9399999      0.46766307     0.096964194  
      1920   1.9999999     -2.4723368      2.9399999      0.46766308     0.096964194  
      1930   1.9999999     -2.4723368      2.9399999      0.46766309     0.096964195  
      1940   1.9999999     -2.4723368      2.9399999      0.4676631      0.096964195  
      1950   1.9999999     -2.4723368      2.9399999      0.46766311     0.096964196  
      1960   1.9999999     -2.4723368      2.9399999      0.46766312     0.096964196  
      1970   1.9999999     -2.4723368      2.9399999      0.46766313     0.096964196  
      1980   2             -2.4723368      2.9399999      0.46766314     0.096964196  
      1990   2             -2.4723368      2.9399999      0.46766314     0.096964197  
      2000   2             -2.4723368      2.9399999      0.46766315     0.096964197  
      2010   2             -2.4723368      2.9399999      0.46766315     0.096964197  
      2020   2             -2.4723368      2.94           0.46766316     0.096964197  
      2030   2             -2.4723368      2.94           0.46766316     0.096964197  
      2040   2             -2.4723368      2.94           0.46766317     0.096964197  
      2050   2             -2.4723368      2.94           0.46766317     0.096964198  
      2060   2             -2.4723368      2.94           0.46766317     0.096964198  
      2070   2             -2.4723368      2.94           0.46766318     0.096964198  
      2080   2             -2.4723368      2.94           0.46766318     0.096964198  
      2090   2             -2.4723368      2.94           0.46766318     0.096964198  
      2100   2             -2.4723368      2.94           0.46766319     0.096964198  
      2110   2             -2.4723368      2.94           0.46766319     0.096964198  
      2120   2             -2.4723368      2.94           0.46766319     0.096964198  
      2130   2             -2.4723368      2.94           0.46766319     0.096964198  
      2140   2             -2.4723368      2.94           0.46766319     0.096964198  
      2150   2             -2.4723368      2.94           0.46766319     0.096964198  
      2160   2             -2.4723368      2.94           0.46766319     0.096964198  
      2170   2             -2.4723368      2.94           0.4676632      0.096964198  
      2180   2             -2.4723368      2.94           0.4676632      0.096964198  
      2190   2             -2.4723368      2.94           0.4676632      0.096964198  
      2200   2             -2.4723368      2.94           0.4676632      0.096964198  
      2210   2             -2.4723368      2.94           0.4676632      0.096964198  
      2220   2             -2.4723368      2.94           0.4676632      0.096964198  
      2230   2             -2.4723368      2.94           0.4676632      0.096964198  
      2240   2             -2.4723368      2.94           0.4676632      0.096964199  
      2250   2             -2.4723368      2.94           0.4676632      0.096964199  
      2260   2             -2.4723368      2.94           0.4676632      0.096964199  
      2270   2             -2.4723368      2.94           0.4676632      0.096964199  
      2280   2             -2.4723368      2.94           0.4676632      0.096964199  
      2290   2             -2.4723368      2.94           0.4676632      0.096964199  
      2300   2             -2.4723368      2.94           0.4676632      0.096964199  
      2310   2             -2.4723368      2.94           0.4676632      0.096964199  
      2320   2             -2.4723368      2.94           0.4676632      0.096964199  
      2330   2             -2.4723368      2.94           0.4676632      0.096964199  
      2340   2             -2.4723368      2.94           0.4676632      0.096964199  
      2350   2             -2.4723368      2.94           0.4676632      0.096964199  
      2360   2             -2.4723368      2.94           0.4676632      0.096964199  
      2370   2             -2.4723368      2.94           0.4676632      0.096964199  
      2380   2             -2.4723368      2.94           0.4676632      0.096964199  
      2390   2             -2.4723368      2.94           0.4676632      0.096964199  
      2400   2             -2.4723368      2.94           0.4676632      0.096964199  
      2410   2             -2.4723368      2.94           0.46766321     0.096964199  
      2420   2             -2.4723368      2.94           0.46766321     0.096964199  
      2430   2             -2.4723368      2.94           0.46766321     0.096964199  
      2440   2             -2.4723368      2.94           0.46766321     0.096964199  
      2450   2             -2.4723368      2.94           0.46766321     0.096964199  
      2460   2             -2.4723368      2.94           0.46766321     0.096964199  
      2470   2             -2.4723368      2.94           0.46766321     0.096964199  
      2480   2             -2.4723368      2.94           0.46766321     0.096964199  
      2490   2             -2.4723368      2.94           0.46766321     0.096964199  
      2500   2             -2.4723368      2.94           0.46766321     0.096964199  
      2510   2             -2.4723368      2.94           0.46766321     0.096964199  
      2520   2             -2.4723368      2.94           0.46766321     0.096964199  
      2530   2             -2.4723368      2.94           0.46766321     0.096964199  
      2540   2             -2.4723368      2.94           0.46766321     0.096964199  
      2550   2             -2.4723368      2.94           0.46766321     0.096964199  
      2560   2             -2.4723368      2.94           0.46766321     0.096964199  
      2570   2             -2.4723368      2.94           0.46766321     0.096964199  
      2580   2             -2.4723368      2.94           0.46766321     0.096964199  
      2590   2             -2.4723368      2.94           0.46766321     0.096964199  
      2600   2             -2.4723368      2.94           0.46766321     0.096964199  
      2610   2             -2.4723368      2.94           0.46766321     0.096964199  
      2620   2             -2.4723368      2.94           0.46766321     0.096964199  
      2630   2             -2.4723368      2.94           0.46766321     0.096964199  
      2640   2             -2.4723368      2.94           0.46766321     0.096964199  
      2650   2             -2.4723368      2.94           0.46766321     0.096964199  
      2660   2             -2.4723368      2.94           0.46766321     0.096964199  
      2670   2             -2.4723368      2.94           0.46766321     0.096964199  
      2680   2             -2.4723368      2.94           0.46766321     0.096964199  
      2690   2             -2.4723368      2.94           0.46766321     0.096964199  
      2700   2             -2.4723368      2.94           0.46766321     0.096964199  
      2710   2             -2.4723368      2.94           0.46766321     0.096964199  
      2720   2             -2.4723368      2.94           0.46766321     0.096964199  
      2730   2             -2.4723368      2.94           0.46766321     0.096964199  
      2740   2             -2.4723368      2.94           0.46766321     0.096964199  
      2750   2             -2.4723368      2.94           0.46766321     0.096964199  
      2760   2             -2.4723368      2.94           0.46766321     0.096964199  
      2770   2             -2.4723368      2.94           0.46766321     0.096964199  
      2780   2             -2.4723368      2.94           0.46766321     0.096964199  
      2790   2             -2.4723368      2.94           0.46766321     0.096964199  
      2800   2             -2.4723368      2.94           0.46766321     0.096964199  
      2810   2             -2.4723368      2.94           0.46766321     0.096964199  
      2820   2             -2.4723368      2.94           0.46766321     0.096964199  
      2830   2             -2.4723368      2.94           0.46766321     0.096964199  
      2840   2             -2.4723368      2.94           0.46766321     0.096964199  
      2850   2             -2.4723368      2.94           0.46766321     0.096964199  
      2860   2             -2.4723368      2.94           0.46766321     0.096964199  
      2870   2             -2.4723368      2.94           0.46766321     0.096964199  
      2880   2             -2.4723368      2.94           0.46766321     0.096964199  
      2890   2             -2.4723368      2.94           0.46766321     0.096964199  
      2900   2             -2.4723368      2.94           0.46766321     0.096964199  
      2910   2             -2.4723368      2.94           0.46766321     0.096964199  
      2920   2             -2.4723368      2.94           0.46766321     0.096964199  
      2930   2             -2.4723368      2.94           0.46766321     0.096964199  
      2940   2             -2.4723368      2.94           0.46766321     0.096964199  
      2950   2             -2.4723368      2.94           0.46766321     0.096964199  
      2960   2             -2.4723368      2.94           0.46766321     0.096964199  
      2970   2             -2.4723368      2.94           0.46766321     0.096964199  
      2980   2             -2.4723368      2.94           0.46766321     0.096964199  
      2990   2             -2.4723368      2.94           0.46766321     0.096964199  
      3000   2             -2.4723368      2.94           0.46766321     0.096964199  
      3010   2             -2.4723368      2.94           0.46766321     0.096964199  
      3020   2             -2.4723368      2.94           0.46766321     0.096964199  
      3030   2             -2.4723368      2.94           0.46766321     0.096964199  
      3040   2             -2.4723368      2.94           0.46766321     0.096964199  
      3050   2             -2.4723368      2.94           0.46766321     0.096964199  
      3060   2             -2.4723368      2.94           0.46766321     0.096964199  
      3070   2             -2.4723368      2.94           0.46766321     0.096964199  
      3080   2             -2.4723368      2.94           0.46766321     0.096964199  
      3090   2             -2.4723368      2.94           0.46766321     0.096964199  
      3100   2             -2.4723368      2.94           0.46766321     0.096964199  
      3110   2             -2.4723368      2.94           0.46766321     0.096964199  
      3120   2             -2.4723368      2.94           0.46766321     0.096964199  
      3130   2             -2.4723368      2.94           0.46766321     0.096964199  
      3140   2             -2.4723368      2.94           0.46766321     0.096964199  
      3150   2             -2.4723368      2.94           0.46766321     0.096964199  
      3160   2             -2.4723368      2.94           0.46766321     0.096964199  
      3170   2             -2.4723368      2.94           0.46766321     0.096964199  
      3180   2             -2.4723368      2.94           0.46766321     0.096964199  
      3190   2             -2.4723368      2.94           0.46766321     0.096964199  
      3200   2             -2.4723368      2.94           0.46766321     0.096964199  
      3210   2             -2.4723368      2.94           0.46766321     0.096964199  
      3220   2             -2.4723368      2.94           0.46766321     0.096964199  
      3230   2             -2.4723368      2.94           0.46766321     0.096964199  
      3240   2             -2.4723368      2.94           0.46766321     0.096964199  
      3250   2             -2.4723368      2.94           0.46766321     0.096964199  
      3260   2             -2.4723368      2.94           0.46766321     0.096964199  
      3270   2             -2.4723368      2.94           0.46766321     0.096964199  
      3280   2             -2.4723368      2.94           0.46766321     0.096964199  
      3290   2             -2.4723368      2.94           0.46766321     0.096964199  
      3300   2             -2.4723368      2.94           0.46766321     0.096964199  
      3310   2             -2.4723368      2.94           0.46766321     0.096964199  
      3320   2             -2.4723368      2.94           0.46766321     0.096964199  
      3330   2             -2.4723368      2.94           0.46766321     0.096964199  
      3340   2             -2.4723368      2.94           0.46766321     0.096964199  
      3350   2             -2.4723368      2.94           0.46766321     0.096964199  
      3360   2             -2.4723368      2.94           0.46766321     0.096964199  
      3370   2             -2.4723368      2.94           0.46766321     0.096964199  
      3380   2             -2.4723368      2.94           0.46766321     0.096964199  
      3390   2             -2.4723368      2.94           0.46766321     0.096964199  
      3400   2             -2.4723368      2.94           0.46766321     0.096964199  
      3410   2             -2.4723368      2.94           0.46766321     0.096964199  
      3420   2             -2.4723368      2.94           0.46766321     0.096964199  
      3430   2             -2.4723368      2.94           0.46766321     0.096964199  
      3440   2             -2.4723368      2.94           0.46766321     0.096964199  
      3450   2             -2.4723368      2.94           0.46766321     0.096964199  
      3460   2             -2.4723368      2.94           0.46766321     0.096964199  
      3470   2             -2.4723368      2.94           0.46766321     0.096964199  
      3480   2             -2.4723368      2.94           0.46766321     0.096964199  
      3490   2             -2.4723368      2.94           0.46766321     0.096964199  
      3500   2             -2.4723368      2.94           0.46766321     0.096964199  
      3510   2             -2.4723368      2.94           0.46766321     0.096964199  
      3520   2             -2.4723368      2.94           0.46766321     0.096964199  
      3530   2             -2.4723368      2.94           0.46766321     0.096964199  
      3540   2             -2.4723368      2.94           0.46766321     0.096964199  
      3550   2             -2.4723368      2.94           0.46766321     0.096964199  
      3560   2             -2.4723368      2.94           0.46766321     0.096964199  
      3570   2             -2.4723368      2.94           0.46766321     0.096964199  
      3580   2             -2.4723368      2.94           0.46766321     0.096964199  
      3590   2             -2.4723368      2.94           0.46766321     0.096964199  
      3600   2             -2.4723368      2.94           0.46766321     0.096964199  
      3610   2             -2.4723368      2.94           0.46766321     0.096964199  
      3620   2             -2.4723368      2.94           0.46766321     0.096964199  
      3630   2             -2.4723368      2.94           0.46766321     0.096964199  
      3640   2             -2.4723368      2.94           0.46766321     0.096964199  
      3650   2             -2.4723368      2.94           0.46766321     0.096964199  
      3660   2             -2.4723368      2.94           0.46766321     0.096964199  
      3670   2             -2.4723368      2.94           0.46766321     0.096964199  
      3680   2             -2.4723368      2.94           0.46766321     0.096964199  
      3690   2             -2.4723368      2.94           0.46766321     0.096964199  
      3700   2             -2.4723368      2.94           0.46766321     0.096964199  
      3710   2             -2.4723368      2.94           0.46766321     0.096964199  
      3720   2             -2.4723368      2.94           0.46766321     0.096964199  
      3730   2             -2.4723368      2.94           0.46766321     0.096964199  
      3740   2             -2.4723368      2.94           0.46766321     0.096964199  
      3750   2             -2.4723368      2.94           0.46766321     0.096964199  
      3760   2             -2.4723368      2.94           0.46766321     0.096964199  
      3770   2             -2.4723368      2.94           0.46766321     0.096964199  
      3780   2             -2.4723368      2.94           0.46766321     0.096964199  
      3790   2             -2.4723368      2.94           0.46766321     0.096964199  
      3800   2             -2.4723368      2.94           0.46766321     0.096964199  
      3810   2             -2.4723368      2.94           0.46766321     0.096964199  
      3820   2             -2.4723368      2.94           0.46766321     0.096964199  
      3830   2             -2.4723368      2.94           0.46766321     0.096964199  
      3840   2             -2.4723368      2.94           0.46766321     0.096964199  
      3850   2             -2.4723368      2.94           0.46766321     0.096964199  
      3860   2             -2.4723368      2.94           0.46766321     0.096964199  
      3870   2             -2.4723368      2.94           0.46766321     0.096964199  
      3880   2             -2.4723368      2.94           0.46766321     0.096964199  
      3890   2             -2.4723368      2.94           0.46766321     0.096964199  
      3900   2             -2.4723368      2.94           0.46766321     0.096964199  
      3910   2             -2.4723368      2.94           0.46766321     0.096964199  
      3920   2             -2.4723368      2.94           0.46766321     0.096964199  
      3930   2             -2.4723368      2.94           0.46766321     0.096964199  
      3940   2             -2.4723368      2.94           0.46766321     0.096964199  
      3950   2             -2.4723368      2.94           0.46766321     0.096964199  
      3960   2             -2.4723368      2.94           0.46766321     0.096964199  
      3970   2             -2.4723368      2.94           0.46766321     0.096964199  
      3980   2             -2.4723368      2.94           0.46766321     0.096964199  
      3990   2             -2.4723368      2.94           0.46766321     0.096964199  
      4000   2             -2.4723368      2.94           0.46766321     0.096964199  
      4010   2             -2.4723368      2.94           0.46766321     0.096964199  
      4020   2             -2.4723368      2.94           0.46766321     0.096964199  
      4030   2             -2.4723368      2.94           0.46766321     0.096964199  
      4040   2             -2.4723368      2.94           0.46766321     0.096964199  
      4050   2             -2.4723368      2.94           0.46766321     0.096964199  
      4060   2             -2.4723368      2.94           0.46766321     0.096964199  
      4070   2             -2.4723368      2.94           0.46766321     0.096964199  
      4080   2             -2.4723368      2.94           0.46766321     0.096964199  
      4090   2             -2.4723368      2.94           0.46766321     0.096964199  
      4100   2             -2.4723368      2.94           0.46766321     0.096964199  
      4110   2             -2.4723368      2.94           0.46766321     0.096964199  
      4120   2             -2.4723368      2.94           0.46766321     0.096964199  
      4130   2             -2.4723368      2.94           0.46766321     0.096964199  
      4140   2             -2.4723368      2.94           0.46766321     0.096964199  
      4150   2             -2.4723368      2.94           0.46766321     0.096964199  
      4160   2             -2.4723368      2.94           0.46766321     0.096964199  
      4170   2             -2.4723368      2.94           0.46766321     0.096964199  
      4180   2             -2.4723368      2.94           0.46766321     0.096964199  
      4190   2             -2.4723368      2.94           0.46766321     0.096964199  
      4200   2             -2.4723368      2.94           0.46766321     0.096964199  
      4210   2             -2.4723368      2.94           0.46766321     0.096964199  
      4220   2             -2.4723368      2.94           0.46766321     0.096964199  
      4230   2             -2.4723368      2.94           0.46766321     0.096964199  
      4240   2             -2.4723368      2.94           0.46766321     0.096964199  
      4250   2             -2.4723368      2.94           0.46766321     0.096964199  
      4260   2             -2.4723368      2.94           0.46766321     0.096964199  
      4270   2             -2.4723368      2.94           0.46766321     0.096964199  
      4280   2             -2.4723368      2.94           0.46766321     0.096964199  
      4290   2             -2.4723368      2.94           0.46766321     0.096964199  
      4300   2             -2.4723368      2.94           0.46766321     0.096964199  
      4310   2             -2.4723368      2.94           0.46766321     0.096964199  
      4320   2             -2.4723368      2.94           0.46766321     0.096964199  
      4330   2             -2.4723368      2.94           0.46766321     0.096964199  
      4340   2             -2.4723368      2.94           0.46766321     0.096964199  
      4350   2             -2.4723368      2.94           0.46766321     0.096964199  
      4360   2             -2.4723368      2.94           0.46766321     0.096964199  
      4370   2             -2.4723368      2.94           0.46766321     0.096964199  
      4380   2             -2.4723368      2.94           0.46766321     0.096964199  
      4390   2             -2.4723368      2.94           0.46766321     0.096964199  
      4400   2             -2.4723368      2.94           0.46766321     0.096964199  
      4410   2             -2.4723368      2.94           0.46766321     0.096964199  
      4420   2             -2.4723368      2.94           0.46766321     0.096964199  
      4430   2             -2.4723368      2.94           0.46766321     0.096964199  
      4440   2             -2.4723368      2.94           0.46766321     0.096964199  
      4450   2             -2.4723368      2.94           0.46766321     0.096964199  
      4460   2             -2.4723368      2.94           0.46766321     0.096964199  
      4470   2             -2.4723368      2.94           0.46766321     0.096964199  
      4480   2             -2.4723368      2.94           0.46766321     0.096964199  
      4490   2             -2.4723368      2.94           0.46766321     0.096964199  
      4500   2             -2.4723368      2.94           0.46766321     0.096964199  
      4510   2             -2.4723368      2.94           0.46766321     0.096964199  
      4520   2             -2.4723368      2.94           0.46766321     0.096964199  
      4530   2             -2.4723368      2.94           0.46766321     0.096964199  
      4540   2             -2.4723368      2.94           0.46766321     0.096964199  
      4550   2             -2.4723368      2.94           0.46766321     0.096964199  
      4560   2             -2.4723368      2.94           0.46766321     0.096964199  
      4570   2             -2.4723368      2.94           0.46766321     0.096964199  
      4580   2             -2.4723368      2.94           0.46766321     0.096964199  
      4590   2             -2.4723368      2.94           0.46766321     0.096964199  
      4600   2             -2.4723368      2.94           0.46766321     0.096964199  
      4610   2             -2.4723368      2.94           0.46766321     0.096964199  
      4620   2             -2.4723368      2.94           0.46766321     0.096964199  
      4630   2             -2.4723368      2.94           0.46766321     0.096964199  
      4640   2             -2.4723368      2.94           0.46766321     0.096964199  
      4650   2             -2.4723368      2.94           0.46766321     0.096964199  
      4660   2             -2.4723368      2.94           0.46766321     0.096964199  
      4670   2             -2.4723368      2.94           0.46766321     0.096964199  
      4680   2             -2.4723368      2.94           0.46766321     0.096964199  
      4690   2             -2.4723368      2.94           0.46766321     0.096964199  
      4700   2             -2.4723368      2.94           0.46766321     0.096964199  
      4710   2             -2.4723368      2.94           0.46766321     0.096964199  
      4720   2             -2.4723368      2.94           0.46766321     0.096964199  
      4730   2             -2.4723368      2.94           0.46766321     0.096964199  
      4740   2             -2.4723368      2.94           0.46766321     0.096964199  
      4750   2             -2.4723368      2.94           0.46766321     0.096964199  
      4760   2             -2.4723368      2.94           0.46766321     0.096964199  
      4770   2             -2.4723368      2.94           0.46766321     0.096964199  
      4780   2             -2.4723368      2.94           0.46766321     0.096964199  
      4790   2             -2.4723368      2.94           0.46766321     0.096964199  
      4800   2             -2.4723368      2.94           0.46766321     0.096964199  
      4810   2             -2.4723368      2.94           0.46766321     0.096964199  
      4820   2             -2.4723368      2.94           0.46766321     0.096964199  
      4830   2             -2.4723368      2.94           0.46766321     0.096964199  
      4840   2             -2.4723368      2.94           0.46766321     0.096964199  
      4850   2             -2.4723368      2.94           0.46766321     0.096964199  
      4860   2             -2.4723368      2.94           0.46766321     0.096964199  
      4870   2             -2.4723368      2.94           0.46766321     0.096964199  
      4880   2             -2.4723368      2.94           0.46766321     0.096964199  
      4890   2             -2.4723368      2.94           0.46766321     0.096964199  
      4900   2             -2.4723368      2.94           0.46766321     0.096964199  
      4910   2             -2.4723368      2.94           0.46766321     0.096964199  
      4920   2             -2.4723368      2.94           0.46766321     0.096964199  
      4930   2             -2.4723368      2.94           0.46766321     0.096964199  
      4940   2             -2.4723368      2.94           0.46766321     0.096964199  
      4950   2             -2.4723368      2.94           0.46766321     0.096964199  
      4960   2             -2.4723368      2.94           0.46766321     0.096964199  
      4970   2             -2.4723368      2.94           0.46766321     0.096964199  
      4980   2             -2.4723368      2.94           0.46766321     0.096964199  
      4990   2             -2.4723368      2.94           0.46766321     0.096964199  
      5000   2             -2.4723368      2.94           0.46766321     0.096964199  
      5010   2             -2.4723368      2.94           0.46766321     0.096964199  
      5020   2             -2.4723368      2.94           0.46766321     0.096964199  
      5030   2             -2.4723368      2.94           0.46766321     0.096964199  
      5040   2             -2.4723368      2.94           0.46766321     0.096964199  
      5050   2             -2.4723368      2.94           0.46766321     0.096964199  
      5060   2             -2.4723368      2.94           0.46766321     0.096964199  
      5070   2             -2.4723368      2.94           0.46766321     0.096964199  
      5080   2             -2.4723368      2.94           0.46766321     0.096964199  
      5090   2             -2.4723368      2.94           0.46766321     0.096964199  
      5100   2             -2.4723368      2.94           0.46766321     0.096964199  
      5110   2             -2.4723368      2.94           0.46766321     0.096964199  
      5120   2             -2.4723368      2.94           0.46766321     0.096964199  
      5130   2             -2.4723368      2.94           0.46766321     0.096964199  
      5140   2             -2.4723368      2.94           0.46766321     0.096964199  
      5150   2             -2.4723368      2.94           0.46766321     0.096964199  
      5160   2             -2.4723368      2.94           0.46766321     0.096964199  
      5170   2             -2.4723368      2.94           0.46766321     0.096964199  
      5180   2             -2.4723368      2.94           0.46766321     0.096964199  
      5190   2             -2.4723368      2.94           0.46766321     0.096964199  
      5200   2             -2.4723368      2.94           0.46766321     0.096964199  
      5210   2             -2.4723368      2.94           0.46766321     0.096964199  
      5220   2             -2.4723368      2.94           0.46766321     0.096964199  
      5230   2             -2.4723368      2.94           0.46766321     0.096964199  
      5240   2             -2.4723368      2.94           0.46766321     0.096964199  
      5250   2             -2.4723368      2.94           0.46766321     0.096964199  
      5260   2             -2.4723368      2.94           0.46766321     0.096964199  
      5270   2             -2.4723368      2.94           0.46766321     0.096964199  
      5280   2             -2.4723368      2.94           0.46766321     0.096964199  
      5290   2             -2.4723368      2.94           0.46766321     0.096964199  
      5300   2             -2.4723368      2.94           0.46766321     0.096964199  
      5310   2             -2.4723368      2.94           0.46766321     0.096964199  
      5320   2             -2.4723368      2.94           0.46766321     0.096964199  
      5330   2             -2.4723368      2.94           0.46766321     0.096964199  
      5340   2             -2.4723368      2.94           0.46766321     0.096964199  
      5350   2             -2.4723368      2.94           0.46766321     0.096964199  
      5360   2             -2.4723368      2.94           0.46766321     0.096964199  
      5370   2             -2.4723368      2.94           0.46766321     0.096964199  
      5380   2             -2.4723368      2.94           0.46766321     0.096964199  
      5390   2             -2.4723368      2.94           0.46766321     0.096964199  
      5400   2             -2.4723368      2.94           0.46766321     0.096964199  
      5410   2             -2.4723368      2.94           0.46766321     0.096964199  
      5420   2             -2.4723368      2.94           0.46766321     0.096964199  
      5430   2             -2.4723368      2.94           0.46766321     0.096964199  
      5440   2             -2.4723368      2.94           0.46766321     0.096964199  
      5450   2             -2.4723368      2.94           0.46766321     0.096964199  
      5460   2             -2.4723368      2.94           0.46766321     0.096964199  
      5470   2             -2.4723368      2.94           0.46766321     0.096964199  
      5480   2             -2.4723368      2.94           0.46766321     0.096964199  
      5490   2             -2.4723368      2.94           0.46766321     0.096964199  
      5500   2             -2.4723368      2.94           0.46766321     0.096964199  
      5510   2             -2.4723368      2.94           0.46766321     0.096964199  
      5520   2             -2.4723368      2.94           0.46766321     0.096964199  
      5530   2             -2.4723368      2.94           0.46766321     0.096964199  
      5540   2             -2.4723368      2.94           0.46766321     0.096964199  
      5550   2             -2.4723368      2.94           0.46766321     0.096964199  
      5560   2             -2.4723368      2.94           0.46766321     0.096964199  
      5570   2             -2.4723368      2.94           0.46766321     0.096964199  
      5580   2             -2.4723368      2.94           0.46766321     0.096964199  
      5590   2             -2.4723368      2.94           0.46766321     0.096964199  
      5600   2             -2.4723368      2.94           0.46766321     0.096964199  
      5610   2             -2.4723368      2.94           0.46766321     0.096964199  
      5620   2             -2.4723368      2.94           0.46766321     0.096964199  
      5630   2             -2.4723368      2.94           0.46766321     0.096964199  
      5640   2             -2.4723368      2.94           0.46766321     0.096964199  
      5650   2             -2.4723368      2.94           0.46766321     0.096964199  
      5660   2             -2.4723368      2.94           0.46766321     0.096964199  
      5670   2             -2.4723368      2.94           0.46766321     0.096964199  
      5680   2             -2.4723368      2.94           0.46766321     0.096964199  
      5690   2             -2.4723368      2.94           0.46766321     0.096964199  
      5700   2             -2.4723368      2.94           0.46766321     0.096964199  
      5710   2             -2.4723368      2.94           0.46766321     0.096964199  
      5720   2             -2.4723368      2.94           0.46766321     0.096964199  
      5730   2             -2.4723368      2.94           0.46766321     0.096964199  
      5740   2             -2.4723368      2.94           0.46766321     0.096964199  
      5750   2             -2.4723368      2.94           0.46766321     0.096964199  
      5760   2             -2.4723368      2.94           0.46766321     0.096964199  
      5770   2             -2.4723368      2.94           0.46766321     0.096964199  
      5780   2             -2.4723368      2.94           0.46766321     0.096964199  
      5790   2             -2.4723368      2.94           0.46766321     0.096964199  
      5800   2             -2.4723368      2.94           0.46766321     0.096964199  
      5810   2             -2.4723368      2.94           0.46766321     0.096964199  
      5820   2             -2.4723368      2.94           0.46766321     0.096964199  
      5830   2             -2.4723368      2.94           0.46766321     0.096964199  
      5840   2             -2.4723368      2.94           0.46766321     0.096964199  
      5850   2             -2.4723368      2.94           0.46766321     0.096964199  
      5860   2             -2.4723368      2.94           0.46766321     0.096964199  
      5870   2             -2.4723368      2.94           0.46766321     0.096964199  
      5880   2             -2.4723368      2.94           0.46766321     0.096964199  
      5890   2             -2.4723368      2.94           0.46766321     0.096964199  
      5900   2             -2.4723368      2.94           0.46766321     0.096964199  
      5910   2             -2.4723368      2.94           0.46766321     0.096964199  
      5920   2             -2.4723368      2.94           0.46766321     0.096964199  
      5930   2             -2.4723368      2.94           0.46766321     0.096964199  
      5940   2             -2.4723368      2.94           0.46766321     0.096964199  
      5950   2             -2.4723368      2.94           0.46766321     0.096964199  
      5960   2             -2.4723368      2.94           0.46766321     0.096964199  
      5970   2             -2.4723368      2.94           0.46766321     0.096964199  
      5980   2             -2.4723368      2.94           0.46766321     0.096964199  
      5990   2             -2.4723368      2.94           0.46766321     0.096964199  
      6000   2             -2.4723368      2.94           0.46766321     0.096964199  
      6010   2             -2.4723368      2.94           0.46766321     0.096964199  
      6020   2             -2.4723368      2.94           0.46766321     0.096964199  
      6030   2             -2.4723368      2.94           0.46766321     0.096964199  
      6040   2             -2.4723368      2.94           0.46766321     0.096964199  
      6050   2             -2.4723368      2.94           0.46766321     0.096964199  
      6060   2             -2.4723368      2.94           0.46766321     0.096964199  
      6070   2             -2.4723368      2.94           0.46766321     0.096964199  
      6080   2             -2.4723368      2.94           0.46766321     0.096964199  
      6090   2             -2.4723368      2.94           0.46766321     0.096964199  
      6100   2             -2.4723368      2.94           0.46766321     0.096964199  
      6110   2             -2.4723368      2.94           0.46766321     0.096964199  
      6120   2             -2.4723368      2.94           0.46766321     0.096964199  
      6130   2             -2.4723368      2.94           0.46766321     0.096964199  
      6140   2             -2.4723368      2.94           0.46766321     0.096964199  
      6150   2             -2.4723368      2.94           0.46766321     0.096964199  
      6160   2             -2.4723368      2.94           0.46766321     0.096964199  
      6170   2             -2.4723368      2.94           0.46766321     0.096964199  
      6180   2             -2.4723368      2.94           0.46766321     0.096964199  
      6190   2             -2.4723368      2.94           0.46766321     0.096964199  
      6200   2             -2.4723368      2.94           0.46766321     0.096964199  
      6210   2             -2.4723368      2.94           0.46766321     0.096964199  
      6220   2             -2.4723368      2.94           0.46766321     0.096964199  
      6230   2             -2.4723368      2.94           0.46766321     0.096964199  
      6240   2             -2.4723368      2.94           0.46766321     0.096964199  
      6250   2             -2.4723368      2.94           0.46766321     0.096964199  
      6260   2             -2.4723368      2.94           0.46766321     0.096964199  
      6270   2             -2.4723368      2.94           0.46766321     0.096964199  
      6280   2             -2.4723368      2.94           0.46766321     0.096964199  
      6290   2             -2.4723368      2.94           0.46766321     0.096964199  
      6300   2             -2.4723368      2.94           0.46766321     0.096964199  
      6310   2             -2.4723368      2.94           0.46766321     0.096964199  
      6320   2             -2.4723368      2.94           0.46766321     0.096964199  
      6330   2             -2.4723368      2.94           0.46766321     0.096964199  
      6340   2             -2.4723368      2.94           0.46766321     0.096964199  
      6350   2             -2.4723368      2.94           0.46766321     0.096964199  
      6360   2             -2.4723368      2.94           0.46766321     0.096964199  
      6370   2             -2.4723368      2.94           0.46766321     0.096964199  
      6380   2             -2.4723368      2.94           0.46766321     0.096964199  
      6390   2             -2.4723368      2.94           0.46766321     0.096964199  
      6400   2             -2.4723368      2.94           0.46766321     0.096964199  
      6410   2             -2.4723368      2.94           0.46766321     0.096964199  
      6420   2             -2.4723368      2.94           0.46766321     0.096964199  
      6430   2             -2.4723368      2.94           0.46766321     0.096964199  
      6440   2             -2.4723368      2.94           0.46766321     0.096964199  
      6450   2             -2.4723368      2.94           0.46766321     0.096964199  
      6460   2             -2.4723368      2.94           0.46766321     0.096964199  
      6470   2             -2.4723368      2.94           0.46766321     0.096964199  
      6480   2             -2.4723368      2.94           0.46766321     0.096964199  
      6490   2             -2.4723368      2.94           0.46766321     0.096964199  
      6500   2             -2.4723368      2.94           0.46766321     0.096964199  
      6510   2             -2.4723368      2.94           0.46766321     0.096964199  
      6520   2             -2.4723368      2.94           0.46766321     0.096964199  
      6530   2             -2.4723368      2.94           0.46766321     0.096964199  
      6540   2             -2.4723368      2.94           0.46766321     0.096964199  
      6550   2             -2.4723368      2.94           0.46766321     0.096964199  
      6560   2             -2.4723368      2.94           0.46766321     0.096964199  
      6570   2             -2.4723368      2.94           0.46766321     0.096964199  
      6580   2             -2.4723368      2.94           0.46766321     0.096964199  
      6590   2             -2.4723368      2.94           0.46766321     0.096964199  
      6600   2             -2.4723368      2.94           0.46766321     0.096964199  
      6610   2             -2.4723368      2.94           0.46766321     0.096964199  
      6620   2             -2.4723368      2.94           0.46766321     0.096964199  
      6630   2             -2.4723368      2.94           0.46766321     0.096964199  
      6640   2             -2.4723368      2.94           0.46766321     0.096964199  
      6650   2             -2.4723368      2.94           0.46766321     0.096964199  
      6660   2             -2.4723368      2.94           0.46766321     0.096964199  
      6670   2             -2.4723368      2.94           0.46766321     0.096964199  
      6680   2             -2.4723368      2.94           0.46766321     0.096964199  
      6690   2             -2.4723368      2.94           0.46766321     0.096964199  
      6700   2             -2.4723368      2.94           0.46766321     0.096964199  
      6710   2             -2.4723368      2.94           0.46766321     0.096964199  
      6720   2             -2.4723368      2.94           0.46766321     0.096964199  
      6730   2             -2.4723368      2.94           0.46766321     0.096964199  
      6740   2             -2.4723368      2.94           0.46766321     0.096964199  
      6750   2             -2.4723368      2.94           0.46766321     0.096964199  
      6760   2             -2.4723368      2.94           0.46766321     0.096964199  
      6770   2             -2.4723368      2.94           0.46766321     0.096964199  
      6780   2             -2.4723368      2.94           0.46766321     0.096964199  
      6790   2             -2.4723368      2.94           0.46766321     0.096964199  
      6800   2             -2.4723368      2.94           0.46766321     0.096964199  
      6810   2             -2.4723368      2.94           0.46766321     0.096964199  
      6820   2             -2.4723368      2.94           0.46766321     0.096964199  
      6830   2             -2.4723368      2.94           0.46766321     0.096964199  
      6840   2             -2.4723368      2.94           0.46766321     0.096964199  
      6850   2             -2.4723368      2.94           0.46766321     0.096964199  
      6860   2             -2.4723368      2.94           0.46766321     0.096964199  
      6870   2             -2.4723368      2.94           0.46766321     0.096964199  
      6880   2             -2.4723368      2.94           0.46766321     0.096964199  
      6890   2             -2.4723368      2.94           0.46766321     0.096964199  
      6900   2             -2.4723368      2.94           0.46766321     0.096964199  
      6910   2             -2.4723368      2.94           0.46766321     0.096964199  
      6920   2             -2.4723368      2.94           0.46766321     0.096964199  
      6930   2             -2.4723368      2.94           0.46766321     0.096964199  
      6940   2             -2.4723368      2.94           0.46766321     0.096964199  
      6950   2             -2.4723368      2.94           0.46766321     0.096964199  
      6960   2             -2.4723368      2.94           0.46766321     0.096964199  
      6970   2             -2.4723368      2.94           0.46766321     0.096964199  
      6980   2             -2.4723368      2.94           0.46766321     0.096964199  
      6990   2             -2.4723368      2.94           0.46766321     0.096964199  
      7000   2             -2.4723368      2.94           0.46766321     0.096964199  
      7010   2             -2.4723368      2.94           0.46766321     0.096964199  
      7020   2             -2.4723368      2.94           0.46766321     0.096964199  
      7030   2             -2.4723368      2.94           0.46766321     0.096964199  
      7040   2             -2.4723368      2.94           0.46766321     0.096964199  
      7050   2             -2.4723368      2.94           0.46766321     0.096964199  
      7060   2             -2.4723368      2.94           0.46766321     0.096964199  
      7070   2             -2.4723368      2.94           0.46766321     0.096964199  
      7080   2             -2.4723368      2.94           0.46766321     0.096964199  
      7090   2             -2.4723368      2.94           0.46766321     0.096964199  
      7100   2             -2.4723368      2.94           0.46766321     0.096964199  
      7110   2             -2.4723368      2.94           0.46766321     0.096964199  
      7120   2             -2.4723368      2.94           0.46766321     0.096964199  
      7130   2             -2.4723368      2.94           0.46766321     0.096964199  
      7140   2             -2.4723368      2.94           0.46766321     0.096964199  
      7150   2             -2.4723368      2.94           0.46766321     0.096964199  
      7160   2             -2.4723368      2.94           0.46766321     0.096964199  
      7170   2             -2.4723368      2.94           0.46766321     0.096964199  
      7180   2             -2.4723368      2.94           0.46766321     0.096964199  
      7190   2             -2.4723368      2.94           0.46766321     0.096964199  
      7200   2             -2.4723368      2.94           0.46766321     0.096964199  
      7210   2             -2.4723368      2.94           0.46766321     0.096964199  
      7220   2             -2.4723368      2.94           0.46766321     0.096964199  
      7230   2             -2.4723368      2.94           0.46766321     0.096964199  
      7240   2             -2.4723368      2.94           0.46766321     0.096964199  
      7250   2             -2.4723368      2.94           0.46766321     0.096964199  
      7260   2             -2.4723368      2.94           0.46766321     0.096964199  
      7270   2             -2.4723368      2.94           0.46766321     0.096964199  
      7280   2             -2.4723368      2.94           0.46766321     0.096964199  
      7290   2             -2.4723368      2.94           0.46766321     0.096964199  
      7300   2             -2.4723368      2.94           0.46766321     0.096964199  
      7310   2             -2.4723368      2.94           0.46766321     0.096964199  
      7320   2             -2.4723368      2.94           0.46766321     0.096964199  
      7330   2             -2.4723368      2.94           0.46766321     0.096964199  
      7340   2             -2.4723368      2.94           0.46766321     0.096964199  
      7350   2             -2.4723368      2.94           0.46766321     0.096964199  
      7360   2             -2.4723368      2.94           0.46766321     0.096964199  
      7370   2             -2.4723368      2.94           0.46766321     0.096964199  
      7380   2             -2.4723368      2.94           0.46766321     0.096964199  
      7390   2             -2.4723368      2.94           0.46766321     0.096964199  
      7400   2             -2.4723368      2.94           0.46766321     0.096964199  
      7410   2             -2.4723368      2.94           0.46766321     0.096964199  
      7420   2             -2.4723368      2.94           0.46766321     0.096964199  
      7430   2             -2.4723368      2.94           0.46766321     0.096964199  
      7440   2             -2.4723368      2.94           0.46766321     0.096964199  
      7450   2             -2.4723368      2.94           0.46766321     0.096964199  
      7460   2             -2.4723368      2.94           0.46766321     0.096964199  
      7470   2             -2.4723368      2.94           0.46766321     0.096964199  
      7480   2             -2.4723368      2.94           0.46766321     0.096964199  
      7490   2             -2.4723368      2.94           0.46766321     0.096964199  
      7500   2             -2.4723368      2.94           0.46766321     0.096964199  
      7510   2             -2.4723368      2.94           0.46766321     0.096964199  
      7520   2             -2.4723368      2.94           0.46766321     0.096964199  
      7530   2             -2.4723368      2.94           0.46766321     0.096964199  
      7540   2             -2.4723368      2.94           0.46766321     0.096964199  
      7550   2             -2.4723368      2.94           0.46766321     0.096964199  
      7560   2             -2.4723368      2.94           0.46766321     0.096964199  
      7570   2             -2.4723368      2.94           0.46766321     0.096964199  
      7580   2             -2.4723368      2.94           0.46766321     0.096964199  
      7590   2             -2.4723368      2.94           0.46766321     0.096964199  
      7600   2             -2.4723368      2.94           0.46766321     0.096964199  
      7610   2             -2.4723368      2.94           0.46766321     0.096964199  
      7620   2             -2.4723368      2.94           0.46766321     0.096964199  
      7630   2             -2.4723368      2.94           0.46766321     0.096964199  
      7640   2             -2.4723368      2.94           0.46766321     0.096964199  
      7650   2             -2.4723368      2.94           0.46766321     0.096964199  
      7660   2             -2.4723368      2.94           0.46766321     0.096964199  
      7670   2             -2.4723368      2.94           0.46766321     0.096964199  
      7680   2             -2.4723368      2.94           0.46766321     0.096964199  
      7690   2             -2.4723368      2.94           0.46766321     0.096964199  
      7700   2             -2.4723368      2.94           0.46766321     0.096964199  
      7710   2             -2.4723368      2.94           0.46766321     0.096964199  
      7720   2             -2.4723368      2.94           0.46766321     0.096964199  
      7730   2             -2.4723368      2.94           0.46766321     0.096964199  
      7740   2             -2.4723368      2.94           0.46766321     0.096964199  
      7750   2             -2.4723368      2.94           0.46766321     0.096964199  
      7760   2             -2.4723368      2.94           0.46766321     0.096964199  
      7770   2             -2.4723368      2.94           0.46766321     0.096964199  
      7780   2             -2.4723368      2.94           0.46766321     0.096964199  
      7790   2             -2.4723368      2.94           0.46766321     0.096964199  
      7800   2             -2.4723368      2.94           0.46766321     0.096964199  
      7810   2             -2.4723368      2.94           0.46766321     0.096964199  
      7820   2             -2.4723368      2.94           0.46766321     0.096964199  
      7830   2             -2.4723368      2.94           0.46766321     0.096964199  
      7840   2             -2.4723368      2.94           0.46766321     0.096964199  
      7850   2             -2.4723368      2.94           0.46766321     0.096964199  
      7860   2             -2.4723368      2.94           0.46766321     0.096964199  
      7870   2             -2.4723368      2.94           0.46766321     0.096964199  
      7880   2             -2.4723368      2.94           0.46766321     0.096964199  
      7890   2             -2.4723368      2.94           0.46766321     0.096964199  
      7900   2             -2.4723368      2.94           0.46766321     0.096964199  
      7910   2             -2.4723368      2.94           0.46766321     0.096964199  
      7920   2             -2.4723368      2.94           0.46766321     0.096964199  
      7930   2             -2.4723368      2.94           0.46766321     0.096964199  
      7940   2             -2.4723368      2.94           0.46766321     0.096964199  
      7950   2             -2.4723368      2.94           0.46766321     0.096964199  
      7960   2             -2.4723368      2.94           0.46766321     0.096964199  
      7970   2             -2.4723368      2.94           0.46766321     0.096964199  
      7980   2             -2.4723368      2.94           0.46766321     0.096964199  
      7990   2             -2.4723368      2.94           0.46766321     0.096964199  
      8000   2             -2.4723368      2.94           0.46766321     0.096964199  
      8010   2             -2.4723368      2.94           0.46766321     0.096964199  
      8020   2             -2.4723368      2.94           0.46766321     0.096964199  
      8030   2             -2.4723368      2.94           0.46766321     0.096964199  
      8040   2             -2.4723368      2.94           0.46766321     0.096964199  
      8050   2             -2.4723368      2.94           0.46766321     0.096964199  
      8060   2             -2.4723368      2.94           0.46766321     0.096964199  
      8070   2             -2.4723368      2.94           0.46766321     0.096964199  
      8080   2             -2.4723368      2.94           0.46766321     0.096964199  
      8090   2             -2.4723368      2.94           0.46766321     0.096964199  
      8100   2             -2.4723368      2.94           0.46766321     0.096964199  
      8110   2             -2.4723368      2.94           0.46766321     0.096964199  
      8120   2             -2.4723368      2.94           0.46766321     0.096964199  
      8130   2             -2.4723368      2.94           0.46766321     0.096964199  
      8140   2             -2.4723368      2.94           0.46766321     0.096964199  
      8150   2             -2.4723368      2.94           0.46766321     0.096964199  
      8160   2             -2.4723368      2.94           0.46766321     0.096964199  
      8170   2             -2.4723368      2.94           0.46766321     0.096964199  
      8180   2             -2.4723368      2.94           0.46766321     0.096964199  
      8190   2             -2.4723368      2.94           0.46766321     0.096964199  
      8200   2             -2.4723368      2.94           0.46766321     0.096964199  
      8210   2             -2.4723368      2.94           0.46766321     0.096964199  
      8220   2             -2.4723368      2.94           0.46766321     0.096964199  
      8230   2             -2.4723368      2.94           0.46766321     0.096964199  
      8240   2             -2.4723368      2.94           0.46766321     0.096964199  
      8250   2             -2.4723368      2.94           0.46766321     0.096964199  
      8260   2             -2.4723368      2.94           0.46766321     0.096964199  
      8270   2             -2.4723368      2.94           0.46766321     0.096964199  
      8280   2             -2.4723368      2.94           0.46766321     0.096964199  
      8290   2             -2.4723368      2.94           0.46766321     0.096964199  
      8300   2             -2.4723368      2.94           0.46766321     0.096964199  
      8310   2             -2.4723368      2.94           0.46766321     0.096964199  
      8320   2             -2.4723368      2.94           0.46766321     0.096964199  
      8330   2             -2.4723368      2.94           0.46766321     0.096964199  
      8340   2             -2.4723368      2.94           0.46766321     0.096964199  
      8350   2             -2.4723368      2.94           0.46766321     0.096964199  
      8360   2             -2.4723368      2.94           0.46766321     0.096964199  
      8370   2             -2.4723368      2.94           0.46766321     0.096964199  
      8380   2             -2.4723368      2.94           0.46766321     0.096964199  
      8390   2             -2.4723368      2.94           0.46766321     0.096964199  
      8400   2             -2.4723368      2.94           0.46766321     0.096964199  
      8410   2             -2.4723368      2.94           0.46766321     0.096964199  
      8420   2             -2.4723368      2.94           0.46766321     0.096964199  
      8430   2             -2.4723368      2.94           0.46766321     0.096964199  
      8440   2             -2.4723368      2.94           0.46766321     0.096964199  
      8450   2             -2.4723368      2.94           0.46766321     0.096964199  
      8460   2             -2.4723368      2.94           0.46766321     0.096964199  
      8470   2             -2.4723368      2.94           0.46766321     0.096964199  
      8480   2             -2.4723368      2.94           0.46766321     0.096964199  
      8490   2             -2.4723368      2.94           0.46766321     0.096964199  
      8500   2             -2.4723368      2.94           0.46766321     0.096964199  
      8510   2             -2.4723368      2.94           0.46766321     0.096964199  
      8520   2             -2.4723368      2.94           0.46766321     0.096964199  
      8530   2             -2.4723368      2.94           0.46766321     0.096964199  
      8540   2             -2.4723368      2.94           0.46766321     0.096964199  
      8550   2             -2.4723368      2.94           0.46766321     0.096964199  
      8560   2             -2.4723368      2.94           0.46766321     0.096964199  
      8570   2             -2.4723368      2.94           0.46766321     0.096964199  
      8580   2             -2.4723368      2.94           0.46766321     0.096964199  
      8590   2             -2.4723368      2.94           0.46766321     0.096964199  
      8600   2             -2.4723368      2.94           0.46766321     0.096964199  
      8610   2             -2.4723368      2.94           0.46766321     0.096964199  
      8620   2             -2.4723368      2.94           0.46766321     0.096964199  
      8630   2             -2.4723368      2.94           0.46766321     0.096964199  
      8640   2             -2.4723368      2.94           0.46766321     0.096964199  
      8650   2             -2.4723368      2.94           0.46766321     0.096964199  
      8660   2             -2.4723368      2.94           0.46766321     0.096964199  
      8670   2             -2.4723368      2.94           0.46766321     0.096964199  
      8680   2             -2.4723368      2.94           0.46766321     0.096964199  
      8690   2             -2.4723368      2.94           0.46766321     0.096964199  
      8700   2             -2.4723368      2.94           0.46766321     0.096964199  
      8710   2             -2.4723368      2.94           0.46766321     0.096964199  
      8720   2             -2.4723368      2.94           0.46766321     0.096964199  
      8730   2             -2.4723368      2.94           0.46766321     0.096964199  
      8740   2             -2.4723368      2.94           0.46766321     0.096964199  
      8750   2             -2.4723368      2.94           0.46766321     0.096964199  
      8760   2             -2.4723368      2.94           0.46766321     0.096964199  
      8770   2             -2.4723368      2.94           0.46766321     0.096964199  
      8780   2             -2.4723368      2.94           0.46766321     0.096964199  
      8790   2             -2.4723368      2.94           0.46766321     0.096964199  
      8800   2             -2.4723368      2.94           0.46766321     0.096964199  
      8810   2             -2.4723368      2.94           0.46766321     0.096964199  
      8820   2             -2.4723368      2.94           0.46766321     0.096964199  
      8830   2             -2.4723368      2.94           0.46766321     0.096964199  
      8840   2             -2.4723368      2.94           0.46766321     0.096964199  
      8850   2             -2.4723368      2.94           0.46766321     0.096964199  
      8860   2             -2.4723368      2.94           0.46766321     0.096964199  
      8870   2             -2.4723368      2.94           0.46766321     0.096964199  
      8880   2             -2.4723368      2.94           0.46766321     0.096964199  
      8890   2             -2.4723368      2.94           0.46766321     0.096964199  
      8900   2             -2.4723368      2.94           0.46766321     0.096964199  
      8910   2             -2.4723368      2.94           0.46766321     0.096964199  
      8920   2             -2.4723368      2.94           0.46766321     0.096964199  
      8930   2             -2.4723368      2.94           0.46766321     0.096964199  
      8940   2             -2.4723368      2.94           0.46766321     0.096964199  
      8950   2             -2.4723368      2.94           0.46766321     0.096964199  
      8960   2             -2.4723368      2.94           0.46766321     0.096964199  
      8970   2             -2.4723368      2.94           0.46766321     0.096964199  
      8980   2             -2.4723368      2.94           0.46766321     0.096964199  
      8990   2             -2.4723368      2.94           0.46766321     0.096964199  
      9000   2             -2.4723368      2.94           0.46766321     0.096964199  
      9010   2             -2.4723368      2.94           0.46766321     0.096964199  
      9020   2             -2.4723368      2.94           0.46766321     0.096964199  
      9030   2             -2.4723368      2.94           0.46766321     0.096964199  
      9040   2             -2.4723368      2.94           0.46766321     0.096964199  
      9050   2             -2.4723368      2.94           0.46766321     0.096964199  
      9060   2             -2.4723368      2.94           0.46766321     0.096964199  
      9070   2             -2.4723368      2.94           0.46766321     0.096964199  
      9080   2             -2.4723368      2.94           0.46766321     0.096964199  
      9090   2             -2.4723368      2.94           0.46766321     0.096964199  
      9100   2             -2.4723368      2.94           0.46766321     0.096964199  
      9110   2             -2.4723368      2.94           0.46766321     0.096964199  
      9120   2             -2.4723368      2.94           0.46766321     0.096964199  
      9130   2             -2.4723368      2.94           0.46766321     0.096964199  
      9140   2             -2.4723368      2.94           0.46766321     0.096964199  
      9150   2             -2.4723368      2.94           0.46766321     0.096964199  
      9160   2             -2.4723368      2.94           0.46766321     0.096964199  
      9170   2             -2.4723368      2.94           0.46766321     0.096964199  
      9180   2             -2.4723368      2.94           0.46766321     0.096964199  
      9190   2             -2.4723368      2.94           0.46766321     0.096964199  
      9200   2             -2.4723368      2.94           0.46766321     0.096964199  
      9210   2             -2.4723368      2.94           0.46766321     0.096964199  
      9220   2             -2.4723368      2.94           0.46766321     0.096964199  
      9230   2             -2.4723368      2.94           0.46766321     0.096964199  
      9240   2             -2.4723368      2.94           0.46766321     0.096964199  
      9250   2             -2.4723368      2.94           0.46766321     0.096964199  
      9260   2             -2.4723368      2.94           0.46766321     0.096964199  
      9270   2             -2.4723368      2.94           0.46766321     0.096964199  
      9280   2             -2.4723368      2.94           0.46766321     0.096964199  
      9290   2             -2.4723368      2.94           0.46766321     0.096964199  
      9300   2             -2.4723368      2.94           0.46766321     0.096964199  
      9310   2             -2.4723368      2.94           0.46766321     0.096964199  
      9320   2             -2.4723368      2.94           0.46766321     0.096964199  
      9330   2             -2.4723368      2.94           0.46766321     0.096964199  
      9340   2             -2.4723368      2.94           0.46766321     0.096964199  
      9350   2             -2.4723368      2.94           0.46766321     0.096964199  
      9360   2             -2.4723368      2.94           0.46766321     0.096964199  
      9370   2             -2.4723368      2.94           0.46766321     0.096964199  
      9380   2             -2.4723368      2.94           0.46766321     0.096964199  
      9390   2             -2.4723368      2.94           0.46766321     0.096964199  
      9400   2             -2.4723368      2.94           0.46766321     0.096964199  
      9410   2             -2.4723368      2.94           0.46766321     0.096964199  
      9420   2             -2.4723368      2.94           0.46766321     0.096964199  
      9430   2             -2.4723368      2.94           0.46766321     0.096964199  
      9440   2             -2.4723368      2.94           0.46766321     0.096964199  
      9450   2             -2.4723368      2.94           0.46766321     0.096964199  
      9460   2             -2.4723368      2.94           0.46766321     0.096964199  
      9470   2             -2.4723368      2.94           0.46766321     0.096964199  
      9480   2             -2.4723368      2.94           0.46766321     0.096964199  
      9490   2             -2.4723368      2.94           0.46766321     0.096964199  
      9500   2             -2.4723368      2.94           0.46766321     0.096964199  
      9510   2             -2.4723368      2.94           0.46766321     0.096964199  
      9520   2             -2.4723368      2.94           0.46766321     0.096964199  
      9530   2             -2.4723368      2.94           0.46766321     0.096964199  
      9540   2             -2.4723368      2.94           0.46766321     0.096964199  
      9550   2             -2.4723368      2.94           0.46766321     0.096964199  
      9560   2             -2.4723368      2.94           0.46766321     0.096964199  
      9570   2             -2.4723368      2.94           0.46766321     0.096964199  
      9580   2             -2.4723368      2.94           0.46766321     0.096964199  
      9590   2             -2.4723368      2.94           0.46766321     0.096964199  
      9600   2             -2.4723368      2.94           0.46766321     0.096964199  
      9610   2             -2.4723368      2.94           0.46766321     0.096964199  
      9620   2             -2.4723368      2.94           0.46766321     0.096964199  
      9630   2             -2.4723368      2.94           0.46766321     0.096964199  
      9640   2             -2.4723368      2.94           0.46766321     0.096964199  
      9650   2             -2.4723368      2.94           0.46766321     0.096964199  
      9660   2             -2.4723368      2.94           0.46766321     0.096964199  
      9670   2             -2.4723368      2.94           0.46766321     0.096964199  
      9680   2             -2.4723368      2.94           0.46766321     0.096964199  
      9690   2             -2.4723368      2.94           0.46766321     0.096964199  
      9700   2             -2.4723368      2.94           0.46766321     0.096964199  
      9710   2             -2.4723368      2.94           0.46766321     0.096964199  
      9720   2             -2.4723368      2.94           0.46766321     0.096964199  
      9730   2             -2.4723368      2.94           0.46766321     0.096964199  
      9740   2             -2.4723368      2.94           0.46766321     0.096964199  
      9750   2             -2.4723368      2.94           0.46766321     0.096964199  
      9760   2             -2.4723368      2.94           0.46766321     0.096964199  
      9770   2             -2.4723368      2.94           0.46766321     0.096964199  
      9780   2             -2.4723368      2.94           0.46766321     0.096964199  
      9790   2             -2.4723368      2.94           0.46766321     0.096964199  
      9800   2             -2.4723368      2.94           0.46766321     0.096964199  
      9810   2             -2.4723368      2.94           0.46766321     0.096964199  
      9820   2             -2.4723368      2.94           0.46766321     0.096964199  
      9830   2             -2.4723368      2.94           0.46766321     0.096964199  
      9840   2             -2.4723368      2.94           0.46766321     0.096964199  
      9850   2             -2.4723368      2.94           0.46766321     0.096964199  
      9860   2             -2.4723368      2.94           0.46766321     0.096964199  
      9870   2             -2.4723368      2.94           0.46766321     0.096964199  
      9880   2             -2.4723368      2.94           0.46766321     0.096964199  
      9890   2             -2.4723368      2.94           0.46766321     0.096964199  
      9900   2             -2.4723368      2.94           0.46766321     0.096964199  
      9910   2             -2.4723368      2.94           0.46766321     0.096964199  
      9920   2             -2.4723368      2.94           0.46766321     0.096964199  
      9930   2             -2.4723368      2.94           0.46766321     0.096964199  
      9940   2             -2.4723368      2.94           0.46766321     0.096964199  
      9950   2             -2.4723368      2.94           0.46766321     0.096964199  
      9960   2             -2.4723368      2.94           0.46766321     0.096964199  
      9970   2             -2.4723368      2.94           0.46766321     0.096964199  
      9980   2             -2.4723368      2.94           0.46766321     0.096964199  
      9990   2             -2.4723368      2.94           0.46766321     0.096964199  
     10000   2             -2.4723368      2.94           0.46766321     0.096964199  
     10010   2             -2.4723368      2.94           0.46766321     0.096964199  
     10020   2             -2.4723368      2.94           0.46766321     0.096964199  
     10030   2             -2.4723368      2.94           0.46766321     0.096964199  
     10040   2             -2.4723368      2.94           0.46766321     0.096964199  
     10050   2             -2.4723368      2.94           0.46766321     0.096964199  
     10060   2             -2.4723368      2.94           0.46766321     0.096964199  
     10070   2             -2.4723368      2.94           0.46766321     0.096964199  
     10080   2             -2.4723368      2.94           0.46766321     0.096964199  
     10090   2             -2.4723368      2.94           0.46766321     0.096964199  
     10100   2             -2.4723368      2.94           0.46766321     0.096964199  
     10110   2             -2.4723368      2.94           0.46766321     0.096964199  
     10120   2             -2.4723368      2.94           0.46766321     0.096964199  
     10130   2             -2.4723368      2.94           0.46766321     0.096964199  
     10140   2             -2.4723368      2.94           0.46766321     0.096964199  
     10150   2             -2.4723368      2.94           0.46766321     0.096964199  
     10160   2             -2.4723368      2.94           0.46766321     0.096964199  
     10170   2             -2.4723368      2.94           0.46766321     0.096964199  
     10180   2             -2.4723368      2.94           0.46766321     0.096964199  
     10190   2             -2.4723368      2.94           0.46766321     0.096964199  
     10200   2             -2.4723368      2.94           0.46766321     0.096964199  
     10210   2             -2.4723368      2.94           0.46766321     0.096964199  
     10220   2             -2.4723368      2.94           0.46766321     0.096964199  
     10230   2             -2.4723368      2.94           0.46766321     0.096964199  
     10240   2             -2.4723368      2.94           0.46766321     0.096964199  
     10250   2             -2.4723368      2.94           0.46766321     0.096964199  
     10260   2             -2.4723368      2.94           0.46766321     0.096964199  
     10270   2             -2.4723368      2.94           0.46766321     0.096964199  
     10280   2             -2.4723368      2.94           0.46766321     0.096964199  
     10290   2             -2.4723368      2.94           0.46766321     0.096964199  
     10300   2             -2.4723368      2.94           0.46766321     0.096964199  
     10302   2             -2.4723368      2.94           0.46766321     0.096964199  
