   Step          Temp          PotEng         KinEng         TotEng         Press     
       337   1             -5.1584292      1.4925        -3.6659292      0.15470981   
       340   1.029701      -5.1584292      1.5368287     -3.6216004      0.16062031   
       350   1.122479      -5.1584292      1.6752999     -3.4831293      0.17908312   
       360   1.2063857     -5.1584292      1.8005307     -3.3578985      0.19578057   
       370   1.2822695     -5.1584292      1.9137872     -3.244642       0.21088143   
       380   1.3508974     -5.1584292      2.0162143     -3.1422148      0.22453838   
       390   1.4129632     -5.1584292      2.1088476     -3.0495816      0.23688949   
       400   1.4690945     -5.1584292      2.1926235     -2.9658057      0.2480596    
       410   1.5198585     -5.1584292      2.2683889     -2.8900403      0.25816166   
       420   1.5657687     -5.1584292      2.3369097     -2.8215194      0.26729777   
       430   1.607289      -5.1584292      2.3988788     -2.7595504      0.27556031   
       440   1.6448392     -5.1584292      2.4549225     -2.7035067      0.28303281   
       450   1.6787989     -5.1584292      2.5056074     -2.6528218      0.28979079   
       460   1.7095115     -5.1584292      2.5514459     -2.6069833      0.2959026    
       470   1.7372874     -5.1584292      2.5929015     -2.5655277      0.30143      
       480   1.7624074     -5.1584292      2.6303931     -2.5280361      0.30642889   
       490   1.7851256     -5.1584292      2.6642999     -2.4941293      0.31094979   
       500   1.8056714     -5.1584292      2.6949646     -2.4634646      0.31503842   
       510   1.8242527     -5.1584292      2.7226972     -2.435732       0.31873609   
       520   1.8410573     -5.1584292      2.747778      -2.4106512      0.32208021   
       530   1.8562551     -5.1584292      2.7704607     -2.3879685      0.32510457   
       540   1.8699997     -5.1584292      2.7909745     -2.3674547      0.32783974   
       550   1.88243       -5.1584292      2.8095268     -2.3489024      0.33031338   
       560   1.8936718     -5.1584292      2.8263052     -2.332124       0.3325505    
       570   1.9038387     -5.1584292      2.8414793     -2.3169499      0.33457371   
       580   1.9130334     -5.1584292      2.8552024     -2.3032268      0.33640346   
       590   1.921349      -5.1584292      2.8676134     -2.2908158      0.33805826   
       600   1.9288694     -5.1584292      2.8788377     -2.2795915      0.33955483   
       610   1.9356708     -5.1584292      2.8889887     -2.2694405      0.3409083    
       620   1.9418218     -5.1584292      2.8981691     -2.2602601      0.34213235   
       630   1.9473847     -5.1584292      2.9064717     -2.2519575      0.34323936   
       640   1.9524157     -5.1584292      2.9139804     -2.2444488      0.34424053   
       650   1.9569656     -5.1584292      2.9207711     -2.237658       0.34514596   
       660   1.9610804     -5.1584292      2.9269126     -2.2315166      0.34596482   
       670   1.9648019     -5.1584292      2.9324668     -2.2259624      0.34670538   
       680   1.9681674     -5.1584292      2.9374899     -2.2209393      0.34737513   
       690   1.9712112     -5.1584292      2.9420327     -2.2163965      0.34798083   
       700   1.9739639     -5.1584292      2.9461411     -2.212288       0.34852863   
       710   1.9764534     -5.1584292      2.9498567     -2.2085724      0.34902404   
       720   1.9787049     -5.1584292      2.9532171     -2.2052121      0.34947208   
       730   1.9807411     -5.1584292      2.9562561     -2.2021731      0.34987729   
       740   1.9825826     -5.1584292      2.9590045     -2.1994247      0.35024374   
       750   1.984248      -5.1584292      2.9614902     -2.196939       0.35057516   
       760   1.9857542     -5.1584292      2.9637381     -2.1946911      0.35087489   
       770   1.9871163     -5.1584292      2.9657711     -2.192658       0.35114596   
       780   1.9883482     -5.1584292      2.9676098     -2.1908194      0.35139111   
       790   1.9894624     -5.1584292      2.9692726     -2.1891566      0.35161282   
       800   1.99047       -5.1584292      2.9707764     -2.1876528      0.35181333   
       810   1.9913812     -5.1584292      2.9721364     -2.1862927      0.35199467   
       820   1.9922053     -5.1584292      2.9733664     -2.1850628      0.35215866   
       830   1.9929506     -5.1584292      2.9744788     -2.1839504      0.35230698   
       840   1.9936247     -5.1584292      2.9754848     -2.1829444      0.35244112   
       850   1.9942343     -5.1584292      2.9763946     -2.1820345      0.35256243   
       860   1.9947856     -5.1584292      2.9772175     -2.1812117      0.35267214   
       870   1.9952842     -5.1584292      2.9779616     -2.1804676      0.35277136   
       880   1.9957351     -5.1584292      2.9786346     -2.1797946      0.35286109   
       890   1.9961429     -5.1584292      2.9792433     -2.1791859      0.35294224   
       900   1.9965117     -5.1584292      2.9797937     -2.1786355      0.35301563   
       910   1.9968452     -5.1584292      2.9802915     -2.1781377      0.35308201   
       920   1.9971469     -5.1584292      2.9807417     -2.1776874      0.35314204   
       930   1.9974197     -5.1584292      2.9811489     -2.1772803      0.35319633   
       940   1.9976664     -5.1584292      2.9815171     -2.176912       0.35324543   
       950   1.9978896     -5.1584292      2.9818502     -2.176579       0.35328983   
       960   1.9980914     -5.1584292      2.9821513     -2.1762778      0.35332999   
       970   1.9982739     -5.1584292      2.9824237     -2.1760055      0.3533663    
       980   1.9984389     -5.1584292      2.9826701     -2.1757591      0.35339915   
       990   1.9985882     -5.1584292      2.9828928     -2.1755363      0.35342885   
      1000   1.9987232     -5.1584292      2.9830943     -2.1753348      0.35345572   
      1010   1.9988453     -5.1584292      2.9832765     -2.1751526      0.35348001   
      1020   1.9989557     -5.1584292      2.9834413     -2.1749878      0.35350199   
      1030   1.9990555     -5.1584292      2.9835904     -2.1748388      0.35352186   
      1040   1.9991458     -5.1584292      2.9837252     -2.174704       0.35353983   
      1050   1.9992275     -5.1584292      2.9838471     -2.1745821      0.35355608   
      1060   1.9993014     -5.1584292      2.9839573     -2.1744719      0.35357078   
      1070   1.9993682     -5.1584292      2.984057      -2.1743722      0.35358407   
      1080   1.9994286     -5.1584292      2.9841472     -2.174282       0.3535961    
      1090   1.9994832     -5.1584292      2.9842287     -2.1742005      0.35360697   
      1100   1.9995326     -5.1584292      2.9843025     -2.1741267      0.3536168    
      1110   1.9995773     -5.1584292      2.9843692     -2.17406        0.3536257    
      1120   1.9996177     -5.1584292      2.9844295     -2.1739997      0.35363374   
      1130   1.9996543     -5.1584292      2.984484      -2.1739451      0.35364101   
      1140   1.9996873     -5.1584292      2.9845334     -2.1738958      0.35364759   
      1150   1.9997172     -5.1584292      2.984578      -2.1738512      0.35365354   
      1160   1.9997443     -5.1584292      2.9846183     -2.1738108      0.35365892   
      1170   1.9997687     -5.1584292      2.9846548     -2.1737743      0.35366379   
      1180   1.9997908     -5.1584292      2.9846878     -2.1737413      0.35366819   
      1190   1.9998108     -5.1584292      2.9847177     -2.1737115      0.35367217   
      1200   1.9998289     -5.1584292      2.9847447     -2.1736845      0.35367576   
      1210   1.9998453     -5.1584292      2.9847691     -2.1736601      0.35367902   
      1220   1.9998601     -5.1584292      2.9847912     -2.173638       0.35368196   
      1230   1.9998735     -5.1584292      2.9848111     -2.173618       0.35368463   
      1240   1.9998856     -5.1584292      2.9848292     -2.1736         0.35368703   
      1250   1.9998965     -5.1584292      2.9848455     -2.1735836      0.35368921   
      1260   1.9999064     -5.1584292      2.9848603     -2.1735689      0.35369118   
      1270   1.9999153     -5.1584292      2.9848737     -2.1735555      0.35369296   
      1280   1.9999234     -5.1584292      2.9848857     -2.1735434      0.35369457   
      1290   1.9999308     -5.1584292      2.9848967     -2.1735325      0.35369603   
      1300   1.9999374     -5.1584292      2.9849065     -2.1735226      0.35369735   
      1310   1.9999434     -5.1584292      2.9849155     -2.1735137      0.35369854   
      1320   1.9999488     -5.1584292      2.9849236     -2.1735056      0.35369962   
      1330   1.9999537     -5.1584292      2.9849309     -2.1734983      0.35370059   
      1340   1.9999581     -5.1584292      2.9849375     -2.1734917      0.35370147   
      1350   1.9999621     -5.1584292      2.9849435     -2.1734857      0.35370227   
      1360   1.9999657     -5.1584292      2.9849489     -2.1734803      0.35370299   
      1370   1.999969      -5.1584292      2.9849538     -2.1734754      0.35370364   
      1380   1.999972      -5.1584292      2.9849582     -2.173471       0.35370423   
      1390   1.9999747     -5.1584292      2.9849622     -2.173467       0.35370476   
      1400   1.9999771     -5.1584292      2.9849658     -2.1734634      0.35370525   
      1410   1.9999793     -5.1584292      2.9849691     -2.1734601      0.35370568   
      1420   1.9999813     -5.1584292      2.984972      -2.1734572      0.35370608   
      1430   1.999983      -5.1584292      2.9849747     -2.1734545      0.35370643   
      1440   1.9999847     -5.1584292      2.9849771     -2.1734521      0.35370676   
      1450   1.9999861     -5.1584292      2.9849793     -2.1734499      0.35370705   
      1460   1.9999875     -5.1584292      2.9849813     -2.1734479      0.35370731   
      1470   1.9999887     -5.1584292      2.9849831     -2.1734461      0.35370755   
      1480   1.9999897     -5.1584292      2.9849847     -2.1734445      0.35370777   
      1490   1.9999907     -5.1584292      2.9849862     -2.173443       0.35370796   
      1500   1.9999916     -5.1584292      2.9849875     -2.1734417      0.35370814   
      1510   1.9999924     -5.1584292      2.9849887     -2.1734405      0.3537083    
      1520   1.9999931     -5.1584292      2.9849898     -2.1734394      0.35370844   
      1530   1.9999938     -5.1584292      2.9849907     -2.1734384      0.35370857   
      1540   1.9999944     -5.1584292      2.9849916     -2.1734376      0.35370869   
      1550   1.9999949     -5.1584292      2.9849924     -2.1734368      0.3537088    
      1560   1.9999954     -5.1584292      2.9849931     -2.173436       0.35370889   
      1570   1.9999958     -5.1584292      2.9849938     -2.1734354      0.35370898   
      1580   1.9999962     -5.1584292      2.9849944     -2.1734348      0.35370906   
      1590   1.9999966     -5.1584292      2.9849949     -2.1734342      0.35370913   
      1600   1.9999969     -5.1584292      2.9849954     -2.1734338      0.3537092    
      1610   1.9999972     -5.1584292      2.9849959     -2.1734333      0.35370925   
      1620   1.9999975     -5.1584292      2.9849963     -2.1734329      0.35370931   
      1630   1.9999977     -5.1584292      2.9849966     -2.1734326      0.35370936   
      1640   1.9999979     -5.1584292      2.9849969     -2.1734322      0.3537094    
      1650   1.9999981     -5.1584292      2.9849972     -2.1734319      0.35370944   
      1660   1.9999983     -5.1584292      2.9849975     -2.1734317      0.35370947   
      1670   1.9999985     -5.1584292      2.9849977     -2.1734314      0.35370951   
      1680   1.9999986     -5.1584292      2.9849979     -2.1734312      0.35370953   
      1690   1.9999988     -5.1584292      2.9849981     -2.173431       0.35370956   
      1700   1.9999989     -5.1584292      2.9849983     -2.1734309      0.35370958   
      1710   1.999999      -5.1584292      2.9849985     -2.1734307      0.35370961   
      1720   1.9999991     -5.1584292      2.9849986     -2.1734305      0.35370962   
      1730   1.9999992     -5.1584292      2.9849988     -2.1734304      0.35370964   
      1740   1.9999992     -5.1584292      2.9849989     -2.1734303      0.35370966   
      1750   1.9999993     -5.1584292      2.984999      -2.1734302      0.35370967   
      1760   1.9999994     -5.1584292      2.9849991     -2.1734301      0.35370969   
      1770   1.9999994     -5.1584292      2.9849992     -2.17343        0.3537097    
      1780   1.9999995     -5.1584292      2.9849992     -2.1734299      0.35370971   
      1790   1.9999995     -5.1584292      2.9849993     -2.1734299      0.35370972   
      1800   1.9999996     -5.1584292      2.9849994     -2.1734298      0.35370973   
      1810   1.9999996     -5.1584292      2.9849994     -2.1734297      0.35370973   
      1820   1.9999997     -5.1584292      2.9849995     -2.1734297      0.35370974   
      1830   1.9999997     -5.1584292      2.9849995     -2.1734296      0.35370975   
      1840   1.9999997     -5.1584292      2.9849996     -2.1734296      0.35370975   
      1850   1.9999998     -5.1584292      2.9849996     -2.1734295      0.35370976   
      1860   1.9999998     -5.1584292      2.9849997     -2.1734295      0.35370976   
      1870   1.9999998     -5.1584292      2.9849997     -2.1734295      0.35370977   
      1880   1.9999998     -5.1584292      2.9849997     -2.1734295      0.35370977   
      1890   1.9999998     -5.1584292      2.9849998     -2.1734294      0.35370977   
      1900   1.9999998     -5.1584292      2.9849998     -2.1734294      0.35370978   
      1910   1.9999999     -5.1584292      2.9849998     -2.1734294      0.35370978   
      1920   1.9999999     -5.1584292      2.9849998     -2.1734294      0.35370978   
      1930   1.9999999     -5.1584292      2.9849998     -2.1734293      0.35370979   
      1940   1.9999999     -5.1584292      2.9849998     -2.1734293      0.35370979   
      1950   1.9999999     -5.1584292      2.9849999     -2.1734293      0.35370979   
      1960   1.9999999     -5.1584292      2.9849999     -2.1734293      0.35370979   
      1970   1.9999999     -5.1584292      2.9849999     -2.1734293      0.35370979   
      1980   1.9999999     -5.1584292      2.9849999     -2.1734293      0.35370979   
      1990   1.9999999     -5.1584292      2.9849999     -2.1734293      0.3537098    
      2000   1.9999999     -5.1584292      2.9849999     -2.1734293      0.3537098    
      2010   2             -5.1584292      2.9849999     -2.1734293      0.3537098    
      2020   2             -5.1584292      2.9849999     -2.1734292      0.3537098    
      2030   2             -5.1584292      2.9849999     -2.1734292      0.3537098    
      2040   2             -5.1584292      2.9849999     -2.1734292      0.3537098    
      2050   2             -5.1584292      2.985         -2.1734292      0.3537098    
      2060   2             -5.1584292      2.985         -2.1734292      0.3537098    
      2070   2             -5.1584292      2.985         -2.1734292      0.3537098    
      2080   2             -5.1584292      2.985         -2.1734292      0.3537098    
      2090   2             -5.1584292      2.985         -2.1734292      0.3537098    
      2100   2             -5.1584292      2.985         -2.1734292      0.3537098    
      2110   2             -5.1584292      2.985         -2.1734292      0.3537098    
      2120   2             -5.1584292      2.985         -2.1734292      0.3537098    
      2130   2             -5.1584292      2.985         -2.1734292      0.3537098    
      2140   2             -5.1584292      2.985         -2.1734292      0.3537098    
      2150   2             -5.1584292      2.985         -2.1734292      0.35370981   
      2160   2             -5.1584292      2.985         -2.1734292      0.35370981   
      2170   2             -5.1584292      2.985         -2.1734292      0.35370981   
      2180   2             -5.1584292      2.985         -2.1734292      0.35370981   
      2190   2             -5.1584292      2.985         -2.1734292      0.35370981   
      2200   2             -5.1584292      2.985         -2.1734292      0.35370981   
      2210   2             -5.1584292      2.985         -2.1734292      0.35370981   
      2220   2             -5.1584292      2.985         -2.1734292      0.35370981   
      2230   2             -5.1584292      2.985         -2.1734292      0.35370981   
      2240   2             -5.1584292      2.985         -2.1734292      0.35370981   
      2250   2             -5.1584292      2.985         -2.1734292      0.35370981   
      2260   2             -5.1584292      2.985         -2.1734292      0.35370981   
      2270   2             -5.1584292      2.985         -2.1734292      0.35370981   
      2280   2             -5.1584292      2.985         -2.1734292      0.35370981   
      2290   2             -5.1584292      2.985         -2.1734292      0.35370981   
      2300   2             -5.1584292      2.985         -2.1734292      0.35370981   
      2310   2             -5.1584292      2.985         -2.1734292      0.35370981   
      2320   2             -5.1584292      2.985         -2.1734292      0.35370981   
      2330   2             -5.1584292      2.985         -2.1734292      0.35370981   
      2340   2             -5.1584292      2.985         -2.1734292      0.35370981   
      2350   2             -5.1584292      2.985         -2.1734292      0.35370981   
      2360   2             -5.1584292      2.985         -2.1734292      0.35370981   
      2370   2             -5.1584292      2.985         -2.1734292      0.35370981   
      2380   2             -5.1584292      2.985         -2.1734292      0.35370981   
      2390   2             -5.1584292      2.985         -2.1734292      0.35370981   
      2400   2             -5.1584292      2.985         -2.1734292      0.35370981   
      2410   2             -5.1584292      2.985         -2.1734292      0.35370981   
      2420   2             -5.1584292      2.985         -2.1734292      0.35370981   
      2430   2             -5.1584292      2.985         -2.1734292      0.35370981   
      2440   2             -5.1584292      2.985         -2.1734292      0.35370981   
      2450   2             -5.1584292      2.985         -2.1734292      0.35370981   
      2460   2             -5.1584292      2.985         -2.1734292      0.35370981   
      2470   2             -5.1584292      2.985         -2.1734292      0.35370981   
      2480   2             -5.1584292      2.985         -2.1734292      0.35370981   
      2490   2             -5.1584292      2.985         -2.1734292      0.35370981   
      2500   2             -5.1584292      2.985         -2.1734292      0.35370981   
      2510   2             -5.1584292      2.985         -2.1734292      0.35370981   
      2520   2             -5.1584292      2.985         -2.1734292      0.35370981   
      2530   2             -5.1584292      2.985         -2.1734292      0.35370981   
      2540   2             -5.1584292      2.985         -2.1734292      0.35370981   
      2550   2             -5.1584292      2.985         -2.1734292      0.35370981   
      2560   2             -5.1584292      2.985         -2.1734292      0.35370981   
      2570   2             -5.1584292      2.985         -2.1734292      0.35370981   
      2580   2             -5.1584292      2.985         -2.1734292      0.35370981   
      2590   2             -5.1584292      2.985         -2.1734292      0.35370981   
      2600   2             -5.1584292      2.985         -2.1734292      0.35370981   
      2610   2             -5.1584292      2.985         -2.1734292      0.35370981   
      2620   2             -5.1584292      2.985         -2.1734292      0.35370981   
      2630   2             -5.1584292      2.985         -2.1734292      0.35370981   
      2640   2             -5.1584292      2.985         -2.1734292      0.35370981   
      2650   2             -5.1584292      2.985         -2.1734292      0.35370981   
      2660   2             -5.1584292      2.985         -2.1734292      0.35370981   
      2670   2             -5.1584292      2.985         -2.1734292      0.35370981   
      2680   2             -5.1584292      2.985         -2.1734292      0.35370981   
      2690   2             -5.1584292      2.985         -2.1734292      0.35370981   
      2700   2             -5.1584292      2.985         -2.1734292      0.35370981   
      2710   2             -5.1584292      2.985         -2.1734292      0.35370981   
      2720   2             -5.1584292      2.985         -2.1734292      0.35370981   
      2730   2             -5.1584292      2.985         -2.1734292      0.35370981   
      2740   2             -5.1584292      2.985         -2.1734292      0.35370981   
      2750   2             -5.1584292      2.985         -2.1734292      0.35370981   
      2760   2             -5.1584292      2.985         -2.1734292      0.35370981   
      2770   2             -5.1584292      2.985         -2.1734292      0.35370981   
      2780   2             -5.1584292      2.985         -2.1734292      0.35370981   
      2790   2             -5.1584292      2.985         -2.1734292      0.35370981   
      2800   2             -5.1584292      2.985         -2.1734292      0.35370981   
      2810   2             -5.1584292      2.985         -2.1734292      0.35370981   
      2820   2             -5.1584292      2.985         -2.1734292      0.35370981   
      2830   2             -5.1584292      2.985         -2.1734292      0.35370981   
      2840   2             -5.1584292      2.985         -2.1734292      0.35370981   
      2850   2             -5.1584292      2.985         -2.1734292      0.35370981   
      2860   2             -5.1584292      2.985         -2.1734292      0.35370981   
      2870   2             -5.1584292      2.985         -2.1734292      0.35370981   
      2880   2             -5.1584292      2.985         -2.1734292      0.35370981   
      2890   2             -5.1584292      2.985         -2.1734292      0.35370981   
      2900   2             -5.1584292      2.985         -2.1734292      0.35370981   
      2910   2             -5.1584292      2.985         -2.1734292      0.35370981   
      2920   2             -5.1584292      2.985         -2.1734292      0.35370981   
      2930   2             -5.1584292      2.985         -2.1734292      0.35370981   
      2940   2             -5.1584292      2.985         -2.1734292      0.35370981   
      2950   2             -5.1584292      2.985         -2.1734292      0.35370981   
      2960   2             -5.1584292      2.985         -2.1734292      0.35370981   
      2970   2             -5.1584292      2.985         -2.1734292      0.35370981   
      2980   2             -5.1584292      2.985         -2.1734292      0.35370981   
      2990   2             -5.1584292      2.985         -2.1734292      0.35370981   
      3000   2             -5.1584292      2.985         -2.1734292      0.35370981   
      3010   2             -5.1584292      2.985         -2.1734292      0.35370981   
      3020   2             -5.1584292      2.985         -2.1734292      0.35370981   
      3030   2             -5.1584292      2.985         -2.1734292      0.35370981   
      3040   2             -5.1584292      2.985         -2.1734292      0.35370981   
      3050   2             -5.1584292      2.985         -2.1734292      0.35370981   
      3060   2             -5.1584292      2.985         -2.1734292      0.35370981   
      3070   2             -5.1584292      2.985         -2.1734292      0.35370981   
      3080   2             -5.1584292      2.985         -2.1734292      0.35370981   
      3090   2             -5.1584292      2.985         -2.1734292      0.35370981   
      3100   2             -5.1584292      2.985         -2.1734292      0.35370981   
      3110   2             -5.1584292      2.985         -2.1734292      0.35370981   
      3120   2             -5.1584292      2.985         -2.1734292      0.35370981   
      3130   2             -5.1584292      2.985         -2.1734292      0.35370981   
      3140   2             -5.1584292      2.985         -2.1734292      0.35370981   
      3150   2             -5.1584292      2.985         -2.1734292      0.35370981   
      3160   2             -5.1584292      2.985         -2.1734292      0.35370981   
      3170   2             -5.1584292      2.985         -2.1734292      0.35370981   
      3180   2             -5.1584292      2.985         -2.1734292      0.35370981   
      3190   2             -5.1584292      2.985         -2.1734292      0.35370981   
      3200   2             -5.1584292      2.985         -2.1734292      0.35370981   
      3210   2             -5.1584292      2.985         -2.1734292      0.35370981   
      3220   2             -5.1584292      2.985         -2.1734292      0.35370981   
      3230   2             -5.1584292      2.985         -2.1734292      0.35370981   
      3240   2             -5.1584292      2.985         -2.1734292      0.35370981   
      3250   2             -5.1584292      2.985         -2.1734292      0.35370981   
      3260   2             -5.1584292      2.985         -2.1734292      0.35370981   
      3270   2             -5.1584292      2.985         -2.1734292      0.35370981   
      3280   2             -5.1584292      2.985         -2.1734292      0.35370981   
      3290   2             -5.1584292      2.985         -2.1734292      0.35370981   
      3300   2             -5.1584292      2.985         -2.1734292      0.35370981   
      3310   2             -5.1584292      2.985         -2.1734292      0.35370981   
      3320   2             -5.1584292      2.985         -2.1734292      0.35370981   
      3330   2             -5.1584292      2.985         -2.1734292      0.35370981   
      3340   2             -5.1584292      2.985         -2.1734292      0.35370981   
      3350   2             -5.1584292      2.985         -2.1734292      0.35370981   
      3360   2             -5.1584292      2.985         -2.1734292      0.35370981   
      3370   2             -5.1584292      2.985         -2.1734292      0.35370981   
      3380   2             -5.1584292      2.985         -2.1734292      0.35370981   
      3390   2             -5.1584292      2.985         -2.1734292      0.35370981   
      3400   2             -5.1584292      2.985         -2.1734292      0.35370981   
      3410   2             -5.1584292      2.985         -2.1734292      0.35370981   
      3420   2             -5.1584292      2.985         -2.1734292      0.35370981   
      3430   2             -5.1584292      2.985         -2.1734292      0.35370981   
      3440   2             -5.1584292      2.985         -2.1734292      0.35370981   
      3450   2             -5.1584292      2.985         -2.1734292      0.35370981   
      3460   2             -5.1584292      2.985         -2.1734292      0.35370981   
      3470   2             -5.1584292      2.985         -2.1734292      0.35370981   
      3480   2             -5.1584292      2.985         -2.1734292      0.35370981   
      3490   2             -5.1584292      2.985         -2.1734292      0.35370981   
      3500   2             -5.1584292      2.985         -2.1734292      0.35370981   
      3510   2             -5.1584292      2.985         -2.1734292      0.35370981   
      3520   2             -5.1584292      2.985         -2.1734292      0.35370981   
      3530   2             -5.1584292      2.985         -2.1734292      0.35370981   
      3540   2             -5.1584292      2.985         -2.1734292      0.35370981   
      3550   2             -5.1584292      2.985         -2.1734292      0.35370981   
      3560   2             -5.1584292      2.985         -2.1734292      0.35370981   
      3570   2             -5.1584292      2.985         -2.1734292      0.35370981   
      3580   2             -5.1584292      2.985         -2.1734292      0.35370981   
      3590   2             -5.1584292      2.985         -2.1734292      0.35370981   
      3600   2             -5.1584292      2.985         -2.1734292      0.35370981   
      3610   2             -5.1584292      2.985         -2.1734292      0.35370981   
      3620   2             -5.1584292      2.985         -2.1734292      0.35370981   
      3630   2             -5.1584292      2.985         -2.1734292      0.35370981   
      3640   2             -5.1584292      2.985         -2.1734292      0.35370981   
      3650   2             -5.1584292      2.985         -2.1734292      0.35370981   
      3660   2             -5.1584292      2.985         -2.1734292      0.35370981   
      3670   2             -5.1584292      2.985         -2.1734292      0.35370981   
      3680   2             -5.1584292      2.985         -2.1734292      0.35370981   
      3690   2             -5.1584292      2.985         -2.1734292      0.35370981   
      3700   2             -5.1584292      2.985         -2.1734292      0.35370981   
      3710   2             -5.1584292      2.985         -2.1734292      0.35370981   
      3720   2             -5.1584292      2.985         -2.1734292      0.35370981   
      3730   2             -5.1584292      2.985         -2.1734292      0.35370981   
      3740   2             -5.1584292      2.985         -2.1734292      0.35370981   
      3750   2             -5.1584292      2.985         -2.1734292      0.35370981   
      3760   2             -5.1584292      2.985         -2.1734292      0.35370981   
      3770   2             -5.1584292      2.985         -2.1734292      0.35370981   
      3780   2             -5.1584292      2.985         -2.1734292      0.35370981   
      3790   2             -5.1584292      2.985         -2.1734292      0.35370981   
      3800   2             -5.1584292      2.985         -2.1734292      0.35370981   
      3810   2             -5.1584292      2.985         -2.1734292      0.35370981   
      3820   2             -5.1584292      2.985         -2.1734292      0.35370981   
      3830   2             -5.1584292      2.985         -2.1734292      0.35370981   
      3840   2             -5.1584292      2.985         -2.1734292      0.35370981   
      3850   2             -5.1584292      2.985         -2.1734292      0.35370981   
      3860   2             -5.1584292      2.985         -2.1734292      0.35370981   
      3870   2             -5.1584292      2.985         -2.1734292      0.35370981   
      3880   2             -5.1584292      2.985         -2.1734292      0.35370981   
      3890   2             -5.1584292      2.985         -2.1734292      0.35370981   
      3900   2             -5.1584292      2.985         -2.1734292      0.35370981   
      3910   2             -5.1584292      2.985         -2.1734292      0.35370981   
      3920   2             -5.1584292      2.985         -2.1734292      0.35370981   
      3930   2             -5.1584292      2.985         -2.1734292      0.35370981   
      3940   2             -5.1584292      2.985         -2.1734292      0.35370981   
      3950   2             -5.1584292      2.985         -2.1734292      0.35370981   
      3960   2             -5.1584292      2.985         -2.1734292      0.35370981   
      3970   2             -5.1584292      2.985         -2.1734292      0.35370981   
      3980   2             -5.1584292      2.985         -2.1734292      0.35370981   
      3990   2             -5.1584292      2.985         -2.1734292      0.35370981   
      4000   2             -5.1584292      2.985         -2.1734292      0.35370981   
      4010   2             -5.1584292      2.985         -2.1734292      0.35370981   
      4020   2             -5.1584292      2.985         -2.1734292      0.35370981   
      4030   2             -5.1584292      2.985         -2.1734292      0.35370981   
      4040   2             -5.1584292      2.985         -2.1734292      0.35370981   
      4050   2             -5.1584292      2.985         -2.1734292      0.35370981   
      4060   2             -5.1584292      2.985         -2.1734292      0.35370981   
      4070   2             -5.1584292      2.985         -2.1734292      0.35370981   
      4080   2             -5.1584292      2.985         -2.1734292      0.35370981   
      4090   2             -5.1584292      2.985         -2.1734292      0.35370981   
      4100   2             -5.1584292      2.985         -2.1734292      0.35370981   
      4110   2             -5.1584292      2.985         -2.1734292      0.35370981   
      4120   2             -5.1584292      2.985         -2.1734292      0.35370981   
      4130   2             -5.1584292      2.985         -2.1734292      0.35370981   
      4140   2             -5.1584292      2.985         -2.1734292      0.35370981   
      4150   2             -5.1584292      2.985         -2.1734292      0.35370981   
      4160   2             -5.1584292      2.985         -2.1734292      0.35370981   
      4170   2             -5.1584292      2.985         -2.1734292      0.35370981   
      4180   2             -5.1584292      2.985         -2.1734292      0.35370981   
      4190   2             -5.1584292      2.985         -2.1734292      0.35370981   
      4200   2             -5.1584292      2.985         -2.1734292      0.35370981   
      4210   2             -5.1584292      2.985         -2.1734292      0.35370981   
      4220   2             -5.1584292      2.985         -2.1734292      0.35370981   
      4230   2             -5.1584292      2.985         -2.1734292      0.35370981   
      4240   2             -5.1584292      2.985         -2.1734292      0.35370981   
      4250   2             -5.1584292      2.985         -2.1734292      0.35370981   
      4260   2             -5.1584292      2.985         -2.1734292      0.35370981   
      4270   2             -5.1584292      2.985         -2.1734292      0.35370981   
      4280   2             -5.1584292      2.985         -2.1734292      0.35370981   
      4290   2             -5.1584292      2.985         -2.1734292      0.35370981   
      4300   2             -5.1584292      2.985         -2.1734292      0.35370981   
      4310   2             -5.1584292      2.985         -2.1734292      0.35370981   
      4320   2             -5.1584292      2.985         -2.1734292      0.35370981   
      4330   2             -5.1584292      2.985         -2.1734292      0.35370981   
      4340   2             -5.1584292      2.985         -2.1734292      0.35370981   
      4350   2             -5.1584292      2.985         -2.1734292      0.35370981   
      4360   2             -5.1584292      2.985         -2.1734292      0.35370981   
      4370   2             -5.1584292      2.985         -2.1734292      0.35370981   
      4380   2             -5.1584292      2.985         -2.1734292      0.35370981   
      4390   2             -5.1584292      2.985         -2.1734292      0.35370981   
      4400   2             -5.1584292      2.985         -2.1734292      0.35370981   
      4410   2             -5.1584292      2.985         -2.1734292      0.35370981   
      4420   2             -5.1584292      2.985         -2.1734292      0.35370981   
      4430   2             -5.1584292      2.985         -2.1734292      0.35370981   
      4440   2             -5.1584292      2.985         -2.1734292      0.35370981   
      4450   2             -5.1584292      2.985         -2.1734292      0.35370981   
      4460   2             -5.1584292      2.985         -2.1734292      0.35370981   
      4470   2             -5.1584292      2.985         -2.1734292      0.35370981   
      4480   2             -5.1584292      2.985         -2.1734292      0.35370981   
      4490   2             -5.1584292      2.985         -2.1734292      0.35370981   
      4500   2             -5.1584292      2.985         -2.1734292      0.35370981   
      4510   2             -5.1584292      2.985         -2.1734292      0.35370981   
      4520   2             -5.1584292      2.985         -2.1734292      0.35370981   
      4530   2             -5.1584292      2.985         -2.1734292      0.35370981   
      4540   2             -5.1584292      2.985         -2.1734292      0.35370981   
      4550   2             -5.1584292      2.985         -2.1734292      0.35370981   
      4560   2             -5.1584292      2.985         -2.1734292      0.35370981   
      4570   2             -5.1584292      2.985         -2.1734292      0.35370981   
      4580   2             -5.1584292      2.985         -2.1734292      0.35370981   
      4590   2             -5.1584292      2.985         -2.1734292      0.35370981   
      4600   2             -5.1584292      2.985         -2.1734292      0.35370981   
      4610   2             -5.1584292      2.985         -2.1734292      0.35370981   
      4620   2             -5.1584292      2.985         -2.1734292      0.35370981   
      4630   2             -5.1584292      2.985         -2.1734292      0.35370981   
      4640   2             -5.1584292      2.985         -2.1734292      0.35370981   
      4650   2             -5.1584292      2.985         -2.1734292      0.35370981   
      4660   2             -5.1584292      2.985         -2.1734292      0.35370981   
      4670   2             -5.1584292      2.985         -2.1734292      0.35370981   
      4680   2             -5.1584292      2.985         -2.1734292      0.35370981   
      4690   2             -5.1584292      2.985         -2.1734292      0.35370981   
      4700   2             -5.1584292      2.985         -2.1734292      0.35370981   
      4710   2             -5.1584292      2.985         -2.1734292      0.35370981   
      4720   2             -5.1584292      2.985         -2.1734292      0.35370981   
      4730   2             -5.1584292      2.985         -2.1734292      0.35370981   
      4740   2             -5.1584292      2.985         -2.1734292      0.35370981   
      4750   2             -5.1584292      2.985         -2.1734292      0.35370981   
      4760   2             -5.1584292      2.985         -2.1734292      0.35370981   
      4770   2             -5.1584292      2.985         -2.1734292      0.35370981   
      4780   2             -5.1584292      2.985         -2.1734292      0.35370981   
      4790   2             -5.1584292      2.985         -2.1734292      0.35370981   
      4800   2             -5.1584292      2.985         -2.1734292      0.35370981   
      4810   2             -5.1584292      2.985         -2.1734292      0.35370981   
      4820   2             -5.1584292      2.985         -2.1734292      0.35370981   
      4830   2             -5.1584292      2.985         -2.1734292      0.35370981   
      4840   2             -5.1584292      2.985         -2.1734292      0.35370981   
      4850   2             -5.1584292      2.985         -2.1734292      0.35370981   
      4860   2             -5.1584292      2.985         -2.1734292      0.35370981   
      4870   2             -5.1584292      2.985         -2.1734292      0.35370981   
      4880   2             -5.1584292      2.985         -2.1734292      0.35370981   
      4890   2             -5.1584292      2.985         -2.1734292      0.35370981   
      4900   2             -5.1584292      2.985         -2.1734292      0.35370981   
      4910   2             -5.1584292      2.985         -2.1734292      0.35370981   
      4920   2             -5.1584292      2.985         -2.1734292      0.35370981   
      4930   2             -5.1584292      2.985         -2.1734292      0.35370981   
      4940   2             -5.1584292      2.985         -2.1734292      0.35370981   
      4950   2             -5.1584292      2.985         -2.1734292      0.35370981   
      4960   2             -5.1584292      2.985         -2.1734292      0.35370981   
      4970   2             -5.1584292      2.985         -2.1734292      0.35370981   
      4980   2             -5.1584292      2.985         -2.1734292      0.35370981   
      4990   2             -5.1584292      2.985         -2.1734292      0.35370981   
      5000   2             -5.1584292      2.985         -2.1734292      0.35370981   
      5010   2             -5.1584292      2.985         -2.1734292      0.35370981   
      5020   2             -5.1584292      2.985         -2.1734292      0.35370981   
      5030   2             -5.1584292      2.985         -2.1734292      0.35370981   
      5040   2             -5.1584292      2.985         -2.1734292      0.35370981   
      5050   2             -5.1584292      2.985         -2.1734292      0.35370981   
      5060   2             -5.1584292      2.985         -2.1734292      0.35370981   
      5070   2             -5.1584292      2.985         -2.1734292      0.35370981   
      5080   2             -5.1584292      2.985         -2.1734292      0.35370981   
      5090   2             -5.1584292      2.985         -2.1734292      0.35370981   
      5100   2             -5.1584292      2.985         -2.1734292      0.35370981   
      5110   2             -5.1584292      2.985         -2.1734292      0.35370981   
      5120   2             -5.1584292      2.985         -2.1734292      0.35370981   
      5130   2             -5.1584292      2.985         -2.1734292      0.35370981   
      5140   2             -5.1584292      2.985         -2.1734292      0.35370981   
      5150   2             -5.1584292      2.985         -2.1734292      0.35370981   
      5160   2             -5.1584292      2.985         -2.1734292      0.35370981   
      5170   2             -5.1584292      2.985         -2.1734292      0.35370981   
      5180   2             -5.1584292      2.985         -2.1734292      0.35370981   
      5190   2             -5.1584292      2.985         -2.1734292      0.35370981   
      5200   2             -5.1584292      2.985         -2.1734292      0.35370981   
      5210   2             -5.1584292      2.985         -2.1734292      0.35370981   
      5220   2             -5.1584292      2.985         -2.1734292      0.35370981   
      5230   2             -5.1584292      2.985         -2.1734292      0.35370981   
      5240   2             -5.1584292      2.985         -2.1734292      0.35370981   
      5250   2             -5.1584292      2.985         -2.1734292      0.35370981   
      5260   2             -5.1584292      2.985         -2.1734292      0.35370981   
      5270   2             -5.1584292      2.985         -2.1734292      0.35370981   
      5280   2             -5.1584292      2.985         -2.1734292      0.35370981   
      5290   2             -5.1584292      2.985         -2.1734292      0.35370981   
      5300   2             -5.1584292      2.985         -2.1734292      0.35370981   
      5310   2             -5.1584292      2.985         -2.1734292      0.35370981   
      5320   2             -5.1584292      2.985         -2.1734292      0.35370981   
      5330   2             -5.1584292      2.985         -2.1734292      0.35370981   
      5340   2             -5.1584292      2.985         -2.1734292      0.35370981   
      5350   2             -5.1584292      2.985         -2.1734292      0.35370981   
      5360   2             -5.1584292      2.985         -2.1734292      0.35370981   
      5370   2             -5.1584292      2.985         -2.1734292      0.35370981   
      5380   2             -5.1584292      2.985         -2.1734292      0.35370981   
      5390   2             -5.1584292      2.985         -2.1734292      0.35370981   
      5400   2             -5.1584292      2.985         -2.1734292      0.35370981   
      5410   2             -5.1584292      2.985         -2.1734292      0.35370981   
      5420   2             -5.1584292      2.985         -2.1734292      0.35370981   
      5430   2             -5.1584292      2.985         -2.1734292      0.35370981   
      5440   2             -5.1584292      2.985         -2.1734292      0.35370981   
      5450   2             -5.1584292      2.985         -2.1734292      0.35370981   
      5460   2             -5.1584292      2.985         -2.1734292      0.35370981   
      5470   2             -5.1584292      2.985         -2.1734292      0.35370981   
      5480   2             -5.1584292      2.985         -2.1734292      0.35370981   
      5490   2             -5.1584292      2.985         -2.1734292      0.35370981   
      5500   2             -5.1584292      2.985         -2.1734292      0.35370981   
      5510   2             -5.1584292      2.985         -2.1734292      0.35370981   
      5520   2             -5.1584292      2.985         -2.1734292      0.35370981   
      5530   2             -5.1584292      2.985         -2.1734292      0.35370981   
      5540   2             -5.1584292      2.985         -2.1734292      0.35370981   
      5550   2             -5.1584292      2.985         -2.1734292      0.35370981   
      5560   2             -5.1584292      2.985         -2.1734292      0.35370981   
      5570   2             -5.1584292      2.985         -2.1734292      0.35370981   
      5580   2             -5.1584292      2.985         -2.1734292      0.35370981   
      5590   2             -5.1584292      2.985         -2.1734292      0.35370981   
      5600   2             -5.1584292      2.985         -2.1734292      0.35370981   
      5610   2             -5.1584292      2.985         -2.1734292      0.35370981   
      5620   2             -5.1584292      2.985         -2.1734292      0.35370981   
      5630   2             -5.1584292      2.985         -2.1734292      0.35370981   
      5640   2             -5.1584292      2.985         -2.1734292      0.35370981   
      5650   2             -5.1584292      2.985         -2.1734292      0.35370981   
      5660   2             -5.1584292      2.985         -2.1734292      0.35370981   
      5670   2             -5.1584292      2.985         -2.1734292      0.35370981   
      5680   2             -5.1584292      2.985         -2.1734292      0.35370981   
      5690   2             -5.1584292      2.985         -2.1734292      0.35370981   
      5700   2             -5.1584292      2.985         -2.1734292      0.35370981   
      5710   2             -5.1584292      2.985         -2.1734292      0.35370981   
      5720   2             -5.1584292      2.985         -2.1734292      0.35370981   
      5730   2             -5.1584292      2.985         -2.1734292      0.35370981   
      5740   2             -5.1584292      2.985         -2.1734292      0.35370981   
      5750   2             -5.1584292      2.985         -2.1734292      0.35370981   
      5760   2             -5.1584292      2.985         -2.1734292      0.35370981   
      5770   2             -5.1584292      2.985         -2.1734292      0.35370981   
      5780   2             -5.1584292      2.985         -2.1734292      0.35370981   
      5790   2             -5.1584292      2.985         -2.1734292      0.35370981   
      5800   2             -5.1584292      2.985         -2.1734292      0.35370981   
      5810   2             -5.1584292      2.985         -2.1734292      0.35370981   
      5820   2             -5.1584292      2.985         -2.1734292      0.35370981   
      5830   2             -5.1584292      2.985         -2.1734292      0.35370981   
      5840   2             -5.1584292      2.985         -2.1734292      0.35370981   
      5850   2             -5.1584292      2.985         -2.1734292      0.35370981   
      5860   2             -5.1584292      2.985         -2.1734292      0.35370981   
      5870   2             -5.1584292      2.985         -2.1734292      0.35370981   
      5880   2             -5.1584292      2.985         -2.1734292      0.35370981   
      5890   2             -5.1584292      2.985         -2.1734292      0.35370981   
      5900   2             -5.1584292      2.985         -2.1734292      0.35370981   
      5910   2             -5.1584292      2.985         -2.1734292      0.35370981   
      5920   2             -5.1584292      2.985         -2.1734292      0.35370981   
      5930   2             -5.1584292      2.985         -2.1734292      0.35370981   
      5940   2             -5.1584292      2.985         -2.1734292      0.35370981   
      5950   2             -5.1584292      2.985         -2.1734292      0.35370981   
      5960   2             -5.1584292      2.985         -2.1734292      0.35370981   
      5970   2             -5.1584292      2.985         -2.1734292      0.35370981   
      5980   2             -5.1584292      2.985         -2.1734292      0.35370981   
      5990   2             -5.1584292      2.985         -2.1734292      0.35370981   
      6000   2             -5.1584292      2.985         -2.1734292      0.35370981   
      6010   2             -5.1584292      2.985         -2.1734292      0.35370981   
      6020   2             -5.1584292      2.985         -2.1734292      0.35370981   
      6030   2             -5.1584292      2.985         -2.1734292      0.35370981   
      6040   2             -5.1584292      2.985         -2.1734292      0.35370981   
      6050   2             -5.1584292      2.985         -2.1734292      0.35370981   
      6060   2             -5.1584292      2.985         -2.1734292      0.35370981   
      6070   2             -5.1584292      2.985         -2.1734292      0.35370981   
      6080   2             -5.1584292      2.985         -2.1734292      0.35370981   
      6090   2             -5.1584292      2.985         -2.1734292      0.35370981   
      6100   2             -5.1584292      2.985         -2.1734292      0.35370981   
      6110   2             -5.1584292      2.985         -2.1734292      0.35370981   
      6120   2             -5.1584292      2.985         -2.1734292      0.35370981   
      6130   2             -5.1584292      2.985         -2.1734292      0.35370981   
      6140   2             -5.1584292      2.985         -2.1734292      0.35370981   
      6150   2             -5.1584292      2.985         -2.1734292      0.35370981   
      6160   2             -5.1584292      2.985         -2.1734292      0.35370981   
      6170   2             -5.1584292      2.985         -2.1734292      0.35370981   
      6180   2             -5.1584292      2.985         -2.1734292      0.35370981   
      6190   2             -5.1584292      2.985         -2.1734292      0.35370981   
      6200   2             -5.1584292      2.985         -2.1734292      0.35370981   
      6210   2             -5.1584292      2.985         -2.1734292      0.35370981   
      6220   2             -5.1584292      2.985         -2.1734292      0.35370981   
      6230   2             -5.1584292      2.985         -2.1734292      0.35370981   
      6240   2             -5.1584292      2.985         -2.1734292      0.35370981   
      6250   2             -5.1584292      2.985         -2.1734292      0.35370981   
      6260   2             -5.1584292      2.985         -2.1734292      0.35370981   
      6270   2             -5.1584292      2.985         -2.1734292      0.35370981   
      6280   2             -5.1584292      2.985         -2.1734292      0.35370981   
      6290   2             -5.1584292      2.985         -2.1734292      0.35370981   
      6300   2             -5.1584292      2.985         -2.1734292      0.35370981   
      6310   2             -5.1584292      2.985         -2.1734292      0.35370981   
      6320   2             -5.1584292      2.985         -2.1734292      0.35370981   
      6330   2             -5.1584292      2.985         -2.1734292      0.35370981   
      6340   2             -5.1584292      2.985         -2.1734292      0.35370981   
      6350   2             -5.1584292      2.985         -2.1734292      0.35370981   
      6360   2             -5.1584292      2.985         -2.1734292      0.35370981   
      6370   2             -5.1584292      2.985         -2.1734292      0.35370981   
      6380   2             -5.1584292      2.985         -2.1734292      0.35370981   
      6390   2             -5.1584292      2.985         -2.1734292      0.35370981   
      6400   2             -5.1584292      2.985         -2.1734292      0.35370981   
      6410   2             -5.1584292      2.985         -2.1734292      0.35370981   
      6420   2             -5.1584292      2.985         -2.1734292      0.35370981   
      6430   2             -5.1584292      2.985         -2.1734292      0.35370981   
      6440   2             -5.1584292      2.985         -2.1734292      0.35370981   
      6450   2             -5.1584292      2.985         -2.1734292      0.35370981   
      6460   2             -5.1584292      2.985         -2.1734292      0.35370981   
      6470   2             -5.1584292      2.985         -2.1734292      0.35370981   
      6480   2             -5.1584292      2.985         -2.1734292      0.35370981   
      6490   2             -5.1584292      2.985         -2.1734292      0.35370981   
      6500   2             -5.1584292      2.985         -2.1734292      0.35370981   
      6510   2             -5.1584292      2.985         -2.1734292      0.35370981   
      6520   2             -5.1584292      2.985         -2.1734292      0.35370981   
      6530   2             -5.1584292      2.985         -2.1734292      0.35370981   
      6540   2             -5.1584292      2.985         -2.1734292      0.35370981   
      6550   2             -5.1584292      2.985         -2.1734292      0.35370981   
      6560   2             -5.1584292      2.985         -2.1734292      0.35370981   
      6570   2             -5.1584292      2.985         -2.1734292      0.35370981   
      6580   2             -5.1584292      2.985         -2.1734292      0.35370981   
      6590   2             -5.1584292      2.985         -2.1734292      0.35370981   
      6600   2             -5.1584292      2.985         -2.1734292      0.35370981   
      6610   2             -5.1584292      2.985         -2.1734292      0.35370981   
      6620   2             -5.1584292      2.985         -2.1734292      0.35370981   
      6630   2             -5.1584292      2.985         -2.1734292      0.35370981   
      6640   2             -5.1584292      2.985         -2.1734292      0.35370981   
      6650   2             -5.1584292      2.985         -2.1734292      0.35370981   
      6660   2             -5.1584292      2.985         -2.1734292      0.35370981   
      6670   2             -5.1584292      2.985         -2.1734292      0.35370981   
      6680   2             -5.1584292      2.985         -2.1734292      0.35370981   
      6690   2             -5.1584292      2.985         -2.1734292      0.35370981   
      6700   2             -5.1584292      2.985         -2.1734292      0.35370981   
      6710   2             -5.1584292      2.985         -2.1734292      0.35370981   
      6720   2             -5.1584292      2.985         -2.1734292      0.35370981   
      6730   2             -5.1584292      2.985         -2.1734292      0.35370981   
      6740   2             -5.1584292      2.985         -2.1734292      0.35370981   
      6750   2             -5.1584292      2.985         -2.1734292      0.35370981   
      6760   2             -5.1584292      2.985         -2.1734292      0.35370981   
      6770   2             -5.1584292      2.985         -2.1734292      0.35370981   
      6780   2             -5.1584292      2.985         -2.1734292      0.35370981   
      6790   2             -5.1584292      2.985         -2.1734292      0.35370981   
      6800   2             -5.1584292      2.985         -2.1734292      0.35370981   
      6810   2             -5.1584292      2.985         -2.1734292      0.35370981   
      6820   2             -5.1584292      2.985         -2.1734292      0.35370981   
      6830   2             -5.1584292      2.985         -2.1734292      0.35370981   
      6840   2             -5.1584292      2.985         -2.1734292      0.35370981   
      6850   2             -5.1584292      2.985         -2.1734292      0.35370981   
      6860   2             -5.1584292      2.985         -2.1734292      0.35370981   
      6870   2             -5.1584292      2.985         -2.1734292      0.35370981   
      6880   2             -5.1584292      2.985         -2.1734292      0.35370981   
      6890   2             -5.1584292      2.985         -2.1734292      0.35370981   
      6900   2             -5.1584292      2.985         -2.1734292      0.35370981   
      6910   2             -5.1584292      2.985         -2.1734292      0.35370981   
      6920   2             -5.1584292      2.985         -2.1734292      0.35370981   
      6930   2             -5.1584292      2.985         -2.1734292      0.35370981   
      6940   2             -5.1584292      2.985         -2.1734292      0.35370981   
      6950   2             -5.1584292      2.985         -2.1734292      0.35370981   
      6960   2             -5.1584292      2.985         -2.1734292      0.35370981   
      6970   2             -5.1584292      2.985         -2.1734292      0.35370981   
      6980   2             -5.1584292      2.985         -2.1734292      0.35370981   
      6990   2             -5.1584292      2.985         -2.1734292      0.35370981   
      7000   2             -5.1584292      2.985         -2.1734292      0.35370981   
      7010   2             -5.1584292      2.985         -2.1734292      0.35370981   
      7020   2             -5.1584292      2.985         -2.1734292      0.35370981   
      7030   2             -5.1584292      2.985         -2.1734292      0.35370981   
      7040   2             -5.1584292      2.985         -2.1734292      0.35370981   
      7050   2             -5.1584292      2.985         -2.1734292      0.35370981   
      7060   2             -5.1584292      2.985         -2.1734292      0.35370981   
      7070   2             -5.1584292      2.985         -2.1734292      0.35370981   
      7080   2             -5.1584292      2.985         -2.1734292      0.35370981   
      7090   2             -5.1584292      2.985         -2.1734292      0.35370981   
      7100   2             -5.1584292      2.985         -2.1734292      0.35370981   
      7110   2             -5.1584292      2.985         -2.1734292      0.35370981   
      7120   2             -5.1584292      2.985         -2.1734292      0.35370981   
      7130   2             -5.1584292      2.985         -2.1734292      0.35370981   
      7140   2             -5.1584292      2.985         -2.1734292      0.35370981   
      7150   2             -5.1584292      2.985         -2.1734292      0.35370981   
      7160   2             -5.1584292      2.985         -2.1734292      0.35370981   
      7170   2             -5.1584292      2.985         -2.1734292      0.35370981   
      7180   2             -5.1584292      2.985         -2.1734292      0.35370981   
      7190   2             -5.1584292      2.985         -2.1734292      0.35370981   
      7200   2             -5.1584292      2.985         -2.1734292      0.35370981   
      7210   2             -5.1584292      2.985         -2.1734292      0.35370981   
      7220   2             -5.1584292      2.985         -2.1734292      0.35370981   
      7230   2             -5.1584292      2.985         -2.1734292      0.35370981   
      7240   2             -5.1584292      2.985         -2.1734292      0.35370981   
      7250   2             -5.1584292      2.985         -2.1734292      0.35370981   
      7260   2             -5.1584292      2.985         -2.1734292      0.35370981   
      7270   2             -5.1584292      2.985         -2.1734292      0.35370981   
      7280   2             -5.1584292      2.985         -2.1734292      0.35370981   
      7290   2             -5.1584292      2.985         -2.1734292      0.35370981   
      7300   2             -5.1584292      2.985         -2.1734292      0.35370981   
      7310   2             -5.1584292      2.985         -2.1734292      0.35370981   
      7320   2             -5.1584292      2.985         -2.1734292      0.35370981   
      7330   2             -5.1584292      2.985         -2.1734292      0.35370981   
      7340   2             -5.1584292      2.985         -2.1734292      0.35370981   
      7350   2             -5.1584292      2.985         -2.1734292      0.35370981   
      7360   2             -5.1584292      2.985         -2.1734292      0.35370981   
      7370   2             -5.1584292      2.985         -2.1734292      0.35370981   
      7380   2             -5.1584292      2.985         -2.1734292      0.35370981   
      7390   2             -5.1584292      2.985         -2.1734292      0.35370981   
      7400   2             -5.1584292      2.985         -2.1734292      0.35370981   
      7410   2             -5.1584292      2.985         -2.1734292      0.35370981   
      7420   2             -5.1584292      2.985         -2.1734292      0.35370981   
      7430   2             -5.1584292      2.985         -2.1734292      0.35370981   
      7440   2             -5.1584292      2.985         -2.1734292      0.35370981   
      7450   2             -5.1584292      2.985         -2.1734292      0.35370981   
      7460   2             -5.1584292      2.985         -2.1734292      0.35370981   
      7470   2             -5.1584292      2.985         -2.1734292      0.35370981   
      7480   2             -5.1584292      2.985         -2.1734292      0.35370981   
      7490   2             -5.1584292      2.985         -2.1734292      0.35370981   
      7500   2             -5.1584292      2.985         -2.1734292      0.35370981   
      7510   2             -5.1584292      2.985         -2.1734292      0.35370981   
      7520   2             -5.1584292      2.985         -2.1734292      0.35370981   
      7530   2             -5.1584292      2.985         -2.1734292      0.35370981   
      7540   2             -5.1584292      2.985         -2.1734292      0.35370981   
      7550   2             -5.1584292      2.985         -2.1734292      0.35370981   
      7560   2             -5.1584292      2.985         -2.1734292      0.35370981   
      7570   2             -5.1584292      2.985         -2.1734292      0.35370981   
      7580   2             -5.1584292      2.985         -2.1734292      0.35370981   
      7590   2             -5.1584292      2.985         -2.1734292      0.35370981   
      7600   2             -5.1584292      2.985         -2.1734292      0.35370981   
      7610   2             -5.1584292      2.985         -2.1734292      0.35370981   
      7620   2             -5.1584292      2.985         -2.1734292      0.35370981   
      7630   2             -5.1584292      2.985         -2.1734292      0.35370981   
      7640   2             -5.1584292      2.985         -2.1734292      0.35370981   
      7650   2             -5.1584292      2.985         -2.1734292      0.35370981   
      7660   2             -5.1584292      2.985         -2.1734292      0.35370981   
      7670   2             -5.1584292      2.985         -2.1734292      0.35370981   
      7680   2             -5.1584292      2.985         -2.1734292      0.35370981   
      7690   2             -5.1584292      2.985         -2.1734292      0.35370981   
      7700   2             -5.1584292      2.985         -2.1734292      0.35370981   
      7710   2             -5.1584292      2.985         -2.1734292      0.35370981   
      7720   2             -5.1584292      2.985         -2.1734292      0.35370981   
      7730   2             -5.1584292      2.985         -2.1734292      0.35370981   
      7740   2             -5.1584292      2.985         -2.1734292      0.35370981   
      7750   2             -5.1584292      2.985         -2.1734292      0.35370981   
      7760   2             -5.1584292      2.985         -2.1734292      0.35370981   
      7770   2             -5.1584292      2.985         -2.1734292      0.35370981   
      7780   2             -5.1584292      2.985         -2.1734292      0.35370981   
      7790   2             -5.1584292      2.985         -2.1734292      0.35370981   
      7800   2             -5.1584292      2.985         -2.1734292      0.35370981   
      7810   2             -5.1584292      2.985         -2.1734292      0.35370981   
      7820   2             -5.1584292      2.985         -2.1734292      0.35370981   
      7830   2             -5.1584292      2.985         -2.1734292      0.35370981   
      7840   2             -5.1584292      2.985         -2.1734292      0.35370981   
      7850   2             -5.1584292      2.985         -2.1734292      0.35370981   
      7860   2             -5.1584292      2.985         -2.1734292      0.35370981   
      7870   2             -5.1584292      2.985         -2.1734292      0.35370981   
      7880   2             -5.1584292      2.985         -2.1734292      0.35370981   
      7890   2             -5.1584292      2.985         -2.1734292      0.35370981   
      7900   2             -5.1584292      2.985         -2.1734292      0.35370981   
      7910   2             -5.1584292      2.985         -2.1734292      0.35370981   
      7920   2             -5.1584292      2.985         -2.1734292      0.35370981   
      7930   2             -5.1584292      2.985         -2.1734292      0.35370981   
      7940   2             -5.1584292      2.985         -2.1734292      0.35370981   
      7950   2             -5.1584292      2.985         -2.1734292      0.35370981   
      7960   2             -5.1584292      2.985         -2.1734292      0.35370981   
      7970   2             -5.1584292      2.985         -2.1734292      0.35370981   
      7980   2             -5.1584292      2.985         -2.1734292      0.35370981   
      7990   2             -5.1584292      2.985         -2.1734292      0.35370981   
      8000   2             -5.1584292      2.985         -2.1734292      0.35370981   
      8010   2             -5.1584292      2.985         -2.1734292      0.35370981   
      8020   2             -5.1584292      2.985         -2.1734292      0.35370981   
      8030   2             -5.1584292      2.985         -2.1734292      0.35370981   
      8040   2             -5.1584292      2.985         -2.1734292      0.35370981   
      8050   2             -5.1584292      2.985         -2.1734292      0.35370981   
      8060   2             -5.1584292      2.985         -2.1734292      0.35370981   
      8070   2             -5.1584292      2.985         -2.1734292      0.35370981   
      8080   2             -5.1584292      2.985         -2.1734292      0.35370981   
      8090   2             -5.1584292      2.985         -2.1734292      0.35370981   
      8100   2             -5.1584292      2.985         -2.1734292      0.35370981   
      8110   2             -5.1584292      2.985         -2.1734292      0.35370981   
      8120   2             -5.1584292      2.985         -2.1734292      0.35370981   
      8130   2             -5.1584292      2.985         -2.1734292      0.35370981   
      8140   2             -5.1584292      2.985         -2.1734292      0.35370981   
      8150   2             -5.1584292      2.985         -2.1734292      0.35370981   
      8160   2             -5.1584292      2.985         -2.1734292      0.35370981   
      8170   2             -5.1584292      2.985         -2.1734292      0.35370981   
      8180   2             -5.1584292      2.985         -2.1734292      0.35370981   
      8190   2             -5.1584292      2.985         -2.1734292      0.35370981   
      8200   2             -5.1584292      2.985         -2.1734292      0.35370981   
      8210   2             -5.1584292      2.985         -2.1734292      0.35370981   
      8220   2             -5.1584292      2.985         -2.1734292      0.35370981   
      8230   2             -5.1584292      2.985         -2.1734292      0.35370981   
      8240   2             -5.1584292      2.985         -2.1734292      0.35370981   
      8250   2             -5.1584292      2.985         -2.1734292      0.35370981   
      8260   2             -5.1584292      2.985         -2.1734292      0.35370981   
      8270   2             -5.1584292      2.985         -2.1734292      0.35370981   
      8280   2             -5.1584292      2.985         -2.1734292      0.35370981   
      8290   2             -5.1584292      2.985         -2.1734292      0.35370981   
      8300   2             -5.1584292      2.985         -2.1734292      0.35370981   
      8310   2             -5.1584292      2.985         -2.1734292      0.35370981   
      8320   2             -5.1584292      2.985         -2.1734292      0.35370981   
      8330   2             -5.1584292      2.985         -2.1734292      0.35370981   
      8340   2             -5.1584292      2.985         -2.1734292      0.35370981   
      8350   2             -5.1584292      2.985         -2.1734292      0.35370981   
      8360   2             -5.1584292      2.985         -2.1734292      0.35370981   
      8370   2             -5.1584292      2.985         -2.1734292      0.35370981   
      8380   2             -5.1584292      2.985         -2.1734292      0.35370981   
      8390   2             -5.1584292      2.985         -2.1734292      0.35370981   
      8400   2             -5.1584292      2.985         -2.1734292      0.35370981   
      8410   2             -5.1584292      2.985         -2.1734292      0.35370981   
      8420   2             -5.1584292      2.985         -2.1734292      0.35370981   
      8430   2             -5.1584292      2.985         -2.1734292      0.35370981   
      8440   2             -5.1584292      2.985         -2.1734292      0.35370981   
      8450   2             -5.1584292      2.985         -2.1734292      0.35370981   
      8460   2             -5.1584292      2.985         -2.1734292      0.35370981   
      8470   2             -5.1584292      2.985         -2.1734292      0.35370981   
      8480   2             -5.1584292      2.985         -2.1734292      0.35370981   
      8490   2             -5.1584292      2.985         -2.1734292      0.35370981   
      8500   2             -5.1584292      2.985         -2.1734292      0.35370981   
      8510   2             -5.1584292      2.985         -2.1734292      0.35370981   
      8520   2             -5.1584292      2.985         -2.1734292      0.35370981   
      8530   2             -5.1584292      2.985         -2.1734292      0.35370981   
      8540   2             -5.1584292      2.985         -2.1734292      0.35370981   
      8550   2             -5.1584292      2.985         -2.1734292      0.35370981   
      8560   2             -5.1584292      2.985         -2.1734292      0.35370981   
      8570   2             -5.1584292      2.985         -2.1734292      0.35370981   
      8580   2             -5.1584292      2.985         -2.1734292      0.35370981   
      8590   2             -5.1584292      2.985         -2.1734292      0.35370981   
      8600   2             -5.1584292      2.985         -2.1734292      0.35370981   
      8610   2             -5.1584292      2.985         -2.1734292      0.35370981   
      8620   2             -5.1584292      2.985         -2.1734292      0.35370981   
      8630   2             -5.1584292      2.985         -2.1734292      0.35370981   
      8640   2             -5.1584292      2.985         -2.1734292      0.35370981   
      8650   2             -5.1584292      2.985         -2.1734292      0.35370981   
      8660   2             -5.1584292      2.985         -2.1734292      0.35370981   
      8670   2             -5.1584292      2.985         -2.1734292      0.35370981   
      8680   2             -5.1584292      2.985         -2.1734292      0.35370981   
      8690   2             -5.1584292      2.985         -2.1734292      0.35370981   
      8700   2             -5.1584292      2.985         -2.1734292      0.35370981   
      8710   2             -5.1584292      2.985         -2.1734292      0.35370981   
      8720   2             -5.1584292      2.985         -2.1734292      0.35370981   
      8730   2             -5.1584292      2.985         -2.1734292      0.35370981   
      8740   2             -5.1584292      2.985         -2.1734292      0.35370981   
      8750   2             -5.1584292      2.985         -2.1734292      0.35370981   
      8760   2             -5.1584292      2.985         -2.1734292      0.35370981   
      8770   2             -5.1584292      2.985         -2.1734292      0.35370981   
      8780   2             -5.1584292      2.985         -2.1734292      0.35370981   
      8790   2             -5.1584292      2.985         -2.1734292      0.35370981   
      8800   2             -5.1584292      2.985         -2.1734292      0.35370981   
      8810   2             -5.1584292      2.985         -2.1734292      0.35370981   
      8820   2             -5.1584292      2.985         -2.1734292      0.35370981   
      8830   2             -5.1584292      2.985         -2.1734292      0.35370981   
      8840   2             -5.1584292      2.985         -2.1734292      0.35370981   
      8850   2             -5.1584292      2.985         -2.1734292      0.35370981   
      8860   2             -5.1584292      2.985         -2.1734292      0.35370981   
      8870   2             -5.1584292      2.985         -2.1734292      0.35370981   
      8880   2             -5.1584292      2.985         -2.1734292      0.35370981   
      8890   2             -5.1584292      2.985         -2.1734292      0.35370981   
      8900   2             -5.1584292      2.985         -2.1734292      0.35370981   
      8910   2             -5.1584292      2.985         -2.1734292      0.35370981   
      8920   2             -5.1584292      2.985         -2.1734292      0.35370981   
      8930   2             -5.1584292      2.985         -2.1734292      0.35370981   
      8940   2             -5.1584292      2.985         -2.1734292      0.35370981   
      8950   2             -5.1584292      2.985         -2.1734292      0.35370981   
      8960   2             -5.1584292      2.985         -2.1734292      0.35370981   
      8970   2             -5.1584292      2.985         -2.1734292      0.35370981   
      8980   2             -5.1584292      2.985         -2.1734292      0.35370981   
      8990   2             -5.1584292      2.985         -2.1734292      0.35370981   
      9000   2             -5.1584292      2.985         -2.1734292      0.35370981   
      9010   2             -5.1584292      2.985         -2.1734292      0.35370981   
      9020   2             -5.1584292      2.985         -2.1734292      0.35370981   
      9030   2             -5.1584292      2.985         -2.1734292      0.35370981   
      9040   2             -5.1584292      2.985         -2.1734292      0.35370981   
      9050   2             -5.1584292      2.985         -2.1734292      0.35370981   
      9060   2             -5.1584292      2.985         -2.1734292      0.35370981   
      9070   2             -5.1584292      2.985         -2.1734292      0.35370981   
      9080   2             -5.1584292      2.985         -2.1734292      0.35370981   
      9090   2             -5.1584292      2.985         -2.1734292      0.35370981   
      9100   2             -5.1584292      2.985         -2.1734292      0.35370981   
      9110   2             -5.1584292      2.985         -2.1734292      0.35370981   
      9120   2             -5.1584292      2.985         -2.1734292      0.35370981   
      9130   2             -5.1584292      2.985         -2.1734292      0.35370981   
      9140   2             -5.1584292      2.985         -2.1734292      0.35370981   
      9150   2             -5.1584292      2.985         -2.1734292      0.35370981   
      9160   2             -5.1584292      2.985         -2.1734292      0.35370981   
      9170   2             -5.1584292      2.985         -2.1734292      0.35370981   
      9180   2             -5.1584292      2.985         -2.1734292      0.35370981   
      9190   2             -5.1584292      2.985         -2.1734292      0.35370981   
      9200   2             -5.1584292      2.985         -2.1734292      0.35370981   
      9210   2             -5.1584292      2.985         -2.1734292      0.35370981   
      9220   2             -5.1584292      2.985         -2.1734292      0.35370981   
      9230   2             -5.1584292      2.985         -2.1734292      0.35370981   
      9240   2             -5.1584292      2.985         -2.1734292      0.35370981   
      9250   2             -5.1584292      2.985         -2.1734292      0.35370981   
      9260   2             -5.1584292      2.985         -2.1734292      0.35370981   
      9270   2             -5.1584292      2.985         -2.1734292      0.35370981   
      9280   2             -5.1584292      2.985         -2.1734292      0.35370981   
      9290   2             -5.1584292      2.985         -2.1734292      0.35370981   
      9300   2             -5.1584292      2.985         -2.1734292      0.35370981   
      9310   2             -5.1584292      2.985         -2.1734292      0.35370981   
      9320   2             -5.1584292      2.985         -2.1734292      0.35370981   
      9330   2             -5.1584292      2.985         -2.1734292      0.35370981   
      9340   2             -5.1584292      2.985         -2.1734292      0.35370981   
      9350   2             -5.1584292      2.985         -2.1734292      0.35370981   
      9360   2             -5.1584292      2.985         -2.1734292      0.35370981   
      9370   2             -5.1584292      2.985         -2.1734292      0.35370981   
      9380   2             -5.1584292      2.985         -2.1734292      0.35370981   
      9390   2             -5.1584292      2.985         -2.1734292      0.35370981   
      9400   2             -5.1584292      2.985         -2.1734292      0.35370981   
      9410   2             -5.1584292      2.985         -2.1734292      0.35370981   
      9420   2             -5.1584292      2.985         -2.1734292      0.35370981   
      9430   2             -5.1584292      2.985         -2.1734292      0.35370981   
      9440   2             -5.1584292      2.985         -2.1734292      0.35370981   
      9450   2             -5.1584292      2.985         -2.1734292      0.35370981   
      9460   2             -5.1584292      2.985         -2.1734292      0.35370981   
      9470   2             -5.1584292      2.985         -2.1734292      0.35370981   
      9480   2             -5.1584292      2.985         -2.1734292      0.35370981   
      9490   2             -5.1584292      2.985         -2.1734292      0.35370981   
      9500   2             -5.1584292      2.985         -2.1734292      0.35370981   
      9510   2             -5.1584292      2.985         -2.1734292      0.35370981   
      9520   2             -5.1584292      2.985         -2.1734292      0.35370981   
      9530   2             -5.1584292      2.985         -2.1734292      0.35370981   
      9540   2             -5.1584292      2.985         -2.1734292      0.35370981   
      9550   2             -5.1584292      2.985         -2.1734292      0.35370981   
      9560   2             -5.1584292      2.985         -2.1734292      0.35370981   
      9570   2             -5.1584292      2.985         -2.1734292      0.35370981   
      9580   2             -5.1584292      2.985         -2.1734292      0.35370981   
      9590   2             -5.1584292      2.985         -2.1734292      0.35370981   
      9600   2             -5.1584292      2.985         -2.1734292      0.35370981   
      9610   2             -5.1584292      2.985         -2.1734292      0.35370981   
      9620   2             -5.1584292      2.985         -2.1734292      0.35370981   
      9630   2             -5.1584292      2.985         -2.1734292      0.35370981   
      9640   2             -5.1584292      2.985         -2.1734292      0.35370981   
      9650   2             -5.1584292      2.985         -2.1734292      0.35370981   
      9660   2             -5.1584292      2.985         -2.1734292      0.35370981   
      9670   2             -5.1584292      2.985         -2.1734292      0.35370981   
      9680   2             -5.1584292      2.985         -2.1734292      0.35370981   
      9690   2             -5.1584292      2.985         -2.1734292      0.35370981   
      9700   2             -5.1584292      2.985         -2.1734292      0.35370981   
      9710   2             -5.1584292      2.985         -2.1734292      0.35370981   
      9720   2             -5.1584292      2.985         -2.1734292      0.35370981   
      9730   2             -5.1584292      2.985         -2.1734292      0.35370981   
      9740   2             -5.1584292      2.985         -2.1734292      0.35370981   
      9750   2             -5.1584292      2.985         -2.1734292      0.35370981   
      9760   2             -5.1584292      2.985         -2.1734292      0.35370981   
      9770   2             -5.1584292      2.985         -2.1734292      0.35370981   
      9780   2             -5.1584292      2.985         -2.1734292      0.35370981   
      9790   2             -5.1584292      2.985         -2.1734292      0.35370981   
      9800   2             -5.1584292      2.985         -2.1734292      0.35370981   
      9810   2             -5.1584292      2.985         -2.1734292      0.35370981   
      9820   2             -5.1584292      2.985         -2.1734292      0.35370981   
      9830   2             -5.1584292      2.985         -2.1734292      0.35370981   
      9840   2             -5.1584292      2.985         -2.1734292      0.35370981   
      9850   2             -5.1584292      2.985         -2.1734292      0.35370981   
      9860   2             -5.1584292      2.985         -2.1734292      0.35370981   
      9870   2             -5.1584292      2.985         -2.1734292      0.35370981   
      9880   2             -5.1584292      2.985         -2.1734292      0.35370981   
      9890   2             -5.1584292      2.985         -2.1734292      0.35370981   
      9900   2             -5.1584292      2.985         -2.1734292      0.35370981   
      9910   2             -5.1584292      2.985         -2.1734292      0.35370981   
      9920   2             -5.1584292      2.985         -2.1734292      0.35370981   
      9930   2             -5.1584292      2.985         -2.1734292      0.35370981   
      9940   2             -5.1584292      2.985         -2.1734292      0.35370981   
      9950   2             -5.1584292      2.985         -2.1734292      0.35370981   
      9960   2             -5.1584292      2.985         -2.1734292      0.35370981   
      9970   2             -5.1584292      2.985         -2.1734292      0.35370981   
      9980   2             -5.1584292      2.985         -2.1734292      0.35370981   
      9990   2             -5.1584292      2.985         -2.1734292      0.35370981   
     10000   2             -5.1584292      2.985         -2.1734292      0.35370981   
     10010   2             -5.1584292      2.985         -2.1734292      0.35370981   
     10020   2             -5.1584292      2.985         -2.1734292      0.35370981   
     10030   2             -5.1584292      2.985         -2.1734292      0.35370981   
     10040   2             -5.1584292      2.985         -2.1734292      0.35370981   
     10050   2             -5.1584292      2.985         -2.1734292      0.35370981   
     10060   2             -5.1584292      2.985         -2.1734292      0.35370981   
     10070   2             -5.1584292      2.985         -2.1734292      0.35370981   
     10080   2             -5.1584292      2.985         -2.1734292      0.35370981   
     10090   2             -5.1584292      2.985         -2.1734292      0.35370981   
     10100   2             -5.1584292      2.985         -2.1734292      0.35370981   
     10110   2             -5.1584292      2.985         -2.1734292      0.35370981   
     10120   2             -5.1584292      2.985         -2.1734292      0.35370981   
     10130   2             -5.1584292      2.985         -2.1734292      0.35370981   
     10140   2             -5.1584292      2.985         -2.1734292      0.35370981   
     10150   2             -5.1584292      2.985         -2.1734292      0.35370981   
     10160   2             -5.1584292      2.985         -2.1734292      0.35370981   
     10170   2             -5.1584292      2.985         -2.1734292      0.35370981   
     10180   2             -5.1584292      2.985         -2.1734292      0.35370981   
     10190   2             -5.1584292      2.985         -2.1734292      0.35370981   
     10200   2             -5.1584292      2.985         -2.1734292      0.35370981   
     10210   2             -5.1584292      2.985         -2.1734292      0.35370981   
     10220   2             -5.1584292      2.985         -2.1734292      0.35370981   
     10230   2             -5.1584292      2.985         -2.1734292      0.35370981   
     10240   2             -5.1584292      2.985         -2.1734292      0.35370981   
     10250   2             -5.1584292      2.985         -2.1734292      0.35370981   
     10260   2             -5.1584292      2.985         -2.1734292      0.35370981   
     10270   2             -5.1584292      2.985         -2.1734292      0.35370981   
     10280   2             -5.1584292      2.985         -2.1734292      0.35370981   
     10290   2             -5.1584292      2.985         -2.1734292      0.35370981   
     10300   2             -5.1584292      2.985         -2.1734292      0.35370981   
     10310   2             -5.1584292      2.985         -2.1734292      0.35370981   
     10320   2             -5.1584292      2.985         -2.1734292      0.35370981   
     10330   2             -5.1584292      2.985         -2.1734292      0.35370981   
     10337   2             -5.1584292      2.985         -2.1734292      0.35370981
