 Step          Temp          PotEng         KinEng         TotEng         Press     
       217   1             -4.200472       1.49          -2.710472       0.10012146   
       220   0.96218392    -4.1434846      1.433654      -2.7098306      0.13999193   
       230   0.56586423    -3.5420161      0.84313771    -2.6988784      0.52605027   
       240   0.62248064    -3.607676       0.92749616    -2.6801799      0.31652918   
       250   0.58291706    -3.5165201      0.86854641    -2.6479737      0.14112102   
       260   0.58009111    -3.4765067      0.86433575    -2.6121709     -0.042602257  
       270   0.53508929    -3.3743468      0.79728304    -2.5770637     -0.12965103   
       280   0.50957131    -3.3074844      0.75926126    -2.5482231     -0.18855515   
       290   0.47491648    -3.2294229      0.70762556    -2.5217973     -0.20152269   
       300   0.46848962    -3.1937417      0.69804953    -2.4956922     -0.2061485    
       310   0.46503319    -3.1599859      0.69289946    -2.4670865     -0.18352521   
       320   0.47674706    -3.1460405      0.71035312    -2.4356874     -0.15988949   
       330   0.47374349    -3.1075792      0.7058778     -2.4017014     -0.11777561   
       340   0.50327981    -3.1158686      0.74988692    -2.3659817     -0.11223149   
       350   0.55041936    -3.1465089      0.82012485    -2.3263841     -0.12612622   
       360   0.60387381    -3.1822131      0.89977198    -2.2824411     -0.13623876   
       370   0.63998192    -3.1883338      0.95357306    -2.2347607     -0.10727956   
       380   0.65920267    -3.1669681      0.98221197    -2.1847562     -0.045606189  
       390   0.68583998    -3.1542194      1.0219016     -2.1323178      0.0055293245 
       400   0.72290508    -3.1541575      1.0771286     -2.0770289      0.040929659  
       410   0.72363509    -3.0984207      1.0782163     -2.0202044      0.088660067  
       420   0.8017662     -3.1540737      1.1946316     -1.9594421      0.01847622   
       430   0.84111611    -3.1469663      1.253263      -1.8937033     -0.014503158  
       440   0.82948686    -3.0628853      1.2359354     -1.8269498      0.01819545   
       450   0.80645732    -2.9635257      1.2016214     -1.7619043      0.045862711  
       460   0.84607456    -2.9559608      1.2606511     -1.6953097     -0.00072234093
       470   0.87746961    -2.932644       1.3074297     -1.6252143     -0.018977885  
       480   0.88683732    -2.8753675      1.3213876     -1.5539799      0.010249542  
       490   0.92864533    -2.8642439      1.3836815     -1.4805623      0.014696325  
       500   0.98453874    -2.8697349      1.4669627     -1.4027721      0.015941024  
       510   0.97443363    -2.7752311      1.4519061     -1.323325       0.085779065  
       520   1.019668      -2.7631332      1.5193054     -1.2438278      0.085523189  
       530   1.0377797     -2.7077348      1.5462917     -1.161443       0.091691402  
       540   1.0972598     -2.7109378      1.634917      -1.0760207      0.039016065  
       550   1.1257585     -2.6643564      1.6773801     -0.98697628     0.025635467  
       560   1.1485173     -2.6090294      1.7112908     -0.89773861     0.032189244  
       570   1.150459      -2.5223923      1.7141838     -0.80820847     0.046979865  
       580   1.2265406     -2.5432685      1.8275455     -0.715723      -0.010525009  
       590   1.2335688     -2.4583027      1.8380175     -0.62028525     0.027379682  
       600   1.2861578     -2.4411519      1.9163752     -0.5247767      0.031122535  
       610   1.3227783     -2.397035       1.9709397     -0.42609534     0.050262593  
       620   1.3754924     -2.3748045      2.0494837     -0.32532079     0.051774927  
       630   1.4085116     -2.3219633      2.0986823     -0.22328097     0.065424221  
       640   1.4569524     -2.291878       2.1708591     -0.12101892     0.064116883  
       650   1.4456929     -2.1721774      2.1540825     -0.018094976    0.12073861   
       660   1.5742187     -2.2582702      2.3455859      0.087315683    0.039264363  
       670   1.6111812     -2.2042903      2.40066        0.19636961     0.070648948  
       680   1.6100232     -2.0962579      2.3989346      0.30267672     0.15095939   
       690   1.6684549     -2.0779782      2.4859978      0.40801965     0.14823067   
       700   1.7947753     -2.1568741      2.6742152      0.5173411      0.088802476  
       710   1.7646596     -2.004936       2.6293428      0.62440679     0.20906028   
       720   1.8064981     -1.9641314      2.6916822      0.72755085     0.24618881   
       730   1.8770927     -1.9647262      2.7968681      0.8321419      0.23713222   
       740   1.9503882     -1.970198       2.9060784      0.93588044     0.22241218   
       750   1.9267488     -1.835261       2.8708557      1.0355946      0.29149369   
       760   2.0421442     -1.911503       3.0427948      1.1312918      0.19642274   
       770   2.0452443     -1.8227655      3.047414       1.2246486      0.21231004   
       780   2.0829039     -1.7912411      3.1035268      1.3122858      0.20251571   
       790   2.121565      -1.7648575      3.1611319      1.3962744      0.20376966   
       800   2.0462939     -1.5777508      3.048978       1.4712272      0.33070975   
       810   2.1211898     -1.615054       3.1605728      1.5455188      0.28572719   
       820   2.1810541     -1.6353848      3.2497706      1.6143858      0.23037161   
       830   2.1821739     -1.574833       3.2514391      1.6766061      0.2405521    
       840   2.2100466     -1.5612694      3.2929694      1.7317         0.22037989   
       850   2.1755911     -1.4599316      3.2416307      1.7816991      0.26206407   
       860   2.2183811     -1.4809337      3.3053878      1.8244541      0.21739937   
       870   2.1979144     -1.4135873      3.2748924      1.8613051      0.22751798   
       880   2.222212      -1.4206476      3.3110958      1.8904482      0.2084587    
       890   2.2053064     -1.3731491      3.2859065      1.9127575      0.23462842   
       900   2.1990579     -1.3484836      3.2765963      1.9281127      0.2523868    
       910   2.225902      -1.3798093      3.316594       1.9367847      0.23641979   
       920   2.201068      -1.3408256      3.2795914      1.9387657      0.26374346   
       930   2.2062423     -1.3539758      3.2873011      1.9333253      0.25254763   
       940   2.195958      -1.3496105      3.2719774      1.9223669      0.24428425   
       950   2.1815905     -1.3468029      3.2505699      1.9037669      0.24611748   
       960   2.2081781     -1.4116295      3.2901853      1.8785558      0.21448982   
       970   2.1366331     -1.3357462      3.1835834      1.8478372      0.28694132   
       980   2.0900726     -1.3015935      3.1142082      1.8126147      0.3288282    
       990   2.129865      -1.3975196      3.1734989      1.7759793      0.26278223   
      1000   2.1113836     -1.4106927      3.1459616      1.7352689      0.2543106    
      1010   2.060286      -1.3782193      3.0698261      1.6916068      0.28416941   
      1020   1.987733      -1.3135021      2.9617222      1.6482202      0.33044726   
      1030   2.0387624     -1.433261       3.037756       1.604495       0.23435347   
      1040   1.977909      -1.3872452      2.9470844      1.5598392      0.2578908    
      1050   1.869902      -1.2659177      2.786154       1.5202363      0.31690475   
      1060   1.913177      -1.3658606      2.8506338      1.4847732      0.18752112   
      1070   1.870284      -1.3351936      2.7867232      1.4515295      0.15708247   
      1080   1.8223962     -1.2924591      2.7153703      1.4229112      0.16021566   
      1090   1.8091019     -1.2962743      2.6955619      1.3992876      0.16453784   
      1100   1.7633617     -1.2455742      2.6274089      1.3818347      0.21739995   
      1110   1.7509441     -1.2377022      2.6089068      1.3712046      0.22990886   
      1120   1.7255886     -1.2042569      2.571127       1.36687        0.24687837   
      1130   1.7559505     -1.2466388      2.6163663      1.3697275      0.20302243   
      1140   1.7641027     -1.2497114      2.628513       1.3788016      0.19939295   
      1150   1.7541156     -1.2192504      2.6136323      1.3943819      0.21691144   
      1160   1.7734149     -1.2253821      2.6423883      1.4170062      0.19843971   
      1170   1.8146418     -1.2583145      2.7038162      1.4455017      0.16608835   
      1180   1.7867875     -1.1828383      2.6623133      1.479475       0.21706192   
      1190   1.7495359     -1.0889889      2.6068086      1.5178197      0.2653971    
      1200   1.8579979     -1.2043967      2.7684168      1.5640201      0.15499004   
      1210   1.8796918     -1.1861106      2.8007407      1.6146301      0.16342473   
      1220   1.8642669     -1.1104801      2.7777577      1.6672775      0.22679269   
      1230   1.9069994     -1.11692        2.8414291      1.7245091      0.23037143   
      1240   1.941779      -1.1100463      2.8932507      1.7832044      0.24254821   
      1250   1.9793839     -1.1049328      2.949282       1.8443492      0.25880549   
      1260   1.9441756     -0.99238062     2.8968217      1.9044411      0.34277259   
      1270   2.0609048     -1.1062127      3.0707482      1.9645355      0.25880067   
      1280   2.1004676     -1.1056133      3.1296967      2.0240834      0.24779204   
      1290   2.1076005     -1.0605942      3.1403247      2.0797305      0.27754156   
      1300   2.1279898     -1.0393766      3.1707048      2.1313282      0.29136671   
      1310   2.1968587     -1.0941269      3.2733194      2.1791925      0.26076878   
      1320   2.1333505     -0.95801269     3.1786923      2.2206796      0.3632251    
      1330   2.2089492     -1.0346241      3.2913344      2.2567103      0.28815874   
      1340   2.2648389     -1.0878126      3.3746099      2.2867974      0.22527922   
      1350   2.2392269     -1.0274151      3.3364481      2.309033       0.26509018   
      1360   2.2708166     -1.0611881      3.3835167      2.3223286      0.25500283   
      1370   2.2739205     -1.0608166      3.3881415      2.3273249      0.277766     
      1380   2.2984083     -1.1017482      3.4246283      2.3228801      0.28164681   
      1390   2.2713072     -1.0760531      3.3842477      2.3081946      0.32334381   
      1400   2.2476153     -1.0643139      3.3489469      2.284633       0.33054686   
      1410   2.2531081     -1.1047558      3.3571311      2.2523753      0.28116096   
      1420   2.2328024     -1.1146211      3.3268756      2.2122545      0.25098149   
      1430   2.2034319     -1.1181817      3.2831135      2.1649318      0.24063237   
      1440   2.1246642     -1.0539523      3.1657497      2.1117973      0.29857358   
      1450   2.082025      -1.0441796      3.1022173      2.0580377      0.3175275    
      1460   2.0485909     -1.0473622      3.0524004      2.0050382      0.30840007   
      1470   2.0238377     -1.0644896      3.0155182      1.9510287      0.2814486    
      1480   2.0133586     -1.1028537      2.9999044      1.8970506      0.23720479   
      1490   1.9939521     -1.1254151      2.9709886      1.8455735      0.21619187   
      1500   1.9239937     -1.0707378      2.8667506      1.7960129      0.25884542   
      1510   1.8909189     -1.0659164      2.8174691      1.7515528      0.25847384   
      1520   1.927453      -1.1619536      2.871905       1.7099514      0.18616859   
      1530   1.8817946     -1.1323828      2.803874       1.6714912      0.21459346   
      1540   1.8269556     -1.0844458      2.7221638      1.637718       0.25027519   
      1550   1.8308408     -1.1188199      2.7279528      1.6091329      0.21369414   
      1560   1.8236232     -1.1316082      2.7171986      1.5855904      0.19352901   
      1570   1.7813622     -1.0874453      2.6542297      1.5667844      0.22179976   
      1580   1.7663275     -1.0778781      2.631828       1.5539499      0.22031301   
      1590   1.7587303     -1.0726597      2.6205082      1.5478484      0.19654887   
      1600   1.8038053     -1.1405255      2.68767        1.5471445      0.12948993   
      1610   1.8016215     -1.132131       2.684416       1.552285       0.13440323   
      1620   1.776378      -1.0837549      2.6468033      1.5630483      0.18836315   
      1630   1.7719392     -1.0616071      2.6401894      1.5785823      0.2441055    
      1640   1.7290856     -0.97579572     2.5763375      1.6005418      0.31799438   
      1650   1.7892087     -1.0362015      2.665921       1.6297195      0.25383618   
      1660   1.8596508     -1.1053804      2.7708796      1.6654992      0.16185598   
      1670   1.882345      -1.0980556      2.8046941      1.7066385      0.13662554   
      1680   1.8777012     -1.047238       2.7977747      1.7505367      0.18166839   
      1690   1.8647657     -0.98146974     2.7785009      1.7970312      0.25264165   
      1700   1.9400741     -1.0443781      2.8907105      1.8463324      0.2246014    
      1710   1.9302016     -0.9782893      2.8760004      1.8977111      0.28221189   
      1720   1.9144671     -0.90245026     2.852556       1.9501057      0.33813655   
      1730   2.014773      -0.99932485     3.0020117      2.0026869      0.27202736   
      1740   2.0622049     -1.0165862      3.0726853      2.0560991      0.25565528   
      1750   2.1393639     -1.0787599      3.1876522      2.1088922      0.22522337   
      1760   2.1380263     -1.0296692      3.1856593      2.15599        0.28922488   
      1770   2.1271577     -0.97203197     3.1694649      2.197433       0.34378542   
      1780   2.1764086     -1.0069717      3.2428488      2.2358771      0.30859607   
      1790   2.2214631     -1.0416995      3.30998        2.2682805      0.27239266   
      1800   2.2141932     -1.0053512      3.2991479      2.2937967      0.28996859   
      1810   2.2606267     -1.0565333      3.3683338      2.3118006      0.26015728   
      1820   2.1616746     -0.89823863     3.2208951      2.3226565      0.3828739    
      1830   2.2822014     -1.0745538      3.4004801      2.3259262      0.26451897   
      1840   2.2318417     -1.0035744      3.3254441      2.3218698      0.30513664   
      1850   2.2260989     -1.0084649      3.3168873      2.3084225      0.31832479   
      1860   2.1791059     -0.95766549     3.2468678      2.2892023      0.34698406   
      1870   2.2263119     -1.0549544      3.3172047      2.2622503      0.25619269   
      1880   2.1738103     -1.0095289      3.2389773      2.2294484      0.27917927   
      1890   2.1141953     -0.95856629     3.150151       2.1915847      0.31168287   
      1900   2.0962736     -0.97327943     3.1234477      2.1501683      0.29873692   
      1910   2.0634982     -0.96796268     3.0746123      2.1066496      0.292129     
      1920   2.0225629     -0.95102381     3.0136187      2.0625949      0.29066035   
      1930   1.9809584     -0.9316567      2.9516281      2.0199714      0.27577504   
      1940   1.9842934     -0.97776179     2.9565972      1.9788355      0.20880839   
      1950   1.8976347     -0.88716652     2.8274756      1.9403091      0.24824579   
      1960   1.9198804     -0.95601206     2.8606219      1.9046098      0.19760545   
      1970   1.9205409     -0.98982966     2.8616059      1.8717762      0.17290556   
      1980   1.8896982     -0.97390093     2.8156503      1.8417493      0.19145299   
      1990   1.8818243     -0.98848179     2.8039182      1.8154364      0.20013435   
      2000   1.7995125     -0.8876157      2.6812736      1.7936579      0.28776309   
      2010   1.856031      -0.98965611     2.7654862      1.7758301      0.23290148   
      2020   1.8383439     -0.97606211     2.7391323      1.7630702      0.23212112   
      2030   1.847657      -0.99859887     2.7530089      1.75441        0.20008504   
      2040   1.8170153     -0.95735729     2.7073528      1.7499955      0.21495914   
      2050   1.8188979     -0.95935919     2.7101579      1.7507987      0.20723125   
      2060   1.8262126     -0.96486167     2.7210568      1.7561952      0.20380546   
      2070   1.8129198     -0.9346013      2.7012505      1.7666492      0.22817632   
      2080   1.8087929     -0.91266513     2.6951014      1.7824363      0.24389472   
      2090   1.8570561     -0.96313707     2.7670136      1.8038765      0.20853109   
      2100   1.8218668     -0.88473772     2.7145815      1.8298438      0.26002025   
      2110   1.8761032     -0.93481475     2.7953938      1.860579       0.21822165   
      2120   1.955338      -1.0174499      2.9134536      1.8960037      0.15217566   
      2130   1.963817      -0.99186885     2.9260874      1.9342185      0.18223742   
      2140   2.0028619     -1.0117086      2.9842643      1.9725557      0.20946565   
      2150   1.9792717     -0.93699668     2.9491148      2.0121181      0.29983873   
      2160   2.0233776     -0.96522021     3.0148326      2.0496124      0.30855731   
      2170   2.0599628     -0.98226728     3.0693446      2.0870773      0.28491642   
      2180   2.0837483     -0.97966203     3.1047849      2.1251229      0.2674245    
      2190   2.0983453     -0.96647034     3.1265345      2.1600642      0.26028087   
      2200   2.1227649     -0.97135435     3.1629197      2.1915654      0.25042419   
      2210   2.10133       -0.911555       3.1309817      2.2194267      0.29790786   
      2220   2.117232      -0.911542       3.1546757      2.2431337      0.3041161    
      2230   2.1145561     -0.88721762     3.1506885      2.2634709      0.3096851    
      2240   2.13978       -0.90788505     3.1882723      2.2803872      0.26746539   
      2250   2.1516057     -0.91316514     3.2058925      2.2927274      0.2426118    
      2260   2.1589668     -0.91612306     3.2168605      2.3007374      0.23819106   
      2270   2.1182455     -0.85187497     3.1561857      2.3043108      0.2895719    
      2280   2.1730761     -0.93499829     3.2378833      2.302885       0.24730424   
      2290   2.1586224     -0.91925391     3.2163473      2.2970934      0.28088429   
      2300   2.1638385     -0.9395512      3.2241194      2.2845682      0.30926541   
      2310   2.1335965     -0.91104497     3.1790587      2.2680138      0.35344402   
      2320   2.1776057     -0.99777599     3.2446325      2.2468565      0.29928583   
      2330   2.18003       -1.029085       3.2482448      2.2191597      0.29034683   
      2340   2.0979867     -0.93991083     3.1260002      2.1860894      0.35810242   
      2350   2.1168946     -1.004873       3.1541729      2.1492999      0.31008027   
      2360   2.0943441     -1.011984       3.1205728      2.1085888      0.31052793   
      2370   1.9982481     -0.90962583     2.9773897      2.0677639      0.3826594    
      2380   2.0351331     -1.005175       3.0323483      2.0271733      0.28695095   
      2390   1.9908887     -0.97953362     2.9664241      1.9868905      0.27161907   
      2400   1.9630714     -0.97721535     2.9249764      1.947761       0.25283691   
      2410   1.8955518     -0.91184614     2.8243722      1.9125261      0.2736542    
      2420   1.9038906     -0.95620095     2.836797       1.8805961      0.2276908    
      2430   1.8613813     -0.92081064     2.7734582      1.8526475      0.2451004    
      2440   1.8234852     -0.88702846     2.7169929      1.8299645      0.26477541   
      2450   1.8701454     -0.9754764      2.7865167      1.8110403      0.20697694   
      2460   1.7968307     -0.88010161     2.6772778      1.7971762      0.26041343   
      2470   1.8695343     -0.99700281     2.7856062      1.7886034      0.15859952   
      2480   1.8673494     -0.99890212     2.7823506      1.7834485      0.14867642   
      2490   1.8236143     -0.93532945     2.7171853      1.7818558      0.20876541   
      2500   1.8256554     -0.93544344     2.7202266      1.7847831      0.22463911   
      2510   1.8797695     -1.0083477      2.8008565      1.7925088      0.18130953   
      2520   1.8742647     -0.98822844     2.7926543      1.8044259      0.2094553    
      2530   1.8760779     -0.97495301     2.795356       1.820403       0.23879903   
      2540   1.9051539     -0.99837402     2.8386794      1.8403054      0.23874534   
      2550   1.8542091     -0.89856456     2.7627715      1.864207       0.31438119   
      2560   1.9295081     -0.98367304     2.874967       1.891294       0.25662037   
      2570   1.9541824     -0.98868366     2.9117317      1.9230481      0.2437713    
      2580   1.9569316     -0.95915726     2.9158281      1.9566708      0.25765458   
      2590   1.9893815     -0.9722259      2.9641784      1.9919525      0.23413824   
      2600   2.006421      -0.96121386     2.9895673      2.0283535      0.22691346   
      2610   2.0214092     -0.94751535     3.0118997      2.0643844      0.22981276   
      2620   2.0598849     -0.96915086     3.0692285      2.1000776      0.21740038   
      2630   2.0528172     -0.92409979     3.0586977      2.1345979      0.25868234   
      2640   2.0832854     -0.93758032     3.1040952      2.1665149      0.26909059   
      2650   2.0787614     -0.90223208     3.0973544      2.1951223      0.31140371   
      2660   2.1266083     -0.94738485     3.1686464      2.2212616      0.27257362   
      2670   2.1597724     -0.97333796     3.2180609      2.2447229      0.23147035   
      2680   2.1636404     -0.96096049     3.2238242      2.2628637      0.23255646   
      2690   2.184183      -0.97846898     3.2544327      2.2759637      0.2141185    
      2700   2.1850307     -0.97200725     3.2556958      2.2836885      0.22024417   
      2710   2.1840768     -0.96930013     3.2542744      2.2849743      0.24612357   
      2720   2.176098      -0.96249264     3.2423861      2.2798934      0.2842004    
      2730   2.1400521     -0.91907827     3.1886777      2.2695994      0.33582236   
      2740   2.1167394     -0.89970398     3.1539418      2.2542378      0.35207317   
      2750   2.1137049     -0.91534497     3.1494203      2.2340753      0.32550014   
      2760   2.1497771     -0.99565723     3.2031679      2.2075107      0.26256938   
      2770   2.0673974     -0.90477233     3.0804222      2.1756498      0.32732825   
      2780   2.0755988     -0.95357315     3.0926423      2.1390691      0.28990402   
      2790   2.0793792     -0.99956546     3.098275       2.0987095      0.24819987   
      2800   2.0170116     -0.95055548     3.0053472      2.0547917      0.26769437   
      2810   1.9970317     -0.96764577     2.9755773      2.0079315      0.24676938   
      2820   1.9537102     -0.95009274     2.9110281      1.9609354      0.25736126   
      2830   1.9390969     -0.97401146     2.8892543      1.9152429      0.23692316   
      2840   1.9134098     -0.97938037     2.8509806      1.8716002      0.23259668   
      2850   1.8827543     -0.97312611     2.8053039      1.8321778      0.23698215   
      2860   1.9250918     -1.072349       2.8683868      1.7960378      0.1745643    
      2870   1.906513      -1.0764356      2.8407044      1.7642688      0.193912     
      2880   1.8637811     -1.0399788      2.7770339      1.7370551      0.24789619   
      2890   1.8262244     -1.0057915      2.7210743      1.7152828      0.28466411   
      2900   1.830379      -1.0276479      2.7272647      1.6996168      0.27228771   
      2910   1.8154969     -1.0151107      2.7050904      1.6899796      0.27838353   
      2920   1.8207306     -1.0270766      2.7128886      1.685812       0.25824724   
      2930   1.792445      -0.98381933     2.670743       1.6869237      0.2567021    
      2940   1.8079291     -1.0005967      2.6938143      1.6932176      0.21079529   
      2950   1.8331554     -1.0277347      2.7314016      1.7036669      0.18585073   
      2960   1.8368899     -1.0191946      2.7369659      1.7177713      0.20664105   
      2970   1.8272468     -0.98762819     2.7225978      1.7349696      0.25519867   
      2980   1.8488098     -1.0000673      2.7547267      1.7546594      0.26152284   
      2990   1.9007856     -1.0556677      2.8321706      1.7765029      0.230203     
      3000   1.8910313     -1.0185176      2.8176366      1.799119       0.25944073   
      3010   1.9361039     -1.0642416      2.8847948      1.8205532      0.24380905   
      3020   1.9052751     -0.99785043     2.8388598      1.8410094      0.29983375   
      3030   1.9568498     -1.0562721      2.9157062      1.8594342      0.26233669   
      3040   1.925801      -0.99305837     2.8694435      1.8763851      0.3013077    
      3050   1.988702      -1.0716608      2.963166       1.8915052      0.24669157   
      3060   1.9975056     -1.0714044      2.9762833      1.9048789      0.2456104    
      3070   2.0045828     -1.0713043      2.9868284      1.9155241      0.25564684   
      3080   1.9834065     -1.0306473      2.9552756      1.9246284      0.29664815   
      3090   2.0362516     -1.1016934      3.0340148      1.9323214      0.26994583   
      3100   1.953957      -0.97254151     2.9113959      1.9388544      0.37140925   
      3110   1.9896079     -1.019549       2.9645157      1.9449667      0.32637281   
      3120   2.0433205     -1.0936812      3.0445475      1.9508664      0.24815029   
      3130   2.0306235     -1.0702951      3.025629       1.9553339      0.24038097   
      3140   2.0323494     -1.0699363      3.0282006      1.9582643      0.22544311   
      3150   2.0344867     -1.0710638      3.0313851      1.9603213      0.22403651   
      3160   2.022631      -1.0524187      3.0137201      1.9613015      0.25857692   
      3170   1.9557584     -0.95150198     2.91408        1.962578       0.33055532   
      3180   2.0457729     -1.0853517      3.0482017      1.96285        0.22655385   
      3190   2.0174881     -1.0432393      3.0060573      1.962818       0.2371098    
      3200   2.007344      -1.0281803      2.9909425      1.9627622      0.22232034   
      3210   1.993714      -1.0085648      2.9706339      1.9620691      0.21596939   
      3220   2.0212928     -1.0506922      3.0117262      1.9610341      0.1779154    
      3230   2.0076507     -1.031509       2.9913995      1.9598905      0.1949689    
      3240   2.0081021     -1.0339862      2.9920722      1.958086       0.21553899   
      3250   1.9956417     -1.0174916      2.9735061      1.9560145      0.2587634    
      3260   2.0138724     -1.0464674      3.0006699      1.9542026      0.26809558   
      3270   1.9756614     -0.9912992      2.9437355      1.9524363      0.32977962   
      3280   1.9814364     -1.0019926      2.9523403      1.9503477      0.32655853   
      3290   2.0586263     -1.1195458      3.0673532      1.9478074      0.24758955   
      3300   1.980434      -1.0059022      2.9508466      1.9449444      0.32835217   
      3310   2.030122      -1.0845619      3.0248818      1.9403199      0.27741213   
      3320   2.0244268     -1.0812776      3.0163959      1.9351183      0.27379044   
      3330   2.0418072     -1.1146649      3.0422927      1.9276278      0.24304713   
      3340   2.0069866     -1.0724035      2.99041        1.9180065      0.25522268   
      3350   2.0144367     -1.0950893      3.0015107      1.9064214      0.20865683   
      3360   2.0060697     -1.0965704      2.9890439      1.8924735      0.17877148   
      3370   1.97815       -1.0718606      2.9474435      1.8755829      0.1942709    
      3380   1.8982027     -0.97072319     2.8283221      1.8575989      0.2693547    
      3390   1.9111897     -1.008808       2.8476727      1.8388647      0.24006573   
      3400   1.8967846     -1.0050505      2.826209       1.8211585      0.2313565    
      3410   1.8872247     -1.0082351      2.8119648      1.8037297      0.22269477   
      3420   1.8937552     -1.0335819      2.8216952      1.7881134      0.19771606   
      3430   1.8707792     -1.0129229      2.787461       1.774538       0.21000633   
      3440   1.8375211     -0.97565972     2.7379065      1.7622468      0.25587612   
      3450   1.8246815     -0.96561565     2.7187754      1.7531598      0.28331023   
      3460   1.8167199     -0.95767594     2.7069126      1.7492367      0.29842134   
      3470   1.8637657     -1.0277552      2.777011       1.7492557      0.24421915   
      3480   1.8633738     -1.0225874      2.7764269      1.7538395      0.23970578   
      3490   1.8340495     -0.97083429     2.7327337      1.7618995      0.27898699   
      3500   1.8932229     -1.0452459      2.8209021      1.7756562      0.22475695   
      3510   1.7970311     -0.88324288     2.6775763      1.7943335      0.32884733   
      3520   1.8808387     -0.98300259     2.8024497      1.8194471      0.24089195   
      3530   1.9429922     -1.044006       2.8950584      1.8510524      0.18518963   
      3540   1.9343115     -0.99529951     2.8821241      1.8868246      0.22985138   
      3550   1.95579       -0.98748925     2.9141271      1.9266379      0.24916626   
      3560   1.9777263     -0.97763257     2.9468122      1.9691796      0.26515008   
      3570   1.9864001     -0.94618748     2.9597361      2.0135486      0.29306496   
      3580   1.9911105     -0.90802298     2.9667546      2.0587316      0.31443753   
      3590   2.0237939     -0.91232432     3.0154529      2.1031285      0.29111607   
      3600   2.0742859     -0.94266686     3.0906859      2.1480191      0.23397572   
      3610   2.0999812     -0.93987608     3.1289719      2.1890958      0.21170242   
      3620   2.0780346     -0.87091528     3.0962716      2.2253563      0.25307982   
      3630   2.1066507     -0.88142933     3.1389095      2.2574802      0.24614517   
      3640   2.1535355     -0.9239704      3.2087679      2.2847975      0.22077048   
      3650   2.1743547     -0.93239729     3.2397886      2.3073913      0.23064384   
      3660   2.206972      -0.96483875     3.2883883      2.3235495      0.24490552   
      3670   2.2337136     -0.99573942     3.3282333      2.3324939      0.28269055   
      3680   2.1566171     -0.87850182     3.2133595      2.3348576      0.41012547   
      3690   2.2152657     -0.97023898     3.3007459      2.3305069      0.35709305   
      3700   2.245297      -1.0265676      3.3454926      2.318925       0.307669     
      3710   2.2372817     -1.0345482      3.3335497      2.2990014      0.30103798   
      3720   2.1867579     -0.98679826     3.2582693      2.2714711      0.33572912   
      3730   2.1830232     -1.0143693      3.2527046      2.2383353      0.30829886   
      3740   2.101725      -0.93151746     3.1315702      2.2000528      0.34444836   
      3750   2.1344076     -1.0223813      3.1802674      2.1578861      0.26723899   
      3760   2.0605924     -0.95631191     3.0702827      2.1139707      0.29300863   
      3770   2.0732156     -1.0197624      3.0890913      2.0693289      0.22111587   
      3780   2.0803705     -1.0760354      3.099752       2.0237166      0.16306217   
      3790   2.0092047     -1.0145163      2.993715       1.9791987      0.21373071   
      3800   1.9729353     -1.0009036      2.9396736      1.93877        0.23713064   
      3810   1.9306707     -0.97243229     2.8766993      1.904267       0.25772254   
      3820   1.9125854     -0.97426567     2.8497523      1.8754866      0.25536089   
      3830   1.8954205     -0.97102258     2.8241766      1.853154       0.2496711    
      3840   1.9814486     -1.1163117      2.9523584      1.8360467      0.16209253   
      3850   1.8395609     -0.91821282     2.7409458      1.822733       0.34552375   
      3860   1.8520741     -0.94479637     2.7595904      1.8147941      0.35784561   
      3870   1.9241677     -1.0546791      2.8670098      1.8123308      0.25416492   
      3880   1.9780325     -1.1349291      2.9472685      1.8123394      0.17456227   
      3890   1.8978685     -1.0145724      2.827824       1.8132516      0.26334263   
      3900   1.9051218     -1.0223106      2.8386315      1.8163209      0.25681359   
      3910   1.9196958     -1.038543       2.8603467      1.8218037      0.22798684   
      3920   1.9314337     -1.0490054      2.8778362      1.8288308      0.20918045   
      3930   1.9275187     -1.0353223      2.8720029      1.8366806      0.2185936    
      3940   1.940208      -1.0452871      2.8909099      1.8456228      0.22473449   
      3950   1.95433       -1.0563937      2.9119516      1.8555579      0.24839506   
      3960   1.8870447     -0.9449502      2.8116966      1.8667464      0.35731897   
      3970   1.9899941     -1.0861971      2.9650912      1.8788942      0.2633926    
      3980   1.95038       -1.0135497      2.9060661      1.8925164      0.28968302   
      3990   1.9985877     -1.0722945      2.9778957      1.9056012      0.23043271   
      4000   2.0000685     -1.0612569      2.9801021      1.9188452      0.23147903   
      4010   1.9757446     -1.0127013      2.9438594      1.9311581      0.27258481   
      4020   1.9892747     -1.0195114      2.9640194      1.944508       0.26811688   
      4030   2.0170355     -1.0478406      3.0053829      1.9575423      0.25735129   
      4040   1.9919459     -0.99773439     2.9679994      1.970265       0.30367601   
      4050   2.0633869     -1.0924645      3.0744465      1.981982       0.250071     
      4060   2.0288702     -1.0299227      3.0230167      1.993094       0.29824123   
      4070   2.0752413     -1.0891907      3.0921095      2.0029189      0.25972486   
      4080   2.0745721     -1.0804409      3.0911124      2.0106715      0.26651535   
      4090   2.0542082     -1.0443212      3.0607702      2.0164491      0.28965956   
      4100   2.0594172     -1.0486835      3.0685316      2.0198482      0.29254984   
      4110   2.0202551     -0.98779603     3.0101802      2.0223841      0.33847779   
      4120   2.0175521     -0.9817785      3.0061526      2.0243741      0.31811406   
      4130   2.0301573     -0.99790659     3.0249343      2.0270277      0.25541974   
      4140   2.0270416     -0.99132247     3.0202919      2.0289694      0.20897756   
      4150   2.0320368     -0.99816191     3.0277348      2.0295729      0.18087308   
      4160   1.9667282     -0.9004339      2.9304251      2.0299912      0.24471063   
      4170   1.9943838     -0.94132203     2.9716319      2.0303099      0.22257108   
      4180   2.0204008     -0.97925497     3.0103973      2.0311423      0.20405173   
      4190   2.0163365     -0.97329982     3.0043414      2.0310415      0.23460523   
      4200   1.9377978     -0.85523875     2.8873187      2.0320799      0.34100901   
      4210   2.0470566     -1.017433       3.0501143      2.0326813      0.24534828   
      4220   2.0301732     -0.99127226     3.0249581      2.0336858      0.26414492   
      4230   2.0202965     -0.97737826     3.0102418      2.0328636      0.28076866   
      4240   2.0096523     -0.96351387     2.9943819      2.030868       0.29833175   
      4250   2.0389372     -1.0094397      3.0380165      2.0285768      0.26509518   
      4260   2.0432237     -1.0196148      3.0444034      2.0247886      0.25501162   
      4270   2.0395791     -1.019756       3.0389729      2.0192169      0.2525468    
      4280   2.0218453     -1.0008775      3.0125495      2.011672       0.260229     
      4290   2.0145793     -0.99921112     3.0017231      2.002512       0.25275977   
      4300   2.0035551     -0.99282117     2.9852971      1.9924759      0.2362776    
      4310   1.9956509     -0.99163137     2.9735199      1.9818885      0.21985226   
      4320   2.0007147     -1.011133       2.9810649      1.9699319      0.20892021   
      4330   2.0311416     -1.0691547      3.026401       1.9572464      0.18825083   
      4340   1.9541117     -0.9679748      2.9116264      1.9436516      0.28406979   
      4350   1.9637813     -0.99575754     2.9260341      1.9302765      0.28289412   
      4360   1.9218993     -0.94580985     2.86363        1.9178202      0.31339092   
      4370   1.9676073     -1.0252647      2.9317349      1.9064702      0.25620241   
      4380   1.8955975     -0.92731499     2.8244403      1.8971253      0.31571828   
      4390   1.9354753     -0.99506868     2.8838582      1.8887895      0.25808514   
      4400   1.9616493     -1.0405013      2.9228575      1.8823562      0.22042646   
      4410   1.9091079     -0.96720171     2.8445708      1.8773691      0.26968953   
      4420   1.9448065     -1.0237413      2.8977617      1.8740204      0.22478437   
      4430   1.9701546     -1.063483       2.9355303      1.8720473      0.19272654   
      4440   1.9222632     -0.99280619     2.8641722      1.871366       0.24892209   
      4450   1.9168499     -0.98246535     2.8561063      1.8736409      0.25642293   
      4460   1.953892      -1.0331596      2.911299       1.8781394      0.21609318   
      4470   1.9303735     -0.99215772     2.8762566      1.8840989      0.24944539   
      4480   1.9253799     -0.97635658     2.868816       1.8924595      0.2634266    
      4490   1.9464521     -0.99637578     2.9002136      1.9038378      0.24331961   
      4500   1.9645605     -1.0090655      2.9271952      1.9181296      0.22998656   
      4510   1.9950699     -1.0387498      2.9726541      1.9339044      0.21241088   
      4520   1.960845      -0.97019577     2.9216591      1.9514633      0.2589497    
      4530   1.9385019     -0.91677938     2.8883679      1.9715885      0.2822889    
      4540   2.008035      -0.99770141     2.9919721      1.9942707      0.20648088   
      4550   1.9994876     -0.9593229      2.9792366      2.0199137      0.22274084   
      4560   1.9893305     -0.91655254     2.9641025      2.04755        0.24909703   
      4570   2.0542877     -0.98443997     3.0608886      2.0764487      0.20852945   
      4580   2.0791579     -0.99162206     3.0979452      2.1063232      0.22250292   
      4590   2.08423       -0.96953554     3.1055027      2.1359671      0.27121959   
      4600   2.121799      -0.99656974     3.1614805      2.1649107      0.28625016   
      4610   2.1818292     -1.059136       3.2509256      2.1917896      0.26082113   
      4620   2.1619114     -1.0059572      3.221248       2.2152908      0.31515164   
      4630   2.1807115     -1.0160052      3.2492602      2.233255       0.34046683   
      4640   2.1233761     -0.9172757      3.1638304      2.2465547      0.43280703   
      4650   2.182847      -0.99586335     3.252442       2.2565787      0.3583292    
      4660   2.2098437     -1.0293285      3.2926671      2.2633386      0.29121538   
      4670   2.2121834     -1.033983       3.2961533      2.2621703      0.26333817   
      4680   2.2511889     -1.1017291      3.3542714      2.2525423      0.22029312   
      4690   2.1677861     -0.99506864     3.2300013      2.2349326      0.30658088   
      4700   2.1830116     -1.0435409      3.2526873      2.2091464      0.2794822    
      4710   2.1457937     -1.0224881      3.1972327      2.1747446      0.28653323   
      4720   2.0795033     -0.96691537     3.0984599      2.1315445      0.31270037   
      4730   2.0307689     -0.94404789     3.0258457      2.0817978      0.31655846   
      4740   2.0762943     -1.0667605      3.0936785      2.026918       0.20060314   
      4750   2.0166491     -1.0378099      3.0048072      1.9669973      0.19628625   
      4760   1.9370256     -0.97849449     2.8861681      1.9076736      0.23690952   
      4770   1.9457        -1.0472089      2.899093       1.8518841      0.19174517   
      4780   1.9341069     -1.0823953      2.8818192      1.7994239      0.18931082   
      4790   1.7594929     -0.8652736      2.6216444      1.7563708      0.36222099   
      4800   1.8345789     -1.0115089      2.7335226      1.7220137      0.25665463   
      4810   1.8561946     -1.0700692      2.7657299      1.6956607      0.18834317   
      4820   1.8321354     -1.0536078      2.7298818      1.676274       0.19162156   
      4830   1.7687914     -0.97188079     2.6354992      1.6636184      0.25719057   
      4840   1.794313      -1.0162457      2.6735264      1.6572806      0.24290883   
      4850   1.7677159     -0.97672488     2.6338966      1.6571718      0.26975068   
      4860   1.8094197     -1.0333987      2.6960354      1.6626366      0.22171649   
      4870   1.7889003     -0.99263461     2.6654615      1.6728268      0.23727542   
      4880   1.8124403     -1.0132798      2.700536       1.6872563      0.21815042   
      4890   1.8254873     -1.0141426      2.719976       1.7058334      0.21549415   
      4900   1.8381906     -1.0108723      2.738904       1.7280317      0.22053714   
      4910   1.8491734     -1.0022603      2.7552684      1.7530081      0.24688559   
      4920   1.8519572     -0.97962958     2.7594162      1.7797867      0.28598251   
      4930   1.9032273     -1.0270104      2.8358087      1.8087983      0.26003698   
      4940   1.9621334     -1.0847669      2.9235788      1.8388119      0.21771379   
      4950   1.9581877     -1.0497211      2.9176997      1.8679786      0.24755687   
      4960   1.9609506     -1.0267372      2.9218165      1.8950793      0.2773633    
      4970   1.9759864     -1.0245599      2.9442197      1.9196598      0.30123436   
      4980   1.962897      -0.98127852     2.9247166      1.943438       0.33000713   
      4990   2.0502915     -1.0891527      3.0549343      1.9657816      0.23093712   
      5000   2.0776329     -1.1107773      3.095673       1.9848957      0.2063419    
      5010   2.0256254     -1.0184286      3.0181818      1.9997532      0.28640899   
      5020   1.9736397     -0.9287024      2.9407231      2.0120207      0.35997411   
      5030   2.0278539     -0.99847852     3.0215023      2.0230238      0.3102822    
      5040   2.0545015     -1.0285135      3.0612072      2.0326938      0.27794503   
      5050   2.0514682     -1.0159356      3.0566876      2.0407521      0.27983713   
      5060   2.0401382     -0.99353155     3.039806       2.0462744      0.2952315    
      5070   2.0684408     -1.0315101      3.0819768      2.0504666      0.25957943   
      5080   2.0703107     -1.0326933      3.084763       2.0520697      0.25541039   
      5090   2.0277338     -0.96972897     3.0213234      2.0515945      0.30462442   
      5100   2.069696      -1.0335119      3.0838471      2.0503352      0.25763461   
      5110   2.053678      -1.0123056      3.0599802      2.0476746      0.27002733   
      5120   2.0062678     -0.94601352     2.989339       2.0433254      0.33026332   
      5130   2.0042175     -0.94718152     2.986284       2.0391025      0.336151     
      5140   1.9879305     -0.92706782     2.9620165      2.0349487      0.32951008   
      5150   2.0336427     -0.99847049     3.0301276      2.0316571      0.24348124   
      5160   2.0452893     -1.0203898      3.047481       2.0270912      0.2026515    
      5170   2.0118049     -0.97641511     2.9975892      2.0211741      0.22887567   
      5180   2.0242022     -1.0018585      3.0160613      2.0142028      0.22974018   
      5190   1.976441      -0.93725977     2.9448971      2.0076373      0.29501275   
      5200   2.0189684     -1.0067905      3.0082629      2.0014724      0.2690672    
      5210   1.9449907     -0.9030616      2.8980362      1.9949746      0.34878418   
      5220   1.9933763     -0.98100455     2.9701307      1.9891262      0.28363567   
      5230   2.0296473     -1.041195       3.0241744      1.9829794      0.22010253   
      5240   1.9145694     -0.87591497     2.8527083      1.9767934      0.32364157   
      5250   2.0088279     -1.0223829      2.9931535      1.9707706      0.21424661   
      5260   1.9577896     -0.95210336     2.9171064      1.9650031      0.25667465   
      5270   1.9598489     -0.96102116     2.9201748      1.9591537      0.25436629   
      5280   1.9749083     -0.98896122     2.9426134      1.9536522      0.2306019    
      5290   1.9712228     -0.98905447     2.937122       1.9480676      0.23158362   
      5300   1.9322625     -0.93644885     2.8790711      1.9426222      0.28843238   
      5310   1.9249233     -0.93056872     2.8681357      1.937567       0.31261622   
      5320   1.943471      -0.96196756     2.8957718      1.9338042      0.28191767   
      5330   1.9624728     -0.99386187     2.9240845      1.9302227      0.23394412   
      5340   1.9219113     -0.93649629     2.8636478      1.9271515      0.25371156   
      5350   1.9215677     -0.93752542     2.8631359      1.9256105      0.23519047   
      5360   1.9635181     -0.99941521     2.9256419      1.9262267      0.17926773   
      5370   1.9380942     -0.9594124      2.8877604      1.928348       0.22054157   
      5380   1.9020848     -0.90214479     2.8341063      1.9319615      0.29121721   
      5390   1.9070397     -0.90175532     2.8414892      1.9397339      0.31578892   
      5400   1.9482376     -0.95233031     2.9028741      1.9505438      0.28857008   
      5410   1.9812297     -0.98821718     2.9520323      1.9638151      0.27144679   
      5420   1.9163116     -0.87557903     2.8553043      1.9797253      0.34036814   
      5430   2.0418559     -1.0443863      3.0423652      1.9979789      0.19865855   
      5440   1.9988854     -0.9611319      2.9783392      2.0172073      0.24050687   
      5450   2.0221672     -0.97626028     3.0130291      2.0367688      0.22834353   
      5460   2.0334832     -0.97197441     3.02989        2.0579155      0.23479206   
      5470   2.0311452     -0.94866292     3.0264064      2.0777435      0.26860733   
      5480   1.9908448     -0.86829795     2.9663588      2.0980608      0.32073354   
      5490   2.0503175     -0.93690005     3.0549731      2.118073       0.25026629   
      5500   2.047644      -0.91279704     3.0509896      2.1381926      0.23822807   
      5510   2.0097047     -0.8373555      2.9944601      2.1571046      0.27199912   
      5520   2.0315523     -0.85136856     3.0270129      2.1756444      0.24362984   
      5530   2.0804812     -0.90614468     3.0999171      2.1937724      0.2013785    
      5540   2.0643914     -0.86564658     3.0759431      2.2102966      0.25961684   
      5550   2.0562445     -0.83877824     3.0638043      2.225026       0.32130063   
      5560   2.0593674     -0.82946952     3.0684574      2.2389879      0.34384376   
      5570   2.1153269     -0.89991466     3.1518371      2.2519224      0.28762976   
      5580   2.092591      -0.85584317     3.1179606      2.2621174      0.30205992   
      5590   2.0845659     -0.83621234     3.1060032      2.2697909      0.29239416   
      5600   2.1237243     -0.88983996     3.1643492      2.2745093      0.23740202   
      5610   2.115062      -0.875573       3.1514424      2.2758694      0.24594362   
      5620   2.0905131     -0.84126758     3.1148645      2.2735969      0.27857721   
      5630   2.087428      -0.8419997      3.1102677      2.268268       0.27868292   
      5640   2.1567645     -0.95442792     3.2135791      2.2591512      0.20288316   
      5650   2.1025052     -0.88824774     3.1327328      2.244485       0.27558119   
      5660   2.085655      -0.88235258     3.107626       2.2252734      0.31494078   
      5670   2.096207      -0.92016693     3.1233485      2.2031816      0.28626498   
      5680   2.0683647     -0.90546479     3.0818634      2.1763986      0.2780405    
      5690   2.0549599     -0.91718583     3.0618903      2.1447044      0.25677785   
      5700   2.030398      -0.91589492     3.025293       2.1093981      0.25746636   
      5710   1.9076155     -0.76958746     2.842347       2.0727596      0.36197482   
      5720   1.942873      -0.85805219     2.8948807      2.0368286      0.27717129   
      5730   1.9585384     -0.91732796     2.9182222      2.0008943      0.19577308   
      5740   1.9165766     -0.89039879     2.8556991      1.9653003      0.19913069   
      5750   1.8661095     -0.84839578     2.7805031      1.9321074      0.23471561   
      5760   1.8302007     -0.82366452     2.726999       1.9033345      0.25076515   
      5770   1.8993248     -0.95321527     2.8299939      1.8767786      0.15493301   
      5780   1.8550027     -0.91064127     2.7639541      1.8533128      0.19382571   
      5790   1.7867875     -0.82842262     2.6623134      1.8338907      0.27197398   
      5800   1.8344196     -0.91339976     2.7332852      1.8198854      0.23492344   
      5810   1.8170097     -0.89764406     2.7073445      1.8097004      0.25281743   
      5820   1.8500741     -0.95291745     2.7566105      1.803693       0.23537143   
      5830   1.8561217     -0.96443962     2.7656214      1.8011817      0.25321855   
      5840   1.8794267     -0.99662152     2.8003458      1.8037242      0.24237319   
      5850   1.905009      -1.0289464      2.8384634      1.809517       0.22770521   
      5860   1.9203572     -1.042951       2.8613322      1.8183812      0.23740254   
      5870   1.8577948     -0.93690467     2.7681142      1.8312095      0.32569221   
      5880   1.9231287     -1.0162262      2.8654618      1.8492356      0.25670009   
      5890   1.9814431     -1.077836       2.9523503      1.8745142      0.18808638   
      5900   1.9645303     -1.021864       2.9271502      1.9052861      0.23508899   
      5910   1.8952336     -0.88096382     2.823898       1.9429342      0.34376614   
      5920   2.0181332     -1.0197785      3.0070185      1.98724        0.26065748   
      5930   1.9926871     -0.9293399      2.9691038      2.0397639      0.32982341   
      5940   2.0585413     -0.96813636     3.0672266      2.0990902      0.31064094   
      5950   2.0854171     -0.94377313     3.1072714      2.1634983      0.3177006    
      5960   2.1524261     -0.97759552     3.2071149      2.2295194      0.27508164   
      5970   2.2129912     -1.0055752      3.297357       2.2917818      0.25281541   
      5980   2.2040656     -0.93778048     3.2840577      2.3462772      0.31611589   
      5990   2.2268407     -0.92581181     3.3179926      2.3921808      0.33857006   
      6000   2.2082885     -0.86143499     3.2903498      2.4289148      0.37384333   
      6010   2.3047211     -0.97867881     3.4340345      2.4553557      0.26516791   
      6020   2.2745182     -0.91714843     3.3890322      2.4718837      0.276903     
      6030   2.2825392     -0.92366505     3.4009834      2.4773184      0.26654288   
      6040   2.2686195     -0.90699894     3.380243       2.4732441      0.29032038   
      6050   2.1948777     -0.80851068     3.2703677      2.461857       0.37766291   
      6060   2.2391753     -0.89333074     3.3363712      2.4430405      0.34538773   
      6070   2.1784547     -0.82681472     3.2458975      2.4190828      0.38958416   
      6080   2.2079746     -0.90156915     3.2898822      2.388313       0.32461534   
      6090   2.1951316     -0.91835752     3.2707461      2.3523886      0.29588913   
      6100   2.2130178     -0.98533707     3.2973965      2.3120595      0.23598775   
      6110   2.1449687     -0.92771577     3.1960033      2.2682876      0.27568778   
      6120   2.0870752     -0.88375218     3.109742       2.2259898      0.30755534   
      6130   2.0763087     -0.90782045     3.0937         2.1858795      0.27597788   
      6140   2.0719084     -0.93917675     3.0871435      2.1479668      0.23414995   
      6150   2.0946497     -1.0089558      3.1210281      2.1120723      0.18304547   
      6160   2.0204763     -0.92996        3.0105097      2.0805497      0.25183567   
      6170   2.0655598     -1.0253691      3.0776841      2.0523151      0.21474048   
      6180   2.0133443     -0.97176856     2.999883       2.0281144      0.27360066   
      6190   2.0028236     -0.97730872     2.9842072      2.0068985      0.29478281   
      6200   1.9899741     -0.97507967     2.9650614      1.9899818      0.31045674   
      6210   2.0115669     -1.0214955      2.9972347      1.9757392      0.26462255   
      6220   1.999745      -1.0162028      2.9796201      1.9634173      0.24981974   
      6230   2.021394      -1.0593919      3.0118771      1.9524852      0.20919722   
      6240   1.9996874     -1.0368266      2.9795343      1.9427077      0.22793993   
      6250   1.938361      -0.95336892     2.8881579      1.934789       0.29416692   
      6260   1.9879633     -1.0355776      2.9620653      1.9264878      0.24665029   
      6270   1.9837938     -1.0359062      2.9558528      1.9199466      0.24325865   
      6280   1.9442667     -0.98229152     2.8969575      1.9146659      0.26580588   
      6290   1.9495072     -0.99371851     2.9047657      1.9110472      0.23772455   
      6300   1.9535736     -1.0013361      2.9108247      1.9094886      0.20548886   
      6310   1.953436      -1.0017855      2.9106196      1.9088341      0.17957264   
      6320   1.9490008     -0.99468958     2.9040112      1.9093216      0.17573995   
      6330   1.8927856     -0.90825061     2.8202506      1.912          0.2371175    
      6340   1.897151      -0.9097122      2.826755       1.9170428      0.23881201   
      6350   1.9170124     -0.93186044     2.8563484      1.924488       0.23653271   
      6360   1.885929      -0.875153       2.8100342      1.9348812      0.28478713   
      6370   1.9265793     -0.92150297     2.8706032      1.9491002      0.2450525    
      6380   1.9702327     -0.96978982     2.9356468      1.965857       0.20578196   
      6390   1.9611319     -0.93715221     2.9220865      1.9849343      0.23481638   
      6400   1.9925206     -0.96233473     2.9688556      2.0065209      0.23243045   
      6410   1.9774614     -0.91567641     2.9464174      2.030741       0.27884769   
      6420   2.0182243     -0.95033792     3.0071542      2.0568163      0.25153132   
      6430   2.0764439     -1.0083587      3.0939014      2.0855427      0.20754719   
      6440   2.0544431     -0.94584157     3.0611202      2.1152786      0.26600809   
      6450   2.1060862     -0.99256425     3.1380685      2.1455043      0.263322     
      6460   2.1044356     -0.95970004     3.135609       2.175909       0.31416122   
      6470   2.0871988     -0.90404221     3.1099262      2.205884       0.35461923   
      6480   2.1854709     -1.0209729      3.2563516      2.2353787      0.25967079   
      6490   2.2068214     -1.0244171      3.2881638      2.2637468      0.25154336   
      6500   2.2097958     -1.0040825      3.2925957      2.2885132      0.28120905   
      6510   2.2259541     -1.0073905      3.3166716      2.3092811      0.29761369   
      6520   2.2092612     -0.96631497     3.2917992      2.3254842      0.3291603    
      6530   2.2448708     -1.0092288      3.3448575      2.3356288      0.28384785   
      6540   2.2422289     -1.001393       3.340921       2.339528       0.26219783   
      6550   2.2371567     -0.99704485     3.3333635      2.3363187      0.24299163   
      6560   2.222805      -0.98936737     3.3119795      2.3226121      0.25139905   
      6570   2.2015028     -0.9817018      3.2802391      2.2985373      0.27214182   
      6580   2.1125384     -0.88261111     3.1476822      2.2650711      0.32828901   
      6590   2.1487495     -0.98204532     3.2016368      2.2195915      0.23954543   
      6600   2.0708722     -0.92033544     3.0855996      2.1652642      0.26075366   
      6610   2.080009      -0.99691338     3.0992135      2.1023001      0.20495793   
      6620   1.9210487     -0.82542925     2.8623625      2.0369332      0.32467234   
      6630   1.9649904     -0.9532861      2.9278357      1.9745496      0.22133228   
      6640   1.9407762     -0.97678262     2.8917565      1.9149739      0.17863433   
      6650   1.9006173     -0.97043727     2.8319197      1.8614825      0.17413191   
      6660   1.8398783     -0.92473938     2.7414186      1.8166792      0.1994074    
      6670   1.8389832     -0.95958989     2.7400849      1.7804951      0.16866718   
      6680   1.8007236     -0.93059266     2.6830782      1.7524855      0.18908194   
      6690   1.7803967     -0.92049189     2.652791       1.7322991      0.20185409   
      6700   1.7631476     -0.90719642     2.6270899      1.7198935      0.21302895   
      6710   1.7885522     -0.95091449     2.6649428      1.7140283      0.19328286   
      6720   1.7720773     -0.92674675     2.6403952      1.7136485      0.2343529    
      6730   1.7824096     -0.93617668     2.6557902      1.7196136      0.23925012   
      6740   1.7968838     -0.94516307     2.6773568      1.7321938      0.22454255   
      6750   1.8234407     -0.96831097     2.7169267      1.7486157      0.21599127   
      6760   1.783287      -0.88693783     2.6570977      1.7701598      0.27528585   
      6770   1.8458073     -0.95401195     2.7502529      1.796241       0.22882721   
      6780   1.850784      -0.93095945     2.7576682      1.8267087      0.2422481    
      6790   1.891112      -0.95736053     2.8177569      1.8603964      0.2294513    
      6800   1.8928798     -0.92127934     2.820391       1.8991116      0.25681384   
      6810   1.9109799     -0.90921209     2.8473601      1.938148       0.26094979   
      6820   1.9301331     -0.89697467     2.8758983      1.9789237      0.25071059   
      6830   2.0094821     -0.97496022     2.9941283      2.0191681      0.18154838   
      6840   2.0146382     -0.9444599      3.001811       2.0573511      0.20112756   
      6850   2.0141394     -0.90910071     3.0010677      2.091967       0.23636547   
      6860   2.0693453     -0.96028449     3.0833246      2.1230401      0.22555565   
      6870   2.0437837     -0.89564481     3.0452378      2.149593       0.29576825   
      6880   2.1127068     -0.97538753     3.1479331      2.1725456      0.24911235   
      6890   2.1388922     -0.99647326     3.1869493      2.1904761      0.23443087   
      6900   2.1458796     -0.9948411      3.1973606      2.2025195      0.2560452    
      6910   2.1025403     -0.9233032      3.1327851      2.2094819      0.3230285    
      6920   2.1479065     -0.98775418     3.2003806      2.2126264      0.27876227   
      6930   2.1509686     -0.99349264     3.2049433      2.2114506      0.26698638   
      6940   2.1338255     -0.97350373     3.1793999      2.2058962      0.27919313   
      6950   2.1478617     -1.0040922      3.2003139      2.1962217      0.2610071    
      6960   2.1381506     -1.0041042      3.1858444      2.1817402      0.27809681   
      6970   2.0803486     -0.93396675     3.0997194      2.1657527      0.33168196   
      6980   2.1181887     -1.008377       3.1561011      2.1477241      0.26981757   
      6990   2.1056225     -1.0100604      3.1373775      2.1273171      0.26202006   
      7000   2.1154839     -1.0476168      3.1520709      2.1044541      0.24641407   
      7010   2.067802      -1.0006831      3.081025       2.0803419      0.28878367   
      7020   2.1251942     -1.1121471      3.1665393      2.0543922      0.21718704   
      7030   2.0242961     -0.98844632     3.0162012      2.0277549      0.31703196   
      7040   2.0036067     -0.98426965     2.985374       2.0011044      0.34874678   
      7050   1.9944048     -0.9944571      2.9716632      1.9772061      0.34063479   
      7060   2.031302      -1.0712299      3.02664        1.95541        0.27028978   
      7070   2.004655      -1.0521109      2.986936       1.9348251      0.27787443   
      7080   1.9461057     -0.98335865     2.8996976      1.9163389      0.31847507   
      7090   1.9446335     -0.9962252      2.8975039      1.9012787      0.27999106   
      7100   1.9735255     -1.0517771      2.940553       1.8887759      0.20775155   
      7110   1.937845      -1.0089324      2.887389       1.8784567      0.22949314   
      7120   1.8975977     -0.95561673     2.8274206      1.8718039      0.25851639   
      7130   1.9300421     -1.0074463      2.8757628      1.8683165      0.21040624   
      7140   1.9086671     -0.97696604     2.843914       1.866948       0.23428745   
      7150   1.8766002     -0.92758303     2.7961343      1.8685513      0.27508515   
      7160   1.8845382     -0.93534372     2.807962       1.8726182      0.2661526    
      7170   1.9292631     -0.99568181     2.874602       1.8789202      0.21725753   
      7180   1.88343       -0.91914349     2.8063107      1.8871672      0.26841959   
      7190   1.8831157     -0.90893284     2.8058424      1.8969096      0.25978846   
      7200   1.9301866     -0.96714648     2.875978       1.9088315      0.1927635    
      7210   1.9268017     -0.94957704     2.8709345      1.9213575      0.18383639   
      7220   1.9580336     -0.98339474     2.9174701      1.9340754      0.15870317   
      7230   1.8707984     -0.84056621     2.7874896      1.9469234      0.26671333   
      7240   1.9435434     -0.93547307     2.8958797      1.9604066      0.19567904   
      7250   1.991268      -0.99163832     2.9669893      1.975351       0.15418167   
      7260   1.9706199     -0.94810956     2.9362237      1.9881141      0.22639847   
      7270   1.9281407     -0.87227845     2.8729297      2.0006513      0.32882649   
      7280   1.9807292     -0.93719729     2.9512866      2.0140893      0.31241103   
      7290   2.0451188     -1.0208067      3.0472271      2.0264204      0.26366843   
      7300   1.9643746     -0.889181       2.9269181      2.0377371      0.34485059   
      7310   2.0193744     -0.96166531     3.0088679      2.0472026      0.27348297   
      7320   2.0343151     -0.97603311     3.0311294      2.0550963      0.24720191   
      7330   2.0658571     -1.0169813      3.0781271      2.0611457      0.21651376   
      7340   2.0690458     -1.0177216      3.0828783      2.0651566      0.21742866   
      7350   2.096415      -1.0568568      3.1236584      2.0668016      0.20686122   
      7360   2.0113925     -0.93163814     2.9969749      2.0653367      0.32207516   
      7370   2.0386083     -0.97394753     3.0375264      2.0635789      0.29194023   
      7380   2.0931764     -1.0577686      3.1188329      2.0610643      0.20793211   
      7390   2.0512225     -1.0003323      3.0563215      2.0559892      0.23854977   
      7400   2.0438674     -0.99562981     3.0453624      2.0497326      0.23335749   
      7410   2.1047778     -1.0940509      3.1361189      2.042068       0.15945726   
      7420   2.0662245     -1.0474839      3.0786745      2.0311906      0.21512862   
      7430   2.080025      -1.080775       3.0992373      2.0184623      0.24067982   
      7440   2.0053239     -0.98363261     2.9879326      2.0043         0.3496196    
      7450   2.0247978     -1.0277149      3.0169487      1.9892338      0.32763714   
      7460   2.0446465     -1.072838       3.0465232      1.9736852      0.25825268   
      7470   2.0768455     -1.1387013      3.0944998      1.9557986      0.1772502    
      7480   1.9974967     -1.0405782      2.9762701      1.9356919      0.23838019   
      7490   1.9875628     -1.0461713      2.9614686      1.9152973      0.2460493    
      7500   1.955786      -1.0195798      2.9141212      1.8945414      0.27017304   
      7510   1.9638986     -1.0521067      2.9262089      1.8741022      0.24701028   
      7520   1.9593918     -1.0665064      2.9194937      1.8529873      0.24195374   
      7530   1.8337648     -0.90005784     2.7323096      1.8322517      0.3573529    
      7540   1.8663586     -0.96702531     2.7808743      1.813849       0.27712905   
      7550   1.8692685     -0.98835658     2.7852101      1.7968535      0.19978198   
      7560   1.8553304     -0.9843277      2.7644423      1.7801146      0.16531667   
      7570   1.8089358     -0.93023615     2.6953144      1.7650782      0.1879252    
      7580   1.8020669     -0.93322853     2.6850797      1.7518512      0.18625407   
      7590   1.7604477     -0.88182725     2.6230671      1.7412399      0.22182864   
      7600   1.7896239     -0.93211812     2.6665396      1.7344215      0.18364219   
      7610   1.8014156     -0.95204898     2.6841092      1.7320603      0.17804167   
      7620   1.7465123     -0.86708077     2.6023033      1.7352225      0.25168591   
      7630   1.813189      -0.95508101     2.7016517      1.7465706      0.20668518   
      7640   1.8352044     -0.96799705     2.7344546      1.7664575      0.21854111   
      7650   1.8110066     -0.90331501     2.6983998      1.7950848      0.29079837   
      7660   1.8575232     -0.93578084     2.7677095      1.8319287      0.27485424   
      7670   1.9390496     -1.0112734      2.8891839      1.8779105      0.2113033    
      7680   1.9365213     -0.95548978     2.8854168      1.929927       0.24170495   
      7690   1.9695193     -0.95061453     2.9345838      1.9839692      0.25324247   
      7700   1.9776209     -0.90814085     2.9466552      2.0385143      0.28566346   
      7710   2.0219375     -0.91975174     3.0126869      2.0929351      0.27293779   
      7720   2.0427439     -0.89892552     3.0436885      2.1447629      0.28125238   
      7730   2.0948509     -0.92877443     3.1213278      2.1925534      0.24273921   
      7740   2.140616      -0.95383189     3.1895178      2.2356859      0.21518856   
      7750   2.1159131     -0.88087449     3.1527106      2.2718361      0.27358176   
      7760   2.1667134     -0.92637638     3.228403       2.3020266      0.25664314   
      7770   2.1477359     -0.87350247     3.2001265      2.326624       0.30795732   
      7780   2.1331928     -0.83316567     3.1784573      2.3452916      0.33091346   
      7790   2.1752307     -0.88233621     3.2410937      2.3587575      0.27536614   
      7800   2.1909832     -0.89759077     3.264565       2.3669743      0.25241948   
      7810   2.2146372     -0.93106898     3.2998094      2.3687404      0.23275144   
      7820   2.1841472     -0.89105001     3.2543794      2.3633293      0.28467189   
      7830   2.1772782     -0.89189675     3.2441446      2.3522478      0.3239879    
      7840   2.1952401     -0.9359354      3.2709077      2.3349723      0.32594143   
      7850   2.1600729     -0.90711645     3.2185087      2.3113922      0.36678349   
      7860   2.139327      -0.90612405     3.1875973      2.2814732      0.36542257   
      7870   2.1148026     -0.90211807     3.1510559      2.2489378      0.3269484    
      7880   2.1341594     -0.96901375     3.1798975      2.2108837      0.23915879   
      7890   2.0667038     -0.91053006     3.0793887      2.1688586      0.26267078   
      7900   2.0217067     -0.88742016     3.012343       2.1249228      0.28961753   
      7910   1.9698728     -0.85256158     2.9351105      2.0825489      0.32810532   
      7920   1.9754978     -0.90218029     2.9434918      2.0413115      0.31473824   
      7930   1.8532902     -0.75581734     2.7614023      2.005585       0.40086566   
      7940   2.0085257     -1.0210152      2.9927033      1.9716881      0.18486336   
      7950   1.9585344     -0.97798144     2.9182163      1.9402348      0.19593623   
      7960   1.9224254     -0.95300681     2.8644139      1.9114071      0.22684191   
      7970   1.8675571     -0.89556164     2.7826601      1.8870985      0.28051322   
      7980   1.8779705     -0.93049645     2.798176       1.8676796      0.24841545   
      7990   1.9013305     -0.98065104     2.8329824      1.8523314      0.1977352    
      8000   1.8393079     -0.8999766      2.7405688      1.8405922      0.25030669   
      8010   1.8916678     -0.98589107     2.818585       1.8326939      0.20812891   
      8020   1.8818699     -0.97521392     2.8039861      1.8287722      0.24153412   
      8030   1.8515719     -0.93094276     2.7588422      1.8278994      0.30088516   
      8040   1.8496158     -0.92487726     2.7559275      1.8310503      0.29926527   
      8050   1.9274201     -1.033741       2.8718559      1.838115       0.19814686   
      8060   1.9336659     -1.0333264      2.8811622      1.8478358      0.19310093   
      8070   1.8900681     -0.95640012     2.8162015      1.8598014      0.2684458    
      8080   1.8753225     -0.91889657     2.7942305      1.8753339      0.31623315   
      8090   1.9439452     -1.0023749      2.8964784      1.8941035      0.25953381   
      8100   1.9573225     -0.99961289     2.9164105      1.9167976      0.25777381   
      8110   1.9856843     -1.0168621      2.9586696      1.9418075      0.24906474   
      8120   1.9996484     -1.0096516      2.9794761      1.9698244      0.26043087   
      8130   2.0165035     -1.0044619      3.0045901      2.0001283      0.27041387   
      8140   2.0444079     -1.0129662      3.0461678      2.0332016      0.25318747   
      8150   2.0686645     -1.0127357      3.08231        2.0695744      0.24218957   
      8160   2.0290877     -0.91461722     3.0233406      2.1087234      0.3024587    
      8170   2.0907123     -0.96388396     3.1151613      2.1512773      0.25988911   
      8180   2.1511247     -1.0067441      3.2051759      2.1984317      0.2204967    
      8190   2.1429935     -0.94315312     3.1930604      2.2499073      0.26497627   
      8200   2.1962095     -0.96939079     3.2723522      2.3029614      0.25247354   
      8210   2.1966578     -0.91471064     3.2730202      2.3583096      0.29498706   
      8220   2.2528047     -0.94285174     3.3566789      2.4138272      0.28649863   
      8230   2.2839425     -0.93492042     3.4030744      2.4681539      0.30088432   
      8240   2.3229542     -0.94256467     3.4612018      2.5186372      0.29831437   
      8250   2.3715012     -0.9684291      3.5335368      2.5651077      0.28577408   
      8260   2.369318      -0.92728366     3.5302838      2.6030002      0.32045785   
      8270   2.4466735     -1.0145586      3.6455435      2.6309849      0.27409793   
      8280   2.4168201     -0.95479307     3.6010619      2.6462689      0.35048505   
      8290   2.3850144     -0.90663052     3.5536714      2.6470409      0.41356272   
      8300   2.3776579     -0.90856285     3.5427103      2.6341475      0.40727418   
      8310   2.3755345     -0.93557588     3.5395464      2.6039706      0.36513635   
      8320   2.3590353     -0.96109941     3.5149627      2.5538633      0.31362135   
      8330   2.3438484     -1.0126188      3.4923341      2.4797152      0.25751768   
      8340   2.2208748     -0.92196132     3.3091035      2.3871422      0.31452191   
      8350   2.1829361     -0.96944771     3.2525747      2.283127       0.28585772   
      8360   2.1075371     -0.95888923     3.1402303      2.1813411      0.29379458   
      8370   2.0623453     -0.98054133     3.0728945      2.0923531      0.27419498   
      8380   2.0519987     -1.0376606      3.0574781      2.0198174      0.23620507   
      8390   1.981446      -0.98821246     2.9523546      1.9641421      0.28294914   
      8400   1.9885443     -1.0408828      2.9629311      1.9220482      0.26243351   
      8410   1.9756145     -1.0541354      2.9436655      1.8895301      0.25955137   
      8420   1.9369322     -1.022442       2.886029       1.863587       0.29330133   
      8430   1.8515762     -0.91426019     2.7588485      1.8445883      0.36124844   
      8440   1.8986454     -0.99829917     2.8289816      1.8306824      0.26729247   
      8450   1.90517       -1.0175474      2.8387033      1.8211559      0.19721391   
      8460   1.914743      -1.0386181      2.8529671      1.814349       0.15426293   
      8470   1.8766098     -0.9861957      2.7961486      1.8099529      0.19507747   
      8480   1.8502146     -0.94744862     2.7568198      1.8093712      0.23950108   
      8490   1.9098633     -1.0328516      2.8456963      1.8128447      0.20399146   
      8500   1.8966883     -1.0074579      2.8260656      1.8186078      0.25663866   
      8510   1.8592827     -0.94264101     2.7703313      1.8276903      0.32036269   
      8520   1.8823534     -0.9637908      2.8047066      1.8409158      0.29306321   
      8530   1.9558199     -1.056178       2.9141716      1.8579936      0.20655805   
      8540   1.9528723     -1.0325723      2.9097798      1.8772075      0.22566647   
      8550   1.9131668     -0.95253176     2.8506185      1.8980868      0.29039617   
      8560   1.8942268     -0.90092622     2.822398       1.9214718      0.30839051   
      8570   1.9576214     -0.96838168     2.9168558      1.9484741      0.22861358   
      8580   2.0002371     -1.0019364      2.9803533      1.9784169      0.17497702   
      8590   1.9456877     -0.88956682     2.8990747      2.0095079      0.24801868   
      8600   1.963473      -0.88432155     2.9255748      2.0412533      0.25444322   
      8610   2.0277231     -0.94615679     3.0213074      2.0751506      0.20821823   
      8620   2.0352089     -0.92340153     3.0324613      2.1090597      0.23215458   
      8630   2.0502503     -0.91298712     3.0548729      2.1418858      0.25159102   
      8640   2.0764071     -0.92071414     3.0938465      2.1731324      0.25929933   
      8650   2.076871      -0.8921881      3.0945378      2.2023497      0.28131522   
      8660   2.1540097     -0.98033689     3.2094745      2.2291376      0.21877023   
      8670   2.1248774     -0.9148437      3.1660673      2.2512236      0.2666857    
      8680   2.1712337     -0.96388686     3.2351382      2.2712514      0.24087929   
      8690   2.1604043     -0.93362989     3.2190025      2.2853726      0.28207805   
      8700   2.1422852     -0.89756045     3.192005       2.2944445      0.32864258   
      8710   2.1696401     -0.93383756     3.2327638      2.2989262      0.30886048   
      8720   2.1745154     -0.9411732      3.240028       2.2988548      0.29758236   
      8730   2.1919695     -0.97374953     3.2660346      2.2922851      0.2772674    
      8740   2.1814023     -0.97159352     3.2502894      2.2786959      0.29065543   
      8750   2.164764      -0.96745848     3.2254983      2.2580398      0.3128494    
      8760   2.1555515     -0.9806388      3.2117717      2.2311329      0.31533205   
      8770   2.1200361     -0.96166688     3.1588538      2.1971869      0.32409065   
      8780   2.1382266     -1.0292482      3.1859576      2.1567095      0.25927153   
      8790   2.0624604     -0.96282185     3.0730659      2.1102441      0.29151362   
      8800   2.0545133     -1.0024681      3.0612248      2.0587567      0.26534163   
      8810   2.0305637     -1.0209405      3.02554        2.0045995      0.24935494   
      8820   1.9886416     -1.0134656      2.9630761      1.9496105      0.2592172    
      8830   1.9208799     -0.96454935     2.862111       1.8975617      0.29273024   
      8840   1.9457265     -1.0495035      2.8991324      1.8496289      0.22260259   
      8850   1.9331919     -1.0742177      2.880456       1.8062382      0.19684026   
      8860   1.923727      -1.0980417      2.8663532      1.7683115      0.19687621   
      8870   1.8302146     -0.9893886      2.7270197      1.7376311      0.29122929   
      8880   1.848476      -1.0397632      2.7542292      1.714466       0.25547125   
      8890   1.8465513     -1.0524982      2.7513614      1.6988632      0.22475635   
      8900   1.8535956     -1.072796       2.7618574      1.6890614      0.18764083   
      8910   1.863077      -1.0918339      2.7759847      1.6841508      0.16020236   
      8920   1.789013      -0.98180017     2.6656294      1.6838292      0.23683113   
      8930   1.7915251     -0.98128683     2.6693723      1.6880855      0.24185337   
      8940   1.8590333     -1.0731843      2.7699596      1.6967753      0.18133579   
      8950   1.8084506     -0.9858941      2.6945914      1.7086973      0.25400791   
      8960   1.7880879     -0.94115081     2.664251       1.7231002      0.28822154   
      8970   1.8589097     -1.0282493      2.7697755      1.7415262      0.21666681   
      8980   1.8733356     -1.0292614      2.7912701      1.7620087      0.20255381   
      8990   1.830888      -0.94436746     2.7280231      1.7836556      0.25303234   
      9000   1.8769722     -0.99000879     2.7966886      1.8066798      0.21976478   
      9010   1.8402436     -0.91062434     2.7419629      1.8313386      0.26124782   
      9020   1.9101769     -0.98986046     2.8461636      1.8563031      0.18554115   
      9030   1.955317      -1.0310711      2.9134224      1.8823512      0.15139823   
      9040   1.95095       -0.99954583     2.9069155      1.9073696      0.20413091   
      9050   1.9612895     -0.99191392     2.9223214      1.9304075      0.26723601   
      9060   1.9011927     -0.88017675     2.8327771      1.9526003      0.37176558   
      9070   2.0194143     -1.0328614      3.0089274      1.976066       0.25459674   
      9080   2.0166277     -1.0073255      3.0047753      1.9974498      0.25752182   
      9090   2.0507611     -1.0395566      3.055634       2.0160774      0.24077896   
      9100   2.0578887     -1.0345312      3.0662541      2.0317229      0.26843416   
      9110   2.0383757     -0.9929035      3.0371798      2.0442763      0.336237     
      9120   2.0166993     -0.9492562      3.004882       2.0556258      0.37140889   
      9130   2.0597733     -1.0030537      3.0690622      2.0660085      0.29916861   
      9140   2.0526086     -0.98442482     3.0583869      2.073962       0.26881988   
      9150   2.0784094     -1.0171386      3.09683        2.0796914      0.21620551   
      9160   2.0501994     -0.97152062     3.0547971      2.0832765      0.23511527   
      9170   2.0705394     -0.99934496     3.0851037      2.0857587      0.21094611   
      9180   2.0436002     -0.95878888     3.0449643      2.0861754      0.23441714   
      9190   2.0748777     -1.0075256      3.0915677      2.0840421      0.20520772   
      9200   2.0282989     -0.94171841     3.0221653      2.0804469      0.26115328   
      9210   1.9881221     -0.88630236     2.962302       2.0759996      0.31277153   
      9220   2.0215211     -0.94059055     3.0120664      2.0714759      0.28172342   
      9230   2.0336659     -0.96392492     3.0301622      2.0662373      0.25841727   
      9240   1.9972394     -0.91565547     2.9758867      2.0602312      0.27706058   
      9250   2.0055404     -0.93515107     2.9882552      2.0531042      0.24955582   
      9260   1.9867857     -0.91411707     2.9603106      2.0461936      0.25413011   
      9270   2.0107881     -0.95741        2.9960742      2.0386642      0.21924103   
      9280   1.9947885     -0.94203513     2.9722349      2.0301998      0.23002676   
      9290   1.9461808     -0.87886356     2.8998093      2.0209458      0.27303388   
      9300   1.9929164     -0.958706       2.9694455      2.0107395      0.20921216   
      9310   1.9723906     -0.93888099     2.938862       1.999981       0.21733179   
      9320   1.9381678     -0.90031035     2.88787        1.9875596      0.26254101   
      9330   1.884354      -0.83370635     2.8076875      1.9739811      0.32691393   
      9340   1.848049      -0.79319295     2.7535931      1.9604001      0.34960669   
      9350   1.9310229     -0.92911581     2.8772241      1.9481083      0.23861766   
      9360   1.9242384     -0.93143506     2.8671152      1.9356801      0.21969289   
      9370   1.8897039     -0.89304573     2.8156588      1.922613       0.24525303   
      9380   1.8994522     -0.91987922     2.8301837      1.9103045      0.22485362   
      9390   1.9280396     -0.97419383     2.872779       1.8985852      0.1926362    
      9400   1.8803509     -0.91390361     2.8017229      1.8878192      0.2473182    
      9410   1.863092      -0.89721555     2.7760071      1.8787916      0.26941912   
      9420   1.8701653     -0.91324126     2.7865463      1.873305       0.26076371   
      9430   1.8598327     -0.89998605     2.7711507      1.8711646      0.26619668   
      9440   1.889247      -0.94199616     2.814978       1.8729818      0.22155427   
      9450   1.9352795     -1.0056355      2.8835664      1.8779309      0.17299781   
      9460   1.9007936     -0.94620856     2.8321824      1.8859738      0.23069497   
      9470   1.9306296     -0.98030054     2.8766381      1.8963376      0.23159654   
      9480   1.9458826     -0.98913752     2.8993651      1.9102276      0.24955699   
      9490   1.9513544     -0.98076576     2.9075181      1.9267523      0.28025205   
      9500   1.9460177     -0.95430787     2.8995664      1.9452585      0.30772509   
      9510   1.9933288     -1.003513       2.97006        1.9665469      0.27596859   
      9520   1.9931413     -0.97958142     2.9697805      1.9901991      0.2891584    
      9530   2.0359165     -1.0186985      3.0335156      2.0148171      0.27675539   
      9540   1.9423227     -0.85452852     2.8940609      2.0395324      0.40992748   
      9550   2.0023057     -0.91713982     2.9834355      2.0662957      0.35712195   
      9560   2.036848      -0.93922113     3.0349035      2.0956824      0.29324716   
      9570   2.1182759     -1.0327319      3.1562312      2.1234993      0.20626046   
      9580   2.1118473     -0.99626114     3.1466524      2.1503913      0.2354479    
      9590   2.0671609     -0.9057561      3.0800698      2.1743137      0.32049679   
      9600   2.1330855     -0.98214918     3.1782974      2.1961482      0.27699104   
      9610   2.1899192     -1.0473961      3.2629796      2.2155835      0.23797206   
      9620   2.168833      -1.0021728      3.2315612      2.2293884      0.28432958   
      9630   2.1731488     -0.99993703     3.2379916      2.2380546      0.28814072   
      9640   2.1722126     -0.99498382     3.2365968      2.2416129      0.27518019   
      9650   2.1669498     -0.98869629     3.2287552      2.2400589      0.25575722   
      9660   2.1555178     -0.9792996      3.2117215      2.2324219      0.24156364   
      9670   2.1457494     -0.97788007     3.1971667      2.2192866      0.22003916   
      9680   2.1334217     -0.97822476     3.1787983      2.2005736      0.20277917   
      9690   2.0483877     -0.87567682     3.0520977      2.1764208      0.2703753    
      9700   2.0213586     -0.8639215      3.0118244      2.1479029      0.28526619   
      9710   2.0149766     -0.88443028     3.0023152      2.1178849      0.26172665   
      9720   2.0335334     -0.94525051     3.0299648      2.0847143      0.20436071   
      9730   2.0430237     -0.99644976     3.0441053      2.0476555      0.17690657   
      9740   1.9433102     -0.88799189     2.8955322      2.0075403      0.28967627   
      9750   1.8929404     -0.85166793     2.8204811      1.9688132      0.34599628   
      9760   1.9393437     -0.95870767     2.889622       1.9309144      0.26104204   
      9770   1.9581276     -1.0254578      2.9176102      1.8921523      0.19563398   
      9780   1.8847368     -0.95384629     2.8082579      1.8544116      0.23576467   
      9790   1.8876854     -0.99308553     2.8126512      1.8195657      0.20174285   
      9800   1.8826947     -1.0174074      2.8052151      1.7878076      0.18596671   
      9810   1.7842565     -0.89823737     2.6585422      1.7603048      0.27786728   
      9820   1.8613485     -1.0363382      2.7734093      1.7370711      0.19116746   
      9830   1.7523034     -0.89192391     2.610932       1.7190081      0.28855599   
      9840   1.784112      -0.95135292     2.658327       1.706974       0.23905534   
      9850   1.7815237     -0.95453134     2.6544703      1.699939       0.23134663   
      9860   1.7624768     -0.92749187     2.6260905      1.6985986      0.26264308   
      9870   1.7647656     -0.92480486     2.6295008      1.7046959      0.27724642   
      9880   1.7995349     -0.96375541     2.681307       1.7175516      0.25205642   
      9890   1.8518366     -1.0216274      2.7592365      1.737609       0.21177108   
      9900   1.8555153     -0.99958553     2.7647178      1.7651323      0.2334623    
      9910   1.9002351     -1.03113        2.8313503      1.8002203      0.22229243   
      9920   1.9141032     -1.0082327      2.8520138      1.843781       0.25164781   
      9930   1.9241633     -0.97119718     2.8670033      1.8958061      0.29784535   
      9940   1.9503457     -0.95032636     2.9060151      1.9556887      0.32342959   
      9950   2.0116159     -0.97392845     2.9973077      2.0233792      0.30655541   
      9960   2.0481148     -0.95641163     3.051691       2.0952794      0.31487522   
      9970   2.1158614     -0.98701274     3.1526335      2.1656207      0.28775682   
      9980   2.1597619     -0.98833037     3.2180453      2.2297149      0.28257362   
      9990   2.1702968     -0.95156517     3.2337422      2.282177       0.30167633   
     10000   2.1870546     -0.93546724     3.2587114      2.3232441      0.28693219   
     10010   2.2336507     -0.9759845      3.3281395      2.352155       0.23134137   
     10020   2.2393882     -0.96802706     3.3366885      2.3686614      0.23722371   
     10030   2.1941966     -0.89363118     3.2693529      2.3757218      0.30417265   
     10040   2.1857126     -0.8808585      3.2567117      2.3758532      0.32749727   
     10050   2.1749371     -0.87156969     3.2406563      2.3690866      0.35493656   
     10060   2.1870419     -0.9000207      3.2586924      2.3586717      0.350947     
     10070   2.1561206     -0.86730483     3.2126198      2.3453149      0.37593166   
     10080   2.2047936     -0.95677545     3.2851425      2.328367       0.29784291   
     10090   2.1963556     -0.96537091     3.2725699      2.307199       0.27986838   
     10100   2.1196997     -0.87533469     3.1583526      2.2830179      0.34179482   
     10110   2.1493695     -0.94527816     3.2025605      2.2572824      0.28797365   
     10120   2.129112      -0.94302762     3.172377       2.2293493      0.28020158   
     10130   2.0960354     -0.92268583     3.1230928      2.200407       0.28056031   
     10140   2.0830151     -0.93312045     3.1036925      2.1705721      0.25446425   
     10150   2.0004159     -0.83891405     2.9806197      2.1417056      0.29737392   
     10160   2.0140458     -0.88774494     3.0009283      2.1131833      0.24397642   
     10170   1.9846411     -0.87011813     2.9571153      2.0869972      0.23761468   
     10180   1.979374      -0.88696007     2.9492672      2.0623071      0.21114006   
     10190   1.9656797     -0.88912588     2.9288627      2.0397369      0.20186763   
     10200   1.9463572     -0.88084302     2.9000723      2.0192293      0.21178801   
     10210   1.9532646     -0.90905074     2.9103642      2.0013135      0.20205249   
     10217   1.9458399     -0.90924604     2.8993014      1.9900554      0.205253     
