
   Step          Temp          PotEng         KinEng         TotEng         Press     
       302   1             -2.4723368      1.47          -1.0023368      0.047964199  
       310   0.86989361    -2.2764928      1.2787436     -0.99774916     0.098285547  
       320   0.71794627    -2.0369073      1.055381      -0.98152631     0.12959869   
       330   0.77498846    -2.0905674      1.139233      -0.95133433     0.052084421  
       340   0.75529774    -2.0172623      1.1102877     -0.90697467     0.0023814344 
       350   0.71840685    -1.9100455      1.0560581     -0.8539874     -0.021214934  
       360   0.6966453     -1.8216125      1.0240686     -0.79754387    -0.030015149  
       370   0.69333007    -1.7615009      1.0191952     -0.74230572    -0.029233473  
       380   0.68825671    -1.703133       1.0117374     -0.69139564    -0.017334262  
       390   0.70452       -1.6803352      1.0356444     -0.64469085    -0.0076321103 
       400   0.73574767    -1.6806561      1.0815491     -0.59910706    -0.003924795  
       410   0.7610723     -1.6699582      1.1187763     -0.5511819      0.0019817223 
       420   0.7686573     -1.6303642      1.1299262     -0.50043794     0.014859142  
       430   0.80728992    -1.6318389      1.1867162     -0.44512271     0.013714691  
       440   0.86034774    -1.6472565      1.2647112     -0.38254533     0.0062213686 
       450   0.88019746    -1.6077042      1.2938903     -0.3138139      0.015416376  
       460   0.89085334    -1.5515253      1.3095544     -0.24197085     0.031088067  
       470   0.94514199    -1.5555048      1.3893587     -0.16614605     0.030278442  
       480   1.0074151     -1.565194       1.4809001     -0.084293838    0.024960092  
       490   1.0914349     -1.6014173      1.6044094      0.0029920772   0.014319349  
       500   1.1410292     -1.5823427      1.6773129      0.094970188    0.022669071  
       510   1.2210372     -1.6042461      1.7949247      0.19067863     0.031068656  
       520   1.204185      -1.4817977      1.770152       0.28835427     0.073591064  
       530   1.322864      -1.5565748      1.94461        0.3880352      0.054899081  
       540   1.3806249     -1.5354672      2.0295186      0.4940514      0.049147382  
       550   1.3943812     -1.449464       2.0497403      0.60027631     0.05951102   
       560   1.4791443     -1.4661876      2.1743421      0.70815442     0.043618763  
       570   1.5351917     -1.4370814      2.2567318      0.81965042     0.041317266  
       580   1.5854424     -1.3988135      2.3306004      0.93178689     0.048661123  
       590   1.6344981     -1.3574163      2.4027122      1.0452959      0.060352126  
       600   1.7360624     -1.3921548      2.5520117      1.1598569      0.054597153  
       610   1.8210699     -1.4006061      2.6769728      1.2763666      0.057158778  
       620   1.8848537     -1.3790296      2.7707349      1.3917053      0.069536385  
       630   1.9796595     -1.4037446      2.9100994      1.5063548      0.075373693  
       640   2.0339938     -1.3736061      2.9899709      1.6163648      0.098644436  
       650   2.1171727     -1.3900073      3.1122439      1.7222366      0.10966595   
       660   2.0412326     -1.1804859      3.000612       1.820126       0.15188481   
       670   2.1991849     -1.3196901      3.2328018      1.9131117      0.1040168    
       680   2.2194954     -1.2631117      3.2626583      1.9995465      0.095722048  
       690   2.2578472     -1.2397321      3.3190354      2.0793033      0.093644973  
       700   2.1675999     -1.0389129      3.1863719      2.147459       0.13246115   
       710   2.308096      -1.1849045      3.3929012      2.2079967      0.083746488  
       720   2.2269928     -1.0126903      3.2736794      2.260989       0.10744733   
       730   2.2598889     -1.0187571      3.3220367      2.3032797      0.092019378  
       740   2.260079      -0.98418985     3.3223162      2.3381263      0.082508736  
       750   2.2636497     -0.96322544     3.3275651      2.3643397      0.074465231  
       760   2.2595173     -0.93950922     3.3214905      2.3819812      0.074349721  
       770   2.2443904     -0.90799469     3.2992539      2.3912592      0.082297037  
       780   2.2447007     -0.90737657     3.29971        2.3923335      0.087481262  
       790   2.204633      -0.85545404     3.2408105      2.3853564      0.10683993   
       800   2.189198      -0.84655641     3.218121       2.3715646      0.11022294   
       810   2.1926096     -0.87103177     3.2231361      2.3521043      0.099716781  
       820   2.1930935     -0.8982983      3.2238474      2.3255491      0.091432062  
       830   2.138004      -0.8500823      3.1428659      2.2927836      0.1007217    
       840   2.1291053     -0.87378677     3.1297848      2.2559981      0.091495192  
       850   2.0204507     -0.75373777     2.9700625      2.2163248      0.11137702   
       860   2.0721745     -0.87250959     3.0460965      2.173587       0.077817495  
       870   2.0062925     -0.81898018     2.94925        2.1302698      0.080880924  
       880   1.9667662     -0.80410047     2.8911463      2.0870458      0.076861745  
       890   1.9299052     -0.79116847     2.8369607      2.0457922      0.071576501  
       900   1.9198969     -0.81572105     2.8222484      2.0065274      0.057866067  
       910   1.8832282     -0.79876424     2.7683455      1.9695813      0.056851957  
       920   1.8628918     -0.8021335      2.738451       1.9363175      0.053304237  
       930   1.8598617     -0.82735807     2.7339967      1.9066386      0.048017847  
       940   1.8485463     -0.83657167     2.717363       1.8807914      0.052771562  
       950   1.8328381     -0.8354023      2.694272       1.8588697      0.064956127  
       960   1.8000467     -0.80447855     2.6460687      1.8415901      0.082856628  
       970   1.8588347     -0.9036612      2.732487       1.8288258      0.066909053  
       980   1.8469714     -0.8948914      2.7150479      1.8201565      0.073071847  
       990   1.8580195     -0.91623581     2.7312886      1.8150528      0.069629914  
      1000   1.8522281     -0.90865009     2.7227754      1.8141253      0.068264226  
      1010   1.8472173     -0.89821729     2.7154095      1.8171922      0.066729724  
      1020   1.8639783     -0.91583505     2.7400482      1.8242131      0.060682364  
      1030   1.839841      -0.86921333     2.7045663      1.835353       0.075099643  
      1040   1.8398395     -0.85407356     2.704564       1.8504905      0.082738768  
      1050   1.8368679     -0.82873715     2.7001958      1.8714587      0.08583131   
      1060   1.8586306     -0.83433014     2.732187       1.8978569      0.0773948    
      1070   1.917908      -0.89071457     2.8193248      1.9286102      0.057066104  
      1080   1.9134074     -0.84915252     2.8127088      1.9635563      0.066421183  
      1090   1.9357571     -0.8439202      2.845563       2.0016428      0.074063729  
      1100   1.9392242     -0.80825976     2.8506596      2.0423998      0.08831989   
      1110   1.9632783     -0.80060628     2.886019       2.0854128      0.094361355  
      1120   2.0045159     -0.81570273     2.9466384      2.1309357      0.091912546  
      1130   2.0415191     -0.822933       3.0010331      2.1781001      0.091739164  
      1140   2.0625033     -0.8070774      3.0318799      2.2248025      0.10374105   
      1150   2.0592625     -0.75667403     3.0271159      2.2704419      0.12432328   
      1160   2.1127213     -0.7916915      3.1057003      2.3140088      0.11484042   
      1170   2.1278287     -0.77176129     3.1279082      2.3561469      0.11026861   
      1180   2.1155735     -0.7150658      3.109893       2.3948272      0.10601288   
      1190   2.1733215     -0.76433567     3.1947827      2.430447       0.075142746  
      1200   2.1489493     -0.69731936     3.1589554      2.461636       0.0776315    
      1210   2.1355035     -0.65119473     3.1391901      2.4879953      0.082895641  
      1220   2.1227268     -0.60976456     3.1204085      2.5106439      0.088804207  
      1230   2.1354354     -0.60927598     3.13909        2.529814       0.084290646  
      1240   2.1659354     -0.6385185      3.1839251      2.5454066      0.073360049  
      1250   2.1770843     -0.64426466     3.200314       2.5560493      0.074628334  
      1260   2.0588501     -0.4641132      3.0265096      2.5623965      0.11767036   
      1270   2.1430281     -0.58466035     3.1502513      2.565591       0.088778472  
      1280   2.1346436     -0.5735063      3.1379261      2.5644198      0.088221594  
      1290   2.1401501     -0.58700922     3.1460206      2.5590114      0.083051092  
      1300   2.1209613     -0.56926737     3.1178131      2.5485457      0.088987176  
      1310   2.0899347     -0.53827667     3.072204       2.5339274      0.099575765  
      1320   2.0740104     -0.53293911     3.0487953      2.5158562      0.10192655   
      1330   2.0826149     -0.56794233     3.0614439      2.4935015      0.094544873  
      1340   2.0492696     -0.54456021     3.0124262      2.467866       0.098244576  
      1350   2.0317849     -0.54858462     2.9867238      2.4381391      0.095928221  
      1360   1.9916187     -0.51968201     2.9276796      2.4079975      0.094021614  
      1370   1.9907473     -0.5492037      2.9263985      2.3771948      0.077795139  
      1380   1.9463308     -0.51685596     2.8611063      2.3442504      0.08528826   
      1390   1.9298519     -0.52617543     2.8368823      2.3107069      0.086546807  
      1400   1.8692359     -0.47014044     2.7477768      2.2776364      0.10180006   
      1410   1.8771719     -0.51385459     2.7594427      2.2455881      0.089259221  
      1420   1.8382189     -0.48690273     2.7021818      2.2152791      0.084389855  
      1430   1.8166115     -0.48266064     2.6704188      2.1877582      0.071161084  
      1440   1.7957413     -0.47660524     2.6397397      2.1631345      0.060068284  
      1450   1.7659788     -0.45350701     2.5959888      2.1424818      0.058700719  
      1460   1.7472411     -0.4420798      2.5684445      2.1263647      0.06025653   
      1470   1.7354105     -0.43534616     2.5510534      2.1157073      0.064408848  
      1480   1.7543399     -0.46781264     2.5788797      2.111067       0.062471386  
      1490   1.7738425     -0.49508489     2.6075485      2.1124636      0.067428271  
      1500   1.7553985     -0.45990268     2.5804358      2.1205331      0.090384937  
      1510   1.7333425     -0.41189377     2.5480135      2.1361197      0.11091482   
      1520   1.8030408     -0.49009414     2.65047        2.1603758      0.093361917  
      1530   1.7944677     -0.44301306     2.6378675      2.1948545      0.099928731  
      1540   1.7870346     -0.38734435     2.6269409      2.2395965      0.10248905   
      1550   1.8904612     -0.48232987     2.7789779      2.296648       0.065908711  
      1560   1.9126522     -0.44605454     2.8115987      2.3655441      0.065711152  
      1570   1.942826      -0.41233305     2.8559543      2.4436212      0.07442908   
      1580   1.9952431     -0.40263404     2.9330074      2.5303733      0.083036345  
      1590   2.0312353     -0.36366709     2.985916       2.6222489      0.097053231  
      1600   2.1364731     -0.42284315     3.1406154      2.7177722      0.086045856  
      1610   2.1909963     -0.40953885     3.2207645      2.8112257      0.092514747  
      1620   2.247782      -0.40685206     3.3042396      2.8973875      0.097888026  
      1630   2.3096621     -0.42181948     3.3952032      2.9733838      0.099401699  
      1640   2.3536        -0.42312957     3.4597921      3.0366625      0.10375015   
      1650   2.3976758     -0.43952468     3.5245835      3.0850588      0.10414727   
      1660   2.4169333     -0.43551999     3.5528919      3.1173719      0.11014677   
      1670   2.4027451     -0.39835164     3.5320353      3.1336837      0.11988249   
      1680   2.4139126     -0.4113151      3.5484515      3.1371364      0.11723812   
      1690   2.4207588     -0.43380314     3.5585155      3.1247123      0.11720288   
      1700   2.3786194     -0.39841136     3.4965705      3.0981591      0.13061404   
      1710   2.4081769     -0.48191794     3.5400201      3.0581021      0.111263     
      1720   2.3580003     -0.46005984     3.4662604      3.0062006      0.11215317   
      1730   2.3528436     -0.51615869     3.4586801      2.9425214      0.09810954   
      1740   2.2848481     -0.4886812      3.3587266      2.8700454      0.10607143   
      1750   2.228825      -0.48491619     3.2763727      2.7914565      0.11035681   
      1760   2.1593006     -0.46121501     3.1741719      2.7129569      0.11450737   
      1770   2.0932143     -0.44080351     3.077025       2.6362215      0.1126358    
      1780   2.0649191     -0.47171453     3.035431       2.5637165      0.098394637  
      1790   2.0111652     -0.45875596     2.9564128      2.4976569      0.094870925  
      1800   1.9558303     -0.43355178     2.8750705      2.4415187      0.091205333  
      1810   1.9476438     -0.46842444     2.8630364      2.394612       0.072219211  
      1820   1.9015054     -0.43897829     2.795213       2.3562347      0.072827418  
      1830   1.8851523     -0.44433329     2.7711739      2.3268406      0.069681823  
      1840   1.8917037     -0.4757084      2.7808045      2.3050961      0.064226561  
      1850   1.9056006     -0.51209599     2.8012328      2.2891368      0.0654217    
      1860   1.8817287     -0.48816432     2.7661412      2.2779769      0.089377727  
      1870   1.7982559     -0.37075222     2.6434362      2.272684       0.12992943   
      1880   1.8925142     -0.51054728     2.7819958      2.2714486      0.095620019  
      1890   1.9061388     -0.52813582     2.8020241      2.2738883      0.083206216  
      1900   1.9151062     -0.53647824     2.8152062      2.2787279      0.077988224  
      1910   1.9017361     -0.50996694     2.7955521      2.2855852      0.083311591  
      1920   1.9040203     -0.50462465     2.7989098      2.2942852      0.084432215  
      1930   1.8765552     -0.45358338     2.7585362      2.3049528      0.095467907  
      1940   1.9204603     -0.50565653     2.8230767      2.3174201      0.080114219  
      1950   1.9190929     -0.48873214     2.8210665      2.3323344      0.079598711  
      1960   1.8979977     -0.44201817     2.7900566      2.3480384      0.088923199  
      1970   1.867776      -0.37959582     2.7456308      2.3660349      0.099540701  
      1980   1.9150748     -0.42787845     2.8151599      2.3872815      0.080819824  
      1990   1.9335228     -0.43125251     2.8422785      2.411026       0.074634553  
      2000   1.9134312     -0.37630462     2.8127439      2.4364393      0.087320642  
      2010   1.9363786     -0.38293818     2.8464766      2.4635384      0.087050924  
      2020   1.9376776     -0.3555727      2.8483861      2.4928134      0.092065668  
      2030   1.9477749     -0.3392948      2.8632291      2.5239343      0.09002366   
      2040   1.9844363     -0.36028811     2.9171213      2.5568332      0.077263359  
      2050   1.9964244     -0.34309316     2.9347439      2.5916508      0.076982622  
      2060   2.0226196     -0.34578694     2.9732508      2.6274638      0.077947706  
      2070   2.0621815     -0.36725455     3.0314069      2.6641523      0.081273179  
      2080   2.0246287     -0.27541898     2.9762042      2.7007852      0.11466503   
      2090   2.1070943     -0.36044774     3.0974286      2.7369809      0.10857121   
      2100   2.0847546     -0.29045861     3.0645893      2.7741307      0.1258812    
      2110   2.1607834     -0.36602027     3.1763515      2.8103313      0.098432727  
      2120   2.182681      -0.36287162     3.2085411      2.8456695      0.085191488  
      2130   2.1830134     -0.3303789      3.2090297      2.8786508      0.084077379  
      2140   2.191544      -0.3121871      3.2215697      2.9093826      0.085152389  
      2150   2.2122501     -0.31371539     3.2520077      2.9382923      0.086366721  
      2160   2.2306995     -0.31397155     3.2791283      2.9651567      0.091790529  
      2170   2.2578195     -0.32972977     3.3189946      2.9892649      0.095207104  
      2180   2.289274      -0.35542878     3.3652328      3.009804       0.097483007  
      2190   2.2805914     -0.32741358     3.3524694      3.0250558      0.11397177   
      2200   2.2446487     -0.26598773     3.2996336      3.0336459      0.1340352    
      2210   2.3145025     -0.36770669     3.4023187      3.034612       0.10786591   
      2220   2.2819384     -0.32862968     3.3544494      3.0258197      0.11064917   
      2230   2.290922      -0.36445691     3.3676554      3.0031985      0.1000723    
      2240   2.2383026     -0.32374158     3.2903048      2.9665632      0.10664859   
      2250   2.2230464     -0.35210768     3.2678782      2.9157705      0.095145633  
      2260   2.1860508     -0.36240903     3.2134947      2.8510856      0.086806161  
      2270   2.1155752     -0.33449105     3.1098955      2.7754045      0.089246944  
      2280   2.0450593     -0.31288871     3.0062372      2.6933485      0.089704796  
      2290   1.995357      -0.32450595     2.9331747      2.6086688      0.082420327  
      2300   1.945612      -0.33552052     2.8600497      2.5245292      0.078102025  
      2310   1.8764453     -0.31342928     2.7583746      2.4449453      0.085639934  
      2320   1.8206196     -0.30294666     2.6763108      2.3733641      0.090613706  
      2330   1.7966333     -0.3316639      2.641051       2.3093871      0.084981482  
      2340   1.7687896     -0.34528879     2.6001206      2.2548319      0.080200535  
      2350   1.7517284     -0.36648645     2.5750408      2.2085543      0.073222351  
      2360   1.6940519     -0.31904365     2.4902563      2.1712126      0.082614753  
      2370   1.6746437     -0.31891908     2.4617262      2.1428071      0.0777032    
      2380   1.6719046     -0.33421903     2.4576997      2.1234807      0.066446163  
      2390   1.6662389     -0.33722016     2.4493712      2.112151       0.060762438  
      2400   1.6637901     -0.33661255     2.4457715      2.1091589      0.060790488  
      2410   1.6722064     -0.34378285     2.4581433      2.1143605      0.063541107  
      2420   1.6842461     -0.3480072      2.4758418      2.1278346      0.071876334  
      2430   1.65883       -0.28904981     2.4384801      2.1494303      0.096219502  
      2440   1.6267599     -0.21084509     2.3913371      2.180492       0.11828793   
      2450   1.7354442     -0.33017259     2.551103       2.2209304      0.085192527  
      2460   1.7772177     -0.33977835     2.61251        2.2727316      0.073954096  
      2470   1.8142116     -0.3345808      2.6668911      2.3323103      0.075552787  
      2480   1.783717      -0.22351407     2.622064       2.3985499      0.10392548   
      2490   1.8904935     -0.30840161     2.7790255      2.4706239      0.081766301  
      2500   1.9294423     -0.28749909     2.8362802      2.5487811      0.081516601  
      2510   1.9978106     -0.30886222     2.9367816      2.6279194      0.077530708  
      2520   2.0365999     -0.28824255     2.9938019      2.7055594      0.09003553   
      2530   2.0950869     -0.30211799     3.0797778      2.7776598      0.09640189   
      2540   2.1369732     -0.29615735     3.1413506      2.8451933      0.10267653   
      2550   2.2011871     -0.33202279     3.235745       2.9037222      0.09684869   
      2560   2.2117623     -0.29984691     3.2512905      2.9514436      0.10151635   
      2570   2.2519507     -0.32175386     3.3103675      2.9886136      0.091937917  
      2580   2.2654648     -0.31516772     3.3302332      3.0150655      0.093422191  
      2590   2.2421953     -0.26514276     3.2960271      3.0308843      0.10948041   
      2600   2.2803924     -0.314944       3.3521769      3.0372329      0.10378806   
      2610   2.2397014     -0.25719024     3.2923611      3.0351709      0.12047203   
      2620   2.3042704     -0.36325781     3.3872775      3.0240197      0.099121547  
      2630   2.3145217     -0.39828058     3.4023469      3.0040663      0.095405053  
      2640   2.2996916     -0.40566551     3.3805467      2.9748811      0.104232     
      2650   2.2773208     -0.41023432     3.3476615      2.9374272      0.11527137   
      2660   2.2349473     -0.39216987     3.2853725      2.8932026      0.1285328    
      2670   2.2026713     -0.39185324     3.2379268      2.8460735      0.12938948   
      2680   2.1164345     -0.31426375     3.1111587      2.7968949      0.13533923   
      2690   2.138314      -0.39715276     3.1433216      2.7461688      0.094451915  
      2700   2.0902908     -0.37744208     3.0727275      2.6952854      0.077648908  
      2710   2.0205094     -0.32387044     2.9701489      2.6462784      0.078676515  
      2720   1.9396743     -0.24857417     2.8513212      2.6027471      0.088649052  
      2730   1.9346879     -0.27965526     2.8439912      2.5643359      0.074680387  
      2740   1.9062392     -0.27049511     2.8021717      2.5316766      0.071885264  
      2750   1.8840771     -0.26479276     2.7695934      2.5048006      0.072244149  
      2760   1.8677698     -0.2616678      2.7456216      2.4839538      0.074737823  
      2770   1.8605646     -0.26623129     2.73503        2.4687987      0.077038936  
      2780   1.8703641     -0.2907773      2.7494353      2.458658       0.077211932  
      2790   1.854         -0.2721532      2.7253799      2.4532267      0.090953642  
      2800   1.8193944     -0.2235094      2.6745098      2.4510004      0.11126372   
      2810   1.8706615     -0.2952484      2.7498724      2.454624       0.097636866  
      2820   1.8606633     -0.27253454     2.735175       2.4626405      0.097082635  
      2830   1.8925314     -0.3074356      2.7820211      2.4745855      0.080773794  
      2840   1.8859145     -0.28522355     2.7722943      2.4870707      0.081933952  
      2850   1.9056074     -0.30018908     2.8012429      2.5010538      0.07710108   
      2860   1.9226021     -0.31019304     2.8262251      2.5160321      0.077213036  
      2870   1.9183061     -0.28848089     2.81991        2.5314291      0.087696315  
      2880   1.9682757     -0.3465014      2.8933652      2.5468638      0.081645304  
      2890   1.9892085     -0.36221113     2.9241365      2.5619254      0.086018434  
      2900   2.0313011     -0.41057196     2.9860126      2.5754407      0.08530254   
      2910   1.9666213     -0.30399919     2.8909333      2.5869341      0.12056032   
      2920   2.0125652     -0.36133147     2.9584709      2.5971394      0.11260045   
      2930   2.0160578     -0.356691       2.9636049      2.6069139      0.11008858   
      2940   2.0421097     -0.38698541     3.0019012      2.6149158      0.099933364  
      2950   1.9795621     -0.28897604     2.9099562      2.6209802      0.11920975   
      2960   1.9626133     -0.25810881     2.8850415      2.6269327      0.114982     
      2970   2.0244168     -0.34252858     2.9758927      2.6333641      0.08061625   
      2980   2.0096644     -0.31563062     2.9542067      2.638576       0.082309861  
      2990   1.9695027     -0.25189889     2.8951689      2.64327        0.10050517   
      3000   1.9789749     -0.26092955     2.9090931      2.6481635      0.099616617  
      3010   2.0166603     -0.31107095     2.9644906      2.6534196      0.084423172  
      3020   2.0084577     -0.29432961     2.9524328      2.6581032      0.085375093  
      3030   2.0070565     -0.28822855     2.9503731      2.6621445      0.084136763  
      3040   2.0047642     -0.28119718     2.9470034      2.6658062      0.083113655  
      3050   2.004972      -0.27797847     2.9473088      2.6693304      0.082271316  
      3060   2.0083918     -0.27987622     2.952336       2.6724597      0.082018005  
      3070   2.0111374     -0.28119        2.956372       2.675182       0.083737674  
      3080   2.0196067     -0.29105753     2.9688219      2.6777644      0.084807389  
      3090   2.0267008     -0.29963243     2.9792502      2.6796178      0.087423533  
      3100   2.0452477     -0.32603326     3.0065141      2.6804808      0.088553497  
      3110   2.0246555     -0.29564159     2.9762436      2.6806021      0.10164277   
      3120   2.044192      -0.32561383     3.0049622      2.6793484      0.099296679  
      3130   2.0275676     -0.30345342     2.9805244      2.6770709      0.10542976   
      3140   2.0690052     -0.36762859     3.0414376      2.673809       0.088893333  
      3150   2.0608984     -0.36153        3.0295207      2.6679907      0.089433448  
      3160   2.0590676     -0.36728516     3.0268293      2.6595442      0.089800047  
      3170   2.0532074     -0.37053173     3.0182149      2.6476832      0.09345683   
      3180   2.0551169     -0.38880518     3.0210218      2.6322166      0.092629934  
      3190   2.0587707     -0.4149108      3.026393       2.6114822      0.088360967  
      3200   2.0052848     -0.36435293     2.9477686      2.5834157      0.10138125   
      3210   2.0117221     -0.41070746     2.9572315      2.5465241      0.089633014  
      3220   1.9751962     -0.40461972     2.9035385      2.4989188      0.089183471  
      3230   1.9249759     -0.39001269     2.8297146      2.4397019      0.09477792   
      3240   1.8622111     -0.36647539     2.7374503      2.3709749      0.1009245    
      3250   1.830506      -0.39670806     2.6908438      2.2941357      0.089830881  
      3260   1.805257      -0.44084511     2.6537278      2.2128827      0.077915113  
      3270   1.7345676     -0.41767024     2.5498144      2.1321441      0.083350539  
      3280   1.708087      -0.45521971     2.5108879      2.0556682      0.076029171  
      3290   1.639651      -0.42299169     2.410287       1.9872953      0.085652089  
      3300   1.5972391     -0.41759131     2.3479415      1.9303502      0.087690567  
      3310   1.5468442     -0.3901936      2.273861       1.8836674      0.093017667  
      3320   1.5951824     -0.49675325     2.3449181      1.8481648      0.066210887  
      3330   1.5514891     -0.45808753     2.280689       1.8226014      0.075105521  
      3340   1.5506189     -0.47186799     2.2794098      1.8075418      0.073996402  
      3350   1.4649622     -0.35029905     2.1534945      1.8031954      0.098440206  
      3360   1.5500048     -0.46902001     2.278507       1.809487       0.063630146  
      3370   1.5825783     -0.49837945     2.3263901      1.8280107      0.047776433  
      3380   1.5802272     -0.46628078     2.322934       1.8566532      0.05656194   
      3390   1.556296      -0.39199844     2.2877552      1.8957567      0.077910539  
      3400   1.6102674     -0.4210182      2.3670931      1.9460749      0.068346916  
      3410   1.6728032     -0.44960657     2.4590206      2.0094141      0.056588073  
      3420   1.6439817     -0.33531607     2.4166531      2.081337       0.086542629  
      3430   1.7136107     -0.36073665     2.5190078      2.1582711      0.081220838  
      3440   1.7837933     -0.37453337     2.6221762      2.2476428      0.072335176  
      3450   1.8511127     -0.38414989     2.7211357      2.3369858      0.070481606  
      3460   1.9088471     -0.38187399     2.8060053      2.4241313      0.075832758  
      3470   1.9846537     -0.41229803     2.9174409      2.5051429      0.077029435  
      3480   2.0203859     -0.39176453     2.9699673      2.5782027      0.095178198  
      3490   2.0057582     -0.30852136     2.9484645      2.6399432      0.1231008    
      3500   2.0731967     -0.35432922     3.0475992      2.69327        0.10845864   
      3510   2.112718      -0.36624437     3.1056954      2.739451       0.097698254  
      3520   2.1152658     -0.33281325     3.1094407      2.7766274      0.10002234   
      3530   2.1320983     -0.32808813     3.1341845      2.8060964      0.095209716  
      3540   2.1603175     -0.34666164     3.1756667      2.8290051      0.085015393  
      3550   2.1636626     -0.3352186      3.1805841      2.8453654      0.0855062    
      3560   2.1379819     -0.28695074     3.1428334      2.8558826      0.095101688  
      3570   2.1793669     -0.34234158     3.2036693      2.8613278      0.080693391  
      3580   2.1564419     -0.30893928     3.1699696      2.8610303      0.088804844  
      3590   2.1451449     -0.29748123     3.1533631      2.8558818      0.091497007  
      3600   2.1592299     -0.32795648     3.174068       2.8461115      0.08421935   
      3610   2.1201069     -0.28474228     3.1165571      2.8318148      0.094181696  
      3620   2.1189154     -0.30140338     3.1148056      2.8134022      0.087954559  
      3630   2.0936357     -0.2860208      3.0776445      2.7916237      0.08597501   
      3640   2.0759123     -0.28483031     3.0515911      2.7667608      0.0816357    
      3650   2.0580716     -0.28615816     3.0253652      2.739207       0.079800021  
      3660   2.0397299     -0.28929951     2.998403       2.7091035      0.082682387  
      3670   2.0182389     -0.29012902     2.9668112      2.6766822      0.091610983  
      3680   1.9624439     -0.24139862     2.8847925      2.6433938      0.11133115   
      3690   1.9440045     -0.24778124     2.8576867      2.6099054      0.10972604   
      3700   1.9571793     -0.30134568     2.8770535      2.5757078      0.089215477  
      3710   1.937505      -0.30756632     2.8481324      2.540566       0.078703459  
      3720   1.902446      -0.29142843     2.7965956      2.5051672      0.077039719  
      3730   1.886125      -0.30248532     2.7726038      2.4701184      0.073041678  
      3740   1.8663685     -0.30826552     2.7435617      2.4352962      0.074443851  
      3750   1.8291858     -0.28774376     2.6889031      2.4011593      0.084432146  
      3760   1.8179483     -0.30370843     2.672384       2.3686756      0.083948228  
      3770   1.8071281     -0.31983838     2.6564783      2.3366399      0.082571047  
      3780   1.7870442     -0.31971634     2.6269549      2.3072386      0.083574473  
      3790   1.7302848     -0.26338582     2.5435186      2.2801328      0.093966812  
      3800   1.7340868     -0.2938911      2.5491076      2.2552165      0.083109306  
      3810   1.7196986     -0.29450893     2.5279569      2.233448       0.078485626  
      3820   1.6894413     -0.26716812     2.4834786      2.2163105      0.081208069  
      3830   1.7042193     -0.3014698      2.5052024      2.2037326      0.071195694  
      3840   1.6850336     -0.27989577     2.4769994      2.1971036      0.076910697  
      3850   1.7021894     -0.30460184     2.5022184      2.1976165      0.074714382  
      3860   1.7086825     -0.30532035     2.5117632      2.2064429      0.080845818  
      3870   1.7166122     -0.29888896     2.5234199      2.2245309      0.0930852    
      3880   1.6815909     -0.21821664     2.4719386      2.253722       0.11370675   
      3890   1.7680588     -0.30328143     2.5990465      2.295765       0.084786756  
      3900   1.824607      -0.33035419     2.6821723      2.3518181      0.071016581  
      3910   1.847804      -0.29617925     2.7162719      2.4200927      0.080891882  
      3920   1.8838117     -0.27067335     2.7692032      2.4985299      0.093243414  
      3930   1.9131659     -0.22646403     2.8123539      2.5858899      0.11124552   
      3940   2.0083339     -0.274657       2.9522508      2.6775938      0.1024716    
      3950   2.0995087     -0.31087482     3.0862778      2.775403       0.092703934  
      3960   2.1446931     -0.28385066     3.1526989      2.8688483      0.1029963    
      3970   2.2030885     -0.28410272     3.2385401      2.9544374      0.10681873   
      3980   2.273567      -0.31139056     3.3421436      3.030753       0.10313357   
      3990   2.2684399     -0.23995328     3.3346067      3.0946534      0.12022329   
      4000   2.3479077     -0.30599429     3.4514243      3.14543        0.10296256   
      4010   2.3814646     -0.31758718     3.5007529      3.1831657      0.097702843  
      4020   2.3936197     -0.31238801     3.5186209      3.2062329      0.099705836  
      4030   2.4057048     -0.32163308     3.5363861      3.214753       0.10036893   
      4040   2.3845425     -0.29617782     3.5052775      3.2090997      0.10918495   
      4050   2.3788549     -0.3067446      3.4969167      3.1901721      0.10690886   
      4060   2.3674908     -0.32178212     3.4802115      3.1584294      0.10107329   
      4070   2.3501298     -0.34056555     3.4546908      3.1141252      0.096842926  
      4080   2.3056309     -0.33104933     3.3892774      3.058228       0.10375244   
      4090   2.255133      -0.32194702     3.3150455      2.9930985      0.11220191   
      4100   2.1931574     -0.30341524     3.2239414      2.9205262      0.11947202   
      4110   2.1730557     -0.34889395     3.1943918      2.8454979      0.10349734   
      4120   2.1563572     -0.4034573      3.169845       2.7663877      0.083384469  
      4130   2.1066795     -0.41084601     3.0968189      2.6859729      0.083326988  
      4140   2.0349675     -0.38249562     2.9914023      2.6089066      0.094550827  
      4150   1.9821651     -0.37635924     2.9137827      2.5374234      0.096390518  
      4160   1.9346284     -0.37047244     2.8439037      2.4734313      0.093257157  
      4170   1.8893057     -0.35911089     2.7772794      2.4181685      0.090164798  
      4180   1.8318197     -0.31956424     2.692775       2.3732108      0.091535693  
      4190   1.8449488     -0.37523269     2.7120748      2.3368421      0.072089494  
      4200   1.7860719     -0.31610842     2.6255257      2.3094173      0.08108326   
      4210   1.7934158     -0.34661012     2.6363212      2.2897111      0.071765476  
      4220   1.7690306     -0.32282797     2.6004749      2.277647       0.075106809  
      4230   1.7638048     -0.3205063      2.592793       2.2722867      0.074243411  
      4240   1.7372093     -0.2801412      2.5536976      2.2735564      0.080264865  
      4250   1.7639495     -0.31225554     2.5930058      2.2807503      0.067749709  
      4260   1.7735104     -0.31352546     2.6070603      2.2935349      0.06343832   
      4270   1.7803988     -0.30623062     2.6171862      2.3109556      0.065660035  
      4280   1.7890151     -0.29721741     2.6298522      2.3326347      0.071708742  
      4290   1.8070256     -0.29816917     2.6563277      2.3581585      0.077021701  
      4300   1.8260977     -0.29711232     2.6843636      2.3872513      0.081696736  
      4310   1.8598943     -0.315191       2.7340446      2.4188536      0.083291644  
      4320   1.8591969     -0.28083595     2.7330195      2.4521835      0.09702213   
      4330   1.8344095     -0.20878332     2.6965819      2.4877986      0.11269738   
      4340   1.9480986     -0.33941719     2.8637049      2.5242878      0.078135595  
      4350   1.9670963     -0.33016315     2.8916316      2.5614684      0.079094579  
      4360   1.9794149     -0.31325732     2.9097398      2.5964825      0.086179802  
      4370   2.0403409     -0.36909128     2.9993011      2.6302098      0.077074675  
      4380   2.0791936     -0.39595334     3.0564146      2.6604613      0.078764795  
      4390   2.1114568     -0.41782914     3.1038414      2.6860123      0.087208462  
      4400   2.0495226     -0.30601645     3.0127982      2.7067818      0.12359367   
      4410   2.1353224     -0.41680647     3.1389239      2.7221175      0.10103469   
      4420   2.1463657     -0.42154469     3.1551576      2.7336129      0.0946176    
      4430   2.1486005     -0.41799127     3.1584427      2.7404514      0.088933062  
      4440   2.1641464     -0.43910628     3.1812952      2.7421889      0.081177542  
      4450   2.1620836     -0.43953095     3.1782629      2.7387319      0.082830277  
      4460   2.1629148     -0.44926037     3.1794847      2.7302243      0.087071263  
      4470   2.0795973     -0.33807706     3.057008       2.718931       0.11787977   
      4480   2.1520054     -0.45847099     3.1634479      2.7049769      0.092754294  
      4490   2.1543203     -0.47915212     3.1668508      2.6876986      0.090262138  
      4500   2.1039254     -0.42531808     3.0927703      2.6674523      0.11078919   
      4510   2.0260527     -0.3302377      2.9782975      2.6480598      0.12961031   
      4520   2.0541999     -0.39115397     3.0196739      2.6285199      0.10254989   
      4530   2.0590808     -0.41656596     3.0268488      2.6102828      0.08371152   
      4540   2.0463634     -0.4158111      3.0081542      2.5923431      0.074725624  
      4550   2.015448      -0.38784539     2.9627085      2.5748631      0.08102013   
      4560   1.9668451     -0.33170908     2.8912623      2.5595533      0.095615366  
      4570   2.00233       -0.39764182     2.9434252      2.5457833      0.081537522  
      4580   1.9767503     -0.37148148     2.9058229      2.5343414      0.086877923  
      4590   1.9755074     -0.37957845     2.9039959      2.5244175      0.082754169  
      4600   1.9788961     -0.39265466     2.9089773      2.5163226      0.077434841  
      4610   1.9744275     -0.39255725     2.9024084      2.5098512      0.079500258  
      4620   1.9651434     -0.38420777     2.8887608      2.5045531      0.090419074  
      4630   1.9258835     -0.33020464     2.8310487      2.5008441      0.11035352   
      4640   1.9268291     -0.33222374     2.8324387      2.500215       0.10584541   
      4650   1.9596081     -0.37888803     2.8806239      2.5017358      0.085967348  
      4660   1.9484165     -0.36023041     2.8641723      2.5039419      0.082628891  
      4670   1.9558487     -0.36768556     2.8750976      2.5074121      0.074942332  
      4680   1.9687482     -0.38237783     2.8940599      2.511682       0.070296409  
      4690   1.9722458     -0.38296824     2.8992013      2.516233       0.078267308  
      4700   1.9284248     -0.31300826     2.8347845      2.5217762      0.10462195   
      4710   2.0037648     -0.4177801      2.9455343      2.5277542      0.090313023  
      4720   1.9438594     -0.3234507      2.8574733      2.5340226      0.12127469   
      4730   1.9732315     -0.35999036     2.9006503      2.5406599      0.11254258   
      4740   2.0250671     -0.42890401     2.9768487      2.5479447      0.08681387   
      4750   1.9963454     -0.3802851      2.9346278      2.5543427      0.089513383  
      4760   2.0197282     -0.40911978     2.9690005      2.5598807      0.077655089  
      4770   2.0419663     -0.43711093     3.0016905      2.5645796      0.07144814   
      4780   2.0588234     -0.45869421     3.0264704      2.5677762      0.075221737  
      4790   2.0529537     -0.44858413     3.017842       2.5692578      0.090808616  
      4800   2.0449074     -0.43700046     3.0060138      2.5690134      0.10277715   
      4810   2.0355238     -0.42460225     2.99222        2.5676177      0.10652274   
      4820   2.0282671     -0.4164821      2.9815527      2.5650706      0.10140507   
      4830   2.0370943     -0.43247726     2.9945286      2.5620513      0.087833598  
      4840   2.0235159     -0.41659147     2.9745684      2.557977       0.082889234  
      4850   2.0049986     -0.39393981     2.9473479      2.5534081      0.08004109   
      4860   2.0026993     -0.39518269     2.9439679      2.5487852      0.072592151  
      4870   1.9948196     -0.38825231     2.9323848      2.5441325      0.071345056  
      4880   1.9612581     -0.34307135     2.8830494      2.5399781      0.08391897   
      4890   1.9626145     -0.34820921     2.8850432      2.536834       0.085268041  
      4900   1.9840407     -0.38184234     2.9165398      2.5346975      0.080306022  
      4910   2.0064923     -0.41656839     2.9495437      2.5329753      0.075586661  
      4920   2.0305004     -0.4537883      2.9848356      2.5310473      0.073120742  
      4930   2.0082433     -0.42375442     2.9521177      2.5283632      0.090477036  
      4940   2.0090374     -0.42825387     2.9532849      2.525031       0.096317503  
      4950   2.0191736     -0.44687312     2.9681852      2.521312       0.092962472  
      4960   2.0208622     -0.45445341     2.9706674      2.5162139      0.088950136  
      4970   2.0087183     -0.44321598     2.9528159      2.5095999      0.087604414  
      4980   2.0113319     -0.45594279     2.9566578      2.500715       0.083115583  
      4990   1.9675163     -0.40257165     2.8922489      2.4896773      0.094121863  
      5000   1.9862663     -0.44498596     2.9198115      2.4748256      0.081712597  
      5010   1.9651577     -0.43354899     2.8887819      2.4552329      0.080918675  
      5020   1.9347239     -0.41374804     2.8440442      2.4302962      0.082090938  
      5030   1.9239321     -0.42780467     2.8281801      2.4003755      0.074446328  
      5040   1.9076914     -0.43830589     2.8043063      2.3660004      0.068773639  
      5050   1.8862206     -0.44455689     2.7727444      2.3281875      0.068185273  
      5060   1.862483      -0.44913289     2.73785        2.2887171      0.073210305  
      5070   1.7911249     -0.38274002     2.6329536      2.2502136      0.096450898  
      5080   1.7298154     -0.32657266     2.5428286      2.216256       0.1084437    
      5090   1.779382      -0.43010566     2.6156915      2.1855859      0.077098098  
      5100   1.7318129     -0.38523545     2.545765       2.1605295      0.075503389  
      5110   1.7330885     -0.40634875     2.5476401      2.1412914      0.058216484  
      5120   1.7143295     -0.39188514     2.5200644      2.1281793      0.05465082   
      5130   1.7026544     -0.38118152     2.502902       2.1217205      0.057512133  
      5140   1.6775826     -0.34310734     2.4660465      2.1229391      0.069575067  
      5150   1.698087      -0.36416418     2.4961879      2.1320237      0.067244894  
      5160   1.7314675     -0.3957419      2.5452572      2.1495153      0.062833191  
      5170   1.768573      -0.42482452     2.5998023      2.1749778      0.062890407  
      5180   1.8006874     -0.4387772      2.6470104      2.2082332      0.071687976  
      5190   1.7971153     -0.39303332     2.6417595      2.2487262      0.094265582  
      5200   1.8504646     -0.42461677     2.720183       2.2955662      0.098195208  
      5210   1.8988161     -0.44257744     2.7912596      2.3486822      0.095470608  
      5220   1.9781316     -0.49882277     2.9078534      2.4090306      0.077252571  
      5230   1.9905184     -0.45451478     2.9260621      2.4715473      0.087842096  
      5240   2.0410533     -0.46582721     3.0003483      2.5345211      0.088841215  
      5250   2.0806882     -0.4600947      3.0586116      2.5985169      0.095224852  
      5260   2.0902442     -0.41364341     3.072659       2.6590155      0.11067429   
      5270   2.1244226     -0.40607517     3.1229013      2.7168261      0.11625787   
      5280   2.1481787     -0.3854004      3.1578227      2.7724223      0.12793938   
      5290   2.1607073     -0.3544437      3.1762397      2.821796       0.13513904   
      5300   2.1820636     -0.3425982      3.2076335      2.8650353      0.12655276   
      5310   2.2883161     -0.46018967     3.3638247      2.903635       0.088188954  
      5320   2.285896      -0.42750304     3.3602671      2.932764       0.092486386  
      5330   2.2876937     -0.41045353     3.3629097      2.9524562      0.097327562  
      5340   2.2972308     -0.41439762     3.3769293      2.9625317      0.096712996  
      5350   2.3085426     -0.43092889     3.3935576      2.9626288      0.093156368  
      5360   2.3192309     -0.45722288     3.4092694      2.9520466      0.089257823  
      5370   2.3058215     -0.45929983     3.3895575      2.9302577      0.093298264  
      5380   2.2722727     -0.44296522     3.3402409      2.8972757      0.10017115   
      5390   2.2808243     -0.50011251     3.3528117      2.8526992      0.089133803  
      5400   2.2234037     -0.47153107     3.2684035      2.7968724      0.10008989   
      5410   2.1313526     -0.39927451     3.1330883      2.7338138      0.11546943   
      5420   2.134674      -0.47535349     3.1379707      2.6626172      0.087611697  
      5430   2.0541361     -0.43328487     3.0195801      2.5862952      0.084435588  
      5440   1.9836817     -0.40769283     2.9160121      2.5083192      0.079327229  
      5450   1.9295955     -0.40414012     2.8365054      2.4323653      0.070804496  
      5460   1.888174      -0.41579513     2.7756158      2.3598207      0.062403887  
      5470   1.8351955     -0.40466948     2.6977374      2.2930679      0.064644521  
      5480   1.7886227     -0.39524916     2.6292754      2.2340262      0.06882539   
      5490   1.7662598     -0.41280161     2.5964018      2.1836002      0.067808544  
      5500   1.7272071     -0.39706746     2.5389944      2.1419269      0.075993368  
      5510   1.7072004     -0.3996975      2.5095846      2.1098871      0.078165181  
      5520   1.7072203     -0.42326615     2.5096139      2.0863477      0.07302212   
      5530   1.6910806     -0.41481126     2.4858885      2.0710772      0.07524778   
      5540   1.6665114     -0.38534162     2.4497718      2.0644302      0.080148635  
      5550   1.7073592     -0.44422146     2.509818       2.0655965      0.063690526  
      5560   1.7051366     -0.43217051     2.5065508      2.0743803      0.064673407  
      5570   1.7150124     -0.4309439      2.5210683      2.0901243      0.065449006  
      5580   1.7335444     -0.43550236     2.5483103      2.112808       0.065021817  
      5590   1.7736275     -0.46512908     2.6072324      2.1421033      0.06072709   
      5600   1.8056723     -0.47678996     2.6543382      2.1775483      0.065998078  
      5610   1.7969797     -0.42359802     2.6415601      2.2179621      0.091018081  
      5620   1.809311      -0.39698346     2.6596872      2.2627037      0.10608992   
      5630   1.9016644     -0.48289432     2.7954467      2.3125524      0.0905618    
      5640   1.8727955     -0.38687725     2.7530094      2.3661322      0.11373505   
      5650   1.9794208     -0.48976277     2.9097485      2.4199857      0.090310281  
      5660   1.9734812     -0.42700945     2.9010174      2.4740079      0.1048143    
      5670   2.0202577     -0.44402278     2.9697789      2.5257561      0.10264497   
      5680   1.9965189     -0.36135858     2.9348827      2.5735241      0.12324556   
      5690   2.0981077     -0.4687741      3.0842183      2.6154442      0.099471506  
      5700   2.0737184     -0.39659396     3.0483661      2.6517721      0.11431722   
      5710   2.1299038     -0.45153954     3.1309585      2.679419       0.09964761   
      5720   2.1244704     -0.42372025     3.1229714      2.6992512      0.10370787   
      5730   2.1057204     -0.38416654     3.0954089      2.7112424      0.10877963   
      5740   2.1276557     -0.40991282     3.1276539      2.7177411      0.093152308  
      5750   2.1386768     -0.42462368     3.1438548      2.7192312      0.082816197  
      5760   2.0930165     -0.35976989     3.0767343      2.7169644      0.095490259  
      5770   2.1131661     -0.39430174     3.1063542      2.7120525      0.088547962  
      5780   2.0606079     -0.32392973     3.0290936      2.7051639      0.1050357    
      5790   2.0377847     -0.297441       2.9955435      2.6981025      0.10443829   
      5800   2.0600305     -0.33748541     3.0282449      2.6907595      0.083078914  
      5810   2.0385771     -0.31396313     2.9967083      2.6827452      0.08085008   
      5820   2.0269623     -0.3054323      2.9796346      2.6742023      0.082543019  
      5830   2.0286663     -0.31693606     2.9821395      2.6652034      0.087306844  
      5840   1.9643297     -0.2310197      2.8875647      2.6565449      0.11509249   
      5850   1.9866036     -0.2715602      2.9203072      2.648747       0.10499982   
      5860   2.0182343     -0.32529043     2.9668044      2.641514       0.086478999  
      5870   1.9944881     -0.29787024     2.9318975      2.6340272      0.091891933  
      5880   1.9538798     -0.24553176     2.8722033      2.6266715      0.10676139   
      5890   1.8909391     -0.15756985     2.7796804      2.6221106      0.12402295   
      5900   2.0165293     -0.34706611     2.964298       2.6172319      0.079285012  
      5910   1.981774      -0.30047736     2.9132078      2.6127305      0.091537784  
      5920   1.9995509     -0.33047036     2.9393399      2.6088695      0.087031866  
      5930   2.0266647     -0.37396692     2.979197       2.6052301      0.07987852   
      5940   2.0135134     -0.35944212     2.9598648      2.6004226      0.092313664  
      5950   2.0022077     -0.34831425     2.9432453      2.594931       0.10253551   
      5960   1.9835649     -0.32684969     2.9158404      2.5889907      0.10656217   
      5970   1.9984143     -0.35448434     2.937669       2.5831846      0.092932591  
      5980   2.0021393     -0.36636297     2.9431448      2.5767819      0.080807816  
      5990   1.9819286     -0.34325446     2.913435       2.5701806      0.080447417  
      6000   1.9887322     -0.36019155     2.9234363      2.5632448      0.076327063  
      6010   1.967858      -0.33690919     2.8927513      2.5558421      0.085380072  
      6020   1.9522269     -0.32079311     2.8697735      2.5489804      0.089551496  
      6030   1.9830712     -0.37264386     2.9151147      2.5424708      0.075707278  
      6040   1.9750851     -0.36748361     2.9033751      2.5358915      0.079547732  
      6050   1.9639608     -0.35852797     2.8870224      2.5284944      0.091276202  
      6060   1.8897367     -0.25508166     2.777913       2.5228313      0.11963158   
      6070   1.9656665     -0.3713001      2.8895297      2.5182296      0.08974774   
      6080   1.9520641     -0.35520962     2.8695343      2.5143246      0.089530158  
      6090   1.9900547     -0.4144743      2.9253804      2.5109061      0.076131566  
      6100   1.995003      -0.42497014     2.9326544      2.5076842      0.080760935  
      6110   1.9663788     -0.38651866     2.8905768      2.5040581      0.10267223   
      6120   1.950073      -0.36536419     2.8666074      2.5012432      0.11658311   
      6130   2.0018609     -0.4442528      2.9427356      2.4984828      0.10249779   
      6140   1.9202193     -0.32555861     2.8227224      2.4971638      0.12384918   
      6150   1.982251      -0.41718589     2.913909       2.4967231      0.092365716  
      6160   1.9878753     -0.42508588     2.9221767      2.4970908      0.081752497  
      6170   1.963446      -0.38819743     2.8862656      2.4980682      0.085766855  
      6180   1.949896      -0.3659615      2.8663471      2.5003856      0.088605618  
      6190   1.9527677     -0.36601882     2.8705685      2.5045496      0.087068256  
      6200   1.9319692     -0.32935484     2.8399947      2.5106399      0.093631514  
      6210   1.9756701     -0.38519962     2.904235       2.5190354      0.076616116  
      6220   1.9879514     -0.3929197      2.9222886      2.5293689      0.074416951  
      6230   1.946894      -0.32069532     2.8619342      2.5412388      0.096955712  
      6240   1.984015      -0.36131587     2.916502       2.5551861      0.093678031  
      6250   1.9832091     -0.34422881     2.9153174      2.5710886      0.1023146    
      6260   1.9430751     -0.26704011     2.8563205      2.5892803      0.11390414   
      6270   2.009925      -0.34165404     2.9545897      2.6129356      0.085384425  
      6280   1.9721074     -0.26149009     2.8989979      2.6375079      0.099423625  
      6290   2.0329852     -0.3242074      2.9884882      2.6642808      0.084037339  
      6300   2.0634225     -0.33972482     3.033231       2.6935062      0.083672501  
      6310   2.0719338     -0.32231987     3.0457427      2.7234229      0.099261061  
      6320   2.0690432     -0.28784136     3.0414936      2.7536522      0.12076453   
      6330   2.1037644     -0.30876681     3.0925336      2.7837668      0.12384016   
      6340   2.1127609     -0.29262091     3.1057585      2.8131376      0.12321686   
      6350   2.1699158     -0.34888349     3.1897762      2.8408927      0.099505387  
      6360   2.2021132     -0.37042818     3.2371064      2.8666782      0.087511298  
      6370   2.1938769     -0.33729052     3.224999       2.8877085      0.097373952  
      6380   2.1839049     -0.30647105     3.2103402      2.9038691      0.10851901   
      6390   2.2156883     -0.34219575     3.2570618      2.914866       0.10094789   
      6400   2.1769092     -0.27988483     3.2000565      2.9201716      0.11289484   
      6410   2.1950757     -0.30751075     3.2267613      2.9192506      0.10063598   
      6420   2.2076557     -0.3332282      3.2452538      2.9120256      0.087152285  
      6430   2.1963831     -0.33150175     3.2286832      2.8971815      0.085264275  
      6440   2.1819399     -0.33327417     3.2074516      2.8741774      0.087911523  
      6450   2.1601426     -0.33275005     3.1754096      2.8426595      0.094614913  
      6460   2.081562      -0.25572969     3.0598962      2.8041665      0.11598808   
      6470   2.1005427     -0.32967188     3.0877978      2.758126       0.09737553   
      6480   2.0670754     -0.33334542     3.0386009      2.7052555      0.094457342  
      6490   2.010583      -0.30915409     2.9555571      2.646403       0.099383291  
      6500   1.9558736     -0.29032678     2.8751342      2.5848074      0.097360314  
      6510   1.903452      -0.27681512     2.7980745      2.5212594      0.091160089  
      6520   1.8763455     -0.29987935     2.7582279      2.4583486      0.077410509  
      6530   1.8393661     -0.30675248     2.7038681      2.3971156      0.068642093  
      6540   1.8023031     -0.31018223     2.6493855      2.3392033      0.06574432   
      6550   1.772075      -0.31885782     2.6049502      2.2860924      0.067364078  
      6560   1.749814      -0.33418466     2.5722266      2.2380419      0.074170513  
      6570   1.66859       -0.25452558     2.4528274      2.1983018      0.09980471   
      6580   1.7532485     -0.41363676     2.5772753      2.1636385      0.068300728  
      6590   1.6620989     -0.30678395     2.4432854      2.1365014      0.097927772  
      6600   1.7085437     -0.39545618     2.5115592      2.116103       0.081641711  
      6610   1.6961914     -0.3906431      2.4934013      2.1027582      0.08444516   
      6620   1.7414945     -0.4639919      2.5599969      2.096005       0.071666209  
      6630   1.735489      -0.45516111     2.5511689      2.0960078      0.078058424  
      6640   1.766369      -0.49386869     2.5965625      2.1026938      0.073352954  
      6650   1.7766839     -0.49514033     2.6117253      2.116585       0.077866796  
      6660   1.7553626     -0.44209855     2.580383       2.1382844      0.092157126  
      6670   1.8144219     -0.49783561     2.6672002      2.1693646      0.076676226  
      6680   1.7678748     -0.38830279     2.5987759      2.2104731      0.099726218  
      6690   1.847497      -0.45274054     2.7158206      2.26308        0.079706893  
      6700   1.9108349     -0.47625244     2.8089274      2.3326749      0.069610377  
      6710   1.9315436     -0.42420599     2.8393691      2.4151631      0.084364457  
      6720   1.9855485     -0.40784832     2.9187562      2.5109079      0.090436848  
      6730   2.0521096     -0.3989137      3.0166011      2.6176874      0.090265455  
      6740   2.1281317     -0.39635221     3.1283537      2.7320014      0.087947599  
      6750   2.1364812     -0.29487556     3.1406273      2.8457518      0.10908856   
      6760   2.2421441     -0.34355765     3.2959518      2.9523942      0.095455801  
      6770   2.2589049     -0.27186402     3.3205903      3.0487262      0.10763346   
      6780   2.3367649     -0.30643112     3.4350444      3.1286133      0.096848205  
      6790   2.3750697     -0.2996024      3.4913524      3.19175        0.10094444   
      6800   2.2329436     -0.045724192    3.2824271      3.2367029      0.16137516   
      6810   2.4006962     -0.26496323     3.5290235      3.2640602      0.11148046   
      6820   2.4000931     -0.25033285     3.5281369      3.277804       0.11236584   
      6830   2.3430599     -0.16725047     3.444298       3.2770475      0.13081855   
      6840   2.3833049     -0.23954072     3.5034582      3.2639175      0.11010859   
      6850   2.3750679     -0.25155447     3.4913498      3.2397953      0.10054105   
      6860   2.3569669     -0.25908455     3.4647414      3.2056568      0.096890514  
      6870   2.3264335     -0.25652207     3.4198572      3.1633352      0.10186178   
      6880   2.2737811     -0.2269137      3.3424583      3.1155446      0.11465666   
      6890   2.2720497     -0.27642391     3.3399131      3.0634892      0.10715856   
      6900   2.1716158     -0.18254616     3.1922752      3.009729       0.12890756   
      6910   2.2007932     -0.27917205     3.2351659      2.9559939      0.1027688    
      6920   2.1700238     -0.28750942     3.189935       2.9024256      0.093571298  
      6930   2.1367383     -0.29080096     3.1410052      2.8502043      0.090941143  
      6940   2.1274671     -0.32748879     3.1273767      2.7998879      0.086906249  
      6950   2.0795708     -0.30483202     3.056969       2.752137       0.10330518   
      6960   1.9775158     -0.19749126     2.9069482      2.7094569      0.13552021   
      6970   2.0634748     -0.36302249     3.033308       2.6702855      0.09930765   
      6980   2.0395657     -0.36372226     2.9981615      2.6344393      0.098644963  
      6990   2.0080602     -0.35007605     2.9518485      2.6017725      0.10128659   
      7000   1.983922      -0.34360231     2.9163654      2.5727631      0.096696809  
      7010   1.9663947     -0.34347165     2.8906002      2.5471285      0.089735822  
      7020   1.9523587     -0.34517572     2.8699672      2.5247915      0.084965813  
      7030   1.9027283     -0.29092021     2.7970106      2.5060904      0.09599645   
      7040   1.9081545     -0.31311341     2.8049872      2.4918738      0.087661908  
      7050   1.9071563     -0.32177904     2.8035197      2.4817407      0.080701781  
      7060   1.8804276     -0.28958461     2.7642286      2.474644       0.085493849  
      7070   1.8548073     -0.25570276     2.7265667      2.4708639      0.088898529  
      7080   1.8801452     -0.29295916     2.7638135      2.4708543      0.073035839  
      7090   1.879043      -0.28765877     2.7621932      2.4745344      0.067917015  
      7100   1.8789922     -0.28084599     2.7621185      2.4812725      0.068515172  
      7110   1.8923587     -0.29052243     2.7817672      2.4912448      0.070365908  
      7120   1.8797475     -0.25938685     2.7632288      2.5038419      0.086411803  
      7130   1.8874846     -0.25482177     2.7746024      2.5197806      0.095913174  
      7140   1.9098749     -0.26814593     2.807516       2.5393701      0.099107343  
      7150   1.9263806     -0.27020465     2.8317795      2.5615748      0.10226596   
      7160   1.9416198     -0.26697253     2.8541811      2.5872086      0.10313076   
      7170   1.9435478     -0.24156634     2.8570153      2.6154489      0.10592392   
      7180   2.0213906     -0.32461198     2.9714441      2.6468322      0.081880201  
      7190   2.033073      -0.30802726     2.9886172      2.68059        0.085365384  
      7200   2.0560426     -0.30697395     3.0223827      2.7154087      0.09383521   
      7210   2.0374473     -0.24283305     2.9950476      2.7522145      0.11758337   
      7220   2.0513931     -0.22437866     3.0155478      2.7911691      0.12401616   
      7230   2.1258129     -0.29094483     3.1249449      2.8340001      0.10160328   
      7240   2.1783272     -0.32060743     3.202141       2.8815335      0.086210188  
      7250   2.2020031     -0.30494263     3.2369445      2.9320019      0.090048384  
      7260   2.1718564     -0.20685893     3.192629       2.98577        0.11668255   
      7270   2.2695129     -0.29088597     3.336184       3.045298       0.098683823  
      7280   2.3439843     -0.33346923     3.445657       3.1121877      0.090921098  
      7290   2.3785383     -0.31347675     3.4964514      3.1829746      0.10707872   
      7300   2.3917988     -0.26002541     3.5159443      3.2559189      0.12868241   
      7310   2.4984783     -0.34150574     3.6727631      3.3312574      0.11064038   
      7320   2.5427726     -0.33504423     3.7378758      3.4028315      0.11041152   
      7330   2.5867891     -0.33705429     3.8025799      3.4655256      0.10785814   
      7340   2.6129274     -0.32632271     3.8410032      3.5146805      0.11045843   
      7350   2.6166415     -0.30051691     3.846463       3.545946       0.11955795   
      7360   2.6436245     -0.33032145     3.8861281      3.5558066      0.11700878   
      7370   2.6327303     -0.32959117     3.8701135      3.5405223      0.12158392   
      7380   2.5790969     -0.29296721     3.7912725      3.4983053      0.13168452   
      7390   2.5016529     -0.248334       3.6774297      3.4290957      0.14059123   
      7400   2.5166152     -0.36359735     3.6994243      3.335827       0.11045235   
      7410   2.4484204     -0.3813227      3.599178       3.2178553      0.10193439   
      7420   2.3237861     -0.32982952     3.4159656      3.086136       0.11259102   
      7430   2.2396525     -0.34257568     3.2922892      2.9497136      0.10896509   
      7440   2.1989469     -0.41542649     3.2324519      2.8170254      0.090735897  
      7450   2.1115537     -0.4092675      3.1039839      2.6947164      0.091754668  
      7460   2.072292      -0.45801203     3.0462692      2.5882571      0.085799301  
      7470   2.0126407     -0.4622167      2.9585818      2.4963652      0.098336773  
      7480   1.918655      -0.39917113     2.8204229      2.4212518      0.12920486   
      7490   1.9008995     -0.43266764     2.7943222      2.3616546      0.12336424   
      7500   1.9281099     -0.52327411     2.8343216      2.3110475      0.092943623  
      7510   1.880426      -0.49515518     2.7642263      2.2690711      0.091266304  
      7520   1.8303533     -0.4557186      2.6906193      2.2349007      0.097751365  
      7530   1.7912162     -0.42394644     2.6330878      2.2091413      0.099677684  
      7540   1.785461      -0.43397591     2.6246276      2.1906517      0.083454775  
      7550   1.7769865     -0.43372959     2.6121701      2.1784406      0.06711619   
      7560   1.7518188     -0.40262662     2.5751736      2.172547       0.061803627  
      7570   1.7340611     -0.3760202      2.5490697      2.1730495      0.060603862  
      7580   1.7377246     -0.37428858     2.5544551      2.1801666      0.05778824   
      7590   1.7492485     -0.37732718     2.5713953      2.1940681      0.058132873  
      7600   1.7652206     -0.38010216     2.5948743      2.2147722      0.06220996   
      7610   1.7975784     -0.40002618     2.6424402      2.242414       0.064714269  
      7620   1.8327448     -0.41771152     2.6941348      2.2764233      0.070112094  
      7630   1.8612798     -0.41953967     2.7360813      2.3165416      0.080625718  
      7640   1.8974853     -0.4273465      2.7893034      2.3619569      0.090390831  
      7650   1.8723793     -0.34042771     2.7523976      2.4119699      0.11570975   
      7660   2.0004605     -0.47371434     2.9406769      2.4669625      0.086055556  
      7670   1.944985      -0.33322004     2.859128       2.525908       0.11578382   
      7680   2.0501347     -0.42910107     3.013698       2.5845969      0.089350743  
      7690   2.0961621     -0.43569856     3.0813583      2.6456597      0.081406098  
      7700   2.0988716     -0.38093293     3.0853413      2.7044084      0.092325209  
      7710   2.1651457     -0.42245102     3.1827642      2.7603132      0.084813368  
      7720   2.1480799     -0.34569923     3.1576774      2.8119782      0.10551941   
      7730   2.1825618     -0.35009111     3.2083659      2.8582748      0.10564164   
      7740   2.237618      -0.38991174     3.2892985      2.8993867      0.094848977  
      7750   2.2323573     -0.34793565     3.2815652      2.9336295      0.10430608   
      7760   2.2503051     -0.34780608     3.3079485      2.9601424      0.1040832    
      7770   2.2713064     -0.35971635     3.3388204      2.9791041      0.10081572   
      7780   2.249305      -0.31686216     3.3064784      2.9896162      0.11443125   
      7790   2.2523535     -0.3177242      3.3109597      2.9932355      0.11987461   
      7800   2.3136734     -0.4133241      3.4010999      2.9877758      0.1050494    
      7810   2.2578141     -0.34819538     3.3189867      2.9707914      0.13439109   
      7820   2.1609364     -0.23092637     3.1765765      2.9456501      0.17144571   
      7830   2.2960741     -0.46439446     3.3752289      2.9108344      0.11475204   
      7840   2.2157234     -0.39619777     3.2571134      2.8609157      0.12553842   
      7850   2.1621653     -0.37798282     3.178383       2.8004001      0.12482242   
      7860   2.1575742     -0.44751502     3.171634       2.724119       0.097816842  
      7870   2.0908061     -0.44008179     3.073485       2.6334032      0.092750927  
      7880   2.0184718     -0.43732686     2.9671535      2.5298266      0.090492523  
      7890   1.8719467     -0.33042074     2.7517617      2.421341       0.10840545   
      7900   1.8398424     -0.39127294     2.7045683      2.3132954      0.079302511  
      7910   1.7664229     -0.38669678     2.5966417      2.2099449      0.062856372  
      7920   1.660648      -0.32134155     2.4411526      2.1198111      0.066103612  
      7930   1.6187139     -0.33307089     2.3795095      2.0464386      0.056601316  
      7940   1.5834544     -0.33795529     2.327678       1.9897227      0.055306164  
      7950   1.5016477     -0.25733899     2.2074221      1.9500831      0.078452558  
      7960   1.5315843     -0.32564055     2.251429       1.9257884      0.065260479  
      7970   1.4876437     -0.27226504     2.1868363      1.9145712      0.077922275  
      7980   1.5134184     -0.30965037     2.224725       1.9150746      0.067947123  
      7990   1.5230139     -0.3126768      2.2388304      1.9261536      0.06233158   
      8000   1.5264651     -0.29805287     2.2439037      1.9458509      0.061602743  
      8010   1.5541061     -0.3114176      2.284536       1.9731184      0.055465713  
      8020   1.5729726     -0.30532284     2.3122698      2.0069469      0.057118026  
      8030   1.5851298     -0.28417685     2.3301407      2.0459639      0.065072468  
      8040   1.60091       -0.26415763     2.3533378      2.0891801      0.07158548   
      8050   1.6507138     -0.29071274     2.4265493      2.1358365      0.064688506  
      8060   1.6932295     -0.30381328     2.4890473      2.185234       0.060893962  
      8070   1.7323216     -0.31084202     2.5465127      2.2356707      0.062006719  
      8080   1.7689227     -0.31424733     2.6003163      2.286069       0.068039135  
      8090   1.7987914     -0.30861404     2.6442234      2.3356094      0.077819874  
      8100   1.849542      -0.33469956     2.7188267      2.3841272      0.079705727  
      8110   1.8849301     -0.33969078     2.7708473      2.4311565      0.085717482  
      8120   1.9029562     -0.32131438     2.7973456      2.4760312      0.095082976  
      8130   1.9359606     -0.32767361     2.8458621      2.5181885      0.097221853  
      8140   1.9980515     -0.37907532     2.9371357      2.5580603      0.093111544  
      8150   1.9782539     -0.31197108     2.9080333      2.5960622      0.11991583   
      8160   2.0007041     -0.30926899     2.941035       2.631766       0.12518773   
      8170   2.0908053     -0.4086582      3.0734838      2.6648255      0.10043943   
      8180   2.0689386     -0.34683728     3.0413397      2.6945025      0.11568845   
      8190   2.0165181     -0.24423868     2.9642817      2.720043       0.13746999   
      8200   2.0546415     -0.27632632     3.020323       2.7439967      0.11633033   
      8210   2.1082523     -0.33379597     3.0991308      2.7653349      0.087364239  
      8220   2.1083412     -0.31558419     3.0992615      2.7836773      0.083555839  
      8230   2.0947744     -0.28125834     3.0793184      2.79806        0.092331394  
      8240   2.0693043     -0.23214943     3.0418774      2.8097279      0.10525851   
      8250   2.130422      -0.31306718     3.1317203      2.8186531      0.086770195  
      8260   2.1480908     -0.33336512     3.1576934      2.8243283      0.085825503  
      8270   2.1305113     -0.30694349     3.1318516      2.8249081      0.10418533   
      8280   2.0790406     -0.23514983     3.0561896      2.8210398      0.13312742   
      8290   2.0652979     -0.21895427     3.035988       2.8170337      0.13492977   
      8300   2.1324581     -0.32522532     3.1347134      2.8094881      0.096976823  
      8310   2.1224353     -0.32246126     3.1199799      2.7975186      0.084879361  
      8320   2.0955962     -0.30030892     3.0805265      2.7802176      0.086549394  
      8330   2.0288255     -0.22298208     2.9823735      2.7593914      0.10298827   
      8340   2.0649326     -0.3009743      3.0354509      2.7344766      0.084568018  
      8350   2.0406946     -0.29512312     2.999821       2.7046979      0.087724028  
      8360   2.0088805     -0.28334547     2.9530543      2.6697088      0.093891682  
      8370   2.0022661     -0.31294688     2.9433312      2.6303843      0.087762082  
      8380   1.9984364     -0.35295756     2.9377015      2.5847439      0.078536962  
      8390   1.9390357     -0.31706331     2.8503825      2.5333192      0.088098     
      8400   1.9025585     -0.31988236     2.7967609      2.4768786      0.085804975  
      8410   1.8544787     -0.30938872     2.7260837      2.416695       0.082101698  
      8420   1.8272469     -0.33212992     2.6860529      2.353923       0.069871416  
      8430   1.7914545     -0.34385477     2.6334381      2.2895833      0.06428954   
      8440   1.7355042     -0.32533568     2.5511912      2.2258555      0.071707102  
      8450   1.6789796     -0.30224753     2.4681         2.1658525      0.080350866  
      8460   1.6462184     -0.30888055     2.4199411      2.1110605      0.078600243  
      8470   1.6269718     -0.32908373     2.3916485      2.0625648      0.072664742  
      8480   1.600321      -0.33178702     2.3524719      2.0206849      0.073401856  
      8490   1.5348843     -0.26820741     2.25628        1.9880725      0.088702404  
      8500   1.5529533     -0.31899563     2.2828414      1.9638458      0.078741523  
      8510   1.5463175     -0.32430345     2.2730867      1.9487833      0.077725617  
      8520   1.5509439     -0.33627136     2.2798876      1.9436162      0.069687031  
      8530   1.5595638     -0.34408004     2.2925589      1.9484788      0.061808063  
      8540   1.5502475     -0.31447565     2.2788638      1.9643882      0.065653262  
      8550   1.5273015     -0.25236383     2.2451333      1.9927694      0.077492611  
      8560   1.561902      -0.26055191     2.2959959      2.035444       0.069582458  
      8570   1.6036584     -0.26197494     2.3573779      2.095403       0.061338793  
      8580   1.6393596     -0.23712075     2.4098586      2.1727378      0.062051729  
      8590   1.689348      -0.21667192     2.4833416      2.2666697      0.064963549  
      8600   1.7540249     -0.20412704     2.5784167      2.3742896      0.068360775  
      8610   1.828382      -0.19857487     2.6877216      2.4891467      0.07207516   
      8620   1.9075612     -0.20132245     2.8041149      2.6027925      0.075905109  
      8630   1.9858546     -0.211894       2.9192063      2.7073123      0.080727876  
      8640   2.0496058     -0.21586822     3.0129205      2.7970523      0.090634399  
      8650   2.0783066     -0.1851818      3.0551107      2.8699289      0.10938267   
      8660   2.1356222     -0.21247632     3.1393646      2.9268883      0.11040743   
      8670   2.210724      -0.2791407      3.2497643      2.9706236      0.1003392    
      8680   2.1326645     -0.13300942     3.1350167      3.0020073      0.13835851   
      8690   2.2054169     -0.21875416     3.2419628      3.0232087      0.11491061   
      8700   2.2252716     -0.23401286     3.2711492      3.0371364      0.099274491  
      8710   2.2172919     -0.21705818     3.259419       3.0423608      0.094092336  
      8720   2.2080445     -0.20531023     3.2458254      3.0405152      0.091289462  
      8730   2.2009926     -0.20343096     3.2354592      3.0320282      0.090315031  
      8740   2.2009465     -0.21794864     3.2353914      3.0174428      0.090068012  
      8750   2.1951754     -0.23004843     3.2269079      2.9968595      0.095311339  
      8760   2.1612954     -0.20636236     3.1771042      2.9707418      0.11027739   
      8770   2.1549435     -0.22770059     3.167767       2.9400664      0.1096243    
      8780   2.149076      -0.25435826     3.1591418      2.9047835      0.10352473   
      8790   2.1354305     -0.2744545      3.1390829      2.8646284      0.099544335  
      8800   2.090326      -0.25228038     3.0727792      2.8204988      0.10461929   
      8810   2.0736724     -0.27436368     3.0482984      2.7739347      0.097102845  
      8820   2.0468002     -0.28411003     3.0087963      2.7246862      0.093137242  
      8830   1.9875157     -0.24627158     2.921648       2.6753765      0.098777419  
      8840   1.9933436     -0.30445979     2.930215       2.6257552      0.080280739  
      8850   1.948878      -0.28815843     2.8648507      2.5766923      0.084266435  
      8860   1.917651      -0.28940474     2.8189469      2.5295422      0.089242864  
      8870   1.8974782     -0.30457323     2.7892929      2.4847197      0.09241787   
      8880   1.8347676     -0.25355315     2.6971083      2.4435552      0.10760921   
      8890   1.8474228     -0.30877014     2.7157116      2.4069414      0.091391102  
      8900   1.8428829     -0.33477497     2.7090379      2.3742629      0.076475379  
      8910   1.8302516     -0.34548247     2.6904698      2.3449873      0.068133748  
      8920   1.811946      -0.34369669     2.6635607      2.319864       0.068522188  
      8930   1.7922288     -0.3352759      2.6345763      2.2993004      0.076511162  
      8940   1.7489522     -0.28690493     2.5709597      2.2840548      0.095363433  
      8950   1.7596102     -0.31221317     2.5866269      2.2744138      0.090375874  
      8960   1.7662525     -0.32589823     2.5963912      2.270493       0.083441742  
      8970   1.6842618     -0.20270966     2.4758648      2.2731552      0.10600819   
      8980   1.7252193     -0.25284878     2.5360724      2.2832236      0.08437725   
      8990   1.7401669     -0.25517741     2.5580453      2.3028679      0.070462048  
      9000   1.7429573     -0.22949525     2.5621472      2.3326519      0.067489697  
      9010   1.7587522     -0.21086096     2.5853658      2.3745048      0.068219833  
      9020   1.7913806     -0.20251981     2.6333295      2.4308097      0.071199746  
      9030   1.8403136     -0.20116177     2.7052609      2.5040992      0.076013145  
      9040   1.9137534     -0.21719907     2.8132175      2.5960184      0.079547359  
      9050   1.9935197     -0.22491277     2.930474       2.7055612      0.088474944  
      9060   2.0474005     -0.18223607     3.0096788      2.8274427      0.10857233   
      9070   2.1948577     -0.27138445     3.2264408      2.9550563      0.095821952  
      9080   2.2913537     -0.28791804     3.36829        3.0803719      0.10350102   
      9090   2.2778196     -0.15858651     3.3483948      3.1898083      0.14655053   
      9100   2.4065821     -0.25819523     3.5376757      3.2794805      0.12894728   
      9110   2.4149808     -0.20063297     3.5500217      3.3493888      0.13747695   
      9120   2.4906509     -0.26559357     3.6612568      3.3956632      0.11739918   
      9130   2.4916077     -0.24195633     3.6626633      3.4207069      0.11775671   
      9140   2.4941722     -0.24051444     3.6664331      3.4259186      0.11391556   
      9150   2.5082248     -0.27397977     3.6870905      3.4131107      0.10297599   
      9160   2.489432      -0.27537931     3.6594651      3.3840858      0.10423317   
      9170   2.4637664     -0.2804491      3.6217367      3.3412876      0.10825084   
      9180   2.4062554     -0.25000194     3.5371954      3.2871935      0.11954427   
      9190   2.4063263     -0.31322        3.5372996      3.2240796      0.10796855   
      9200   2.3667565     -0.32429761     3.4791321      3.1548345      0.10832768   
      9210   2.3171086     -0.3255151      3.4061497      3.0806346      0.11516107   
      9220   2.1811741     -0.19822033     3.2063259      3.0081055      0.14474654   
      9230   2.2157445     -0.32000025     3.2571445      2.9371442      0.10676921   
      9240   2.1654422     -0.31419508     3.1832         2.8690049      0.093501845  
      9250   2.1170284     -0.30676673     3.1120318      2.8052651      0.085132427  
      9260   2.0740251     -0.30191369     3.0488169      2.7469033      0.082794485  
      9270   1.9809856     -0.21622835     2.9120488      2.6958205      0.10210586   
      9280   2.0164582     -0.31373994     2.9641935      2.6504536      0.082027343  
      9290   1.9488136     -0.25417675     2.864756       2.6105792      0.10072053   
      9300   1.9288348     -0.25773966     2.8353871      2.5776475      0.10101766   
      9310   1.9570195     -0.32746678     2.8768186      2.5493518      0.080963889  
      9320   1.9224368     -0.30094268     2.8259821      2.5250394      0.086517835  
      9330   1.9245377     -0.32435297     2.8290704      2.5047174      0.082110494  
      9340   1.9167525     -0.32952591     2.8176262      2.4881003      0.081152157  
      9350   1.9059402     -0.32712935     2.801732       2.4746027      0.08101777   
      9360   1.8919699     -0.31677745     2.7811958      2.4644183      0.081639773  
      9370   1.8880583     -0.31795093     2.7754457      2.4574947      0.079592409  
      9380   1.8826866     -0.3135616      2.7675494      2.4539878      0.079422256  
      9390   1.8736586     -0.3004481      2.7542781      2.45383        0.082115736  
      9400   1.8669327     -0.28727813     2.7443911      2.457113       0.083974779  
      9410   1.8795463     -0.29912106     2.7629331      2.463812       0.07967058   
      9420   1.8638254     -0.26542691     2.7398233      2.4743964      0.086010263  
      9430   1.8494425     -0.23035476     2.7186805      2.4883257      0.092816476  
      9440   1.892731      -0.27521477     2.7823146      2.5070998      0.078316634  
      9450   1.9120327     -0.27994762     2.8106881      2.5307405      0.073091079  
      9460   1.9236194     -0.2694814      2.8277205      2.5582391      0.077003885  
      9470   1.9451727     -0.26945307     2.8594038      2.5899508      0.081559336  
      9480   1.9868856     -0.29459555     2.9207219      2.6261263      0.082446965  
      9490   2.0203843     -0.30325003     2.969965       2.6667149      0.09229017   
      9500   1.9390393     -0.139961       2.8503878      2.7104268      0.13762623   
      9510   2.1033869     -0.33035623     3.0919787      2.7616225      0.091659163  
      9520   2.1246683     -0.30347483     3.1232625      2.8197876      0.093691971  
      9530   2.1486048     -0.27708972     3.158449       2.8813593      0.10152013   
      9540   2.1988976     -0.28488145     3.2323794      2.947498       0.10283003   
      9550   2.1921076     -0.20545803     3.2223982      3.0169402      0.12396809   
      9560   2.2906979     -0.27789104     3.3673259      3.0894348      0.10497227   
      9570   2.347976      -0.28534943     3.4515247      3.1661752      0.09634287   
      9580   2.3949709     -0.27838932     3.5206072      3.2422179      0.095469891  
      9590   2.4473689     -0.28259649     3.5976323      3.3150358      0.096561154  
      9600   2.5014044     -0.29469897     3.6770644      3.3823655      0.10087065   
      9610   2.5518665     -0.31064165     3.7512438      3.4406022      0.10902939   
      9620   2.5907682     -0.32288859     3.8084293      3.4855407      0.122558     
      9630   2.5987739     -0.30679205     3.8201976      3.5134056      0.1443694    
      9640   2.5493183     -0.224977       3.7474979      3.5225209      0.16892314   
      9650   2.6744684     -0.42351097     3.9314685      3.5079575      0.12590944   
      9660   2.5502655     -0.2845222      3.7488903      3.4643681      0.16099737   
      9670   2.5609074     -0.3743639      3.7645339      3.39017        0.13344928   
      9680   2.4582127     -0.32893228     3.6135726      3.2846404      0.12852964   
      9690   2.387108      -0.3565224      3.5090488      3.1525264      0.10692874   
      9700   2.3007448     -0.38096935     3.3820948      3.0011255      0.08816729   
      9710   2.1237423     -0.27588659     3.1219011      2.8460145      0.10650601   
      9720   2.0446578     -0.29798082     3.005647       2.7076662      0.095623697  
      9730   1.9718439     -0.31132904     2.8986105      2.5872814      0.082746047  
      9740   1.9110437     -0.32036394     2.8092343      2.4888704      0.075774787  
      9750   1.7761528     -0.19680025     2.6109446      2.4141444      0.10054453   
      9760   1.826436      -0.32762086     2.6848609      2.35724        0.069008007  
      9770   1.7672587     -0.28348201     2.5978703      2.3143883      0.080716135  
      9780   1.7688508     -0.31634757     2.6002106      2.2838631      0.076508866  
      9790   1.7433272     -0.29981406     2.562691       2.262877       0.083481144  
      9800   1.7218558     -0.28074894     2.5311281      2.2503791      0.090678795  
      9810   1.6913202     -0.24101046     2.4862407      2.2452303      0.098303104  
      9820   1.7145375     -0.2721788      2.5203701      2.2481913      0.085270418  
      9830   1.7528854     -0.31821827     2.5767415      2.2585232      0.06783186   
      9840   1.7161426     -0.24762526     2.5227296      2.2751044      0.082599933  
      9850   1.74961       -0.27421863     2.5719267      2.297708       0.076024641  
      9860   1.7691341     -0.27316703     2.6006272      2.3274602      0.077193724  
      9870   1.6889471     -0.11933956     2.4827523      2.3634127      0.11205801   
      9880   1.7982234     -0.23780632     2.6433883      2.405582       0.080673442  
      9890   1.7862784     -0.17004437     2.6258293      2.4557849      0.088400197  
      9900   1.8561501     -0.21695372     2.7285407      2.511587       0.073682475  
      9910   1.9028456     -0.22428416     2.797183       2.5728989      0.07393727   
      9920   1.9535796     -0.23420798     2.871762       2.637554       0.081504283  
      9930   2.0105668     -0.25172243     2.9555333      2.7038108      0.090228966  
      9940   2.0611039     -0.26022643     3.0298227      2.7695963      0.099242232  
      9950   2.0914345     -0.2417688      3.0744087      2.8326399      0.11063539   
      9960   2.1670921     -0.29455967     3.1856254      2.8910657      0.10400054   
      9970   2.1783469     -0.25874712     3.20217        2.9434228      0.11677639   
      9980   2.1284636     -0.13999846     3.1288414      2.988843       0.14556744   
      9990   2.2645987     -0.30337006     3.3289602      3.0255901      0.11268426   
     10000   2.1806547     -0.15025804     3.2055624      3.0553044      0.14717617   
     10010   2.2314725     -0.20361214     3.2802645      3.0766524      0.13340483   
     10020   2.3215578     -0.32449579     3.4126899      3.0881941      0.10736197   
     10030   2.2690315     -0.24508512     3.3354763      3.0903912      0.12667366   
     10040   2.3198617     -0.32795017     3.4101967      3.0822465      0.10572201   
     10050   2.1036658     -0.024837574    3.0923888      3.0675512      0.16624551   
     10060   2.2989597     -0.34012763     3.3794708      3.0393432      0.10221071   
     10070   2.2431043     -0.29377972     3.2973634      3.0035837      0.11902147   
     10080   2.228093      -0.31664019     3.2752967      2.9586565      0.11857135   
     10090   2.1821057     -0.30284967     3.2076954      2.9048457      0.12241291   
     10100   2.1704432     -0.345792       3.1905516      2.8447596      0.10884222   
     10110   2.1170023     -0.33427393     3.1119933      2.7777194      0.10518725   
     10120   2.0761437     -0.34731674     3.0519312      2.7046145      0.093939606  
     10130   1.9977089     -0.30702972     2.9366321      2.6296024      0.095881007  
     10140   1.954009      -0.31886904     2.8723933      2.5535242      0.088567711  
     10150   1.9131761     -0.33273532     2.8123689      2.4796336      0.081951879  
     10160   1.8958619     -0.37827575     2.7869169      2.4086412      0.071449813  
     10170   1.8252191     -0.34068638     2.6830721      2.3423858      0.087190092  
     10180   1.7871499     -0.34169667     2.6271103      2.2854136      0.094427975  
     10190   1.7900788     -0.39583772     2.6314158      2.2355781      0.086866109  
     10200   1.748258      -0.3760589      2.5699393      2.1938804      0.097395536  
     10210   1.6731153     -0.29628988     2.4594795      2.1631897      0.11500221   
     10220   1.7460077     -0.42579419     2.5666313      2.1408371      0.077203085  
     10230   1.7326052     -0.42043612     2.5469296      2.1264935      0.067304059  
     10240   1.7223025     -0.41188087     2.5317846      2.1199038      0.063409921  
     10250   1.7230423     -0.4124359      2.5328723      2.1204364      0.064427153  
     10260   1.6827078     -0.34603981     2.4735804      2.1275406      0.086445405  
     10270   1.7021041     -0.36094715     2.502093       2.1411459      0.085963352  
     10280   1.7664191     -0.43581048     2.5966361      2.1608256      0.069902126  
     10290   1.6711209     -0.27251011     2.4565477      2.1840376      0.10751232   
     10300   1.7843142     -0.41444831     2.6229418      2.2084935      0.07013752   
     10302   1.7882447     -0.41477327     2.6287198      2.2139465      0.06795992 
