Step          Temp          PotEng         KinEng         TotEng         Press     
       337   1             -5.1584292      1.4925        -3.6659292      0.15470981   
       340   0.95426667    -5.0894865      1.424243      -3.6652434      0.21560226   
       350   0.4778809     -4.3676211      0.71323724    -3.6543839      0.82517271   
       360   0.54542319    -4.4518988      0.81404411    -3.6378547      0.54369409   
       370   0.57183877    -4.4612334      0.85346937    -3.6077641      0.25014861   
       380   0.56963377    -4.4236548      0.85017841    -3.5734764      0.01425672   
       390   0.51147642    -4.3065476      0.76337855    -3.5431691     -0.10835042   
       400   0.48734398    -4.2451871      0.7273609     -3.5178262     -0.22897519   
       410   0.45698566    -4.1752036      0.6820511     -3.4931525     -0.28180027   
       420   0.40217145    -4.0691081      0.60024088    -3.4688672     -0.24950489   
       430   0.39663603    -4.0359699      0.59197927    -3.4439906     -0.26439427   
       440   0.41175904    -4.0312738      0.61455037    -3.4167234     -0.29642869   
       450   0.40981434    -3.9990758      0.61164791    -3.3874279     -0.27688087   
       460   0.39188347    -3.94347        0.58488607    -3.3585839     -0.21976452   
       470   0.4489902     -3.9980542      0.67011787    -3.3279363     -0.25853041   
       480   0.45661461    -3.9749038      0.6814973     -3.2934065     -0.20685004   
       490   0.45768161    -3.9422529      0.6830898     -3.2591631     -0.14151808   
       500   0.50225376    -3.9717942      0.74961373    -3.2221805     -0.15483514   
       510   0.53198802    -3.9758329      0.79399211    -3.1818408     -0.14185752   
       520   0.52788833    -3.928188       0.78787333    -3.1403146     -0.057505087  
       530   0.5509456     -3.9196875      0.82228631    -3.0974012      0.0083719389 
       540   0.5682604     -3.901214       0.84812865    -3.0530853      0.067960746  
       550   0.60261471    -3.9046163      0.89940245    -3.0052139      0.092375765  
       560   0.63540183    -3.903419       0.94833723    -2.9550817      0.11934744   
       570   0.69592994    -3.9397872      1.0386754     -2.9011118      0.099099658  
       580   0.73084408    -3.933304       1.0907848     -2.8425192      0.099698884  
       590   0.7319007     -3.8747387      1.0923618     -2.7823769      0.12017649   
       600   0.73901413    -3.8248929      1.1029786     -2.7219143      0.10852681   
       610   0.78672111    -3.833652       1.1741813     -2.6594708      0.048086141  
       620   0.78195321    -3.761647       1.1670652     -2.5945818      0.075545529  
       630   0.78294096    -3.6974971      1.1685394     -2.5289577      0.096835296  
       640   0.80940512    -3.6718114      1.2080371     -2.4637743      0.06139755   
       650   0.81219934    -3.6084302      1.2122075     -2.3962227      0.04348072   
       660   0.84711608    -3.5911415      1.2643208     -2.3268208     -0.01379925   
       670   0.86141768    -3.541001       1.2856659     -2.2553351     -0.037378355  
       680   0.89002251    -3.5105368      1.3283586     -2.1821782     -0.076762795  
       690   0.88997583    -3.4365604      1.3282889     -2.1082715     -0.061514374  
       700   0.88030959    -3.3485088      1.3138621     -2.0346467     -0.020172673  
       710   0.8869654     -3.2845318      1.3237959     -1.960736      -0.015682256  
       720   0.93023352    -3.2736629      1.3883735     -1.8852894     -0.079824599  
       730   0.97280197    -3.2571915      1.4519069     -1.8052845     -0.12127398   
       740   0.95256061    -3.1464327      1.4216967     -1.724736      -0.047970655  
       750   1.0029882     -3.1411805      1.4969599     -1.6442206     -0.058302802  
       760   1.0123761     -3.0717393      1.5109713     -1.560768      -0.027170674  
       770   1.0655153     -3.065132       1.5902815     -1.4748505     -0.054337564  
       780   1.1339642     -3.0776909      1.6924416     -1.3852493     -0.054526439  
       790   1.1033198     -2.9408679      1.6467048     -1.2941631      0.10988514   
       800   1.1505602     -2.9212262      1.7172111     -1.2040151      0.14870038   
       810   1.1978492     -2.8976502      1.7877899     -1.1098603      0.16822496   
       820   1.274732      -2.9152385      1.9025376     -1.0127009      0.14786679   
       830   1.3118626     -2.8705216      1.9579549     -0.91256668     0.18390648   
       840   1.3558852     -2.8346829      2.0236587     -0.81102426     0.20774471   
       850   1.3743449     -2.7598213      2.0512097     -0.70861154     0.24441849   
       860   1.4371236     -2.7493034      2.144907      -0.60439644     0.19240016   
       870   1.4796035     -2.7054134      2.2083082     -0.49710521     0.16382833   
       880   1.5340435     -2.6792148      2.2895599     -0.38965482     0.1300775    
       890   1.5253648     -2.5604063      2.276607      -0.28379931     0.20015397   
       900   1.5520431     -2.4947977      2.3164244     -0.17837333     0.23685269   
       910   1.596703      -2.4564315      2.3830793     -0.073352265    0.24669886   
       920   1.6580132     -2.4404454      2.4745847      0.0341393      0.22743653   
       930   1.665226      -2.3429109      2.4853498      0.14243888     0.2655048    
       940   1.7447449     -2.3534377      2.6040317      0.25059402     0.2149872    
       950   1.6845571     -2.1586108      2.5142014      0.35559059     0.35171841   
       960   1.8019815     -2.2293981      2.6894574      0.46005936     0.23164448   
       970   1.7778029     -2.0882929      2.6533708      0.5650779      0.29964999   
       980   1.846185      -2.0875623      2.7554311      0.66786883     0.24960535   
       990   1.8915647     -2.0521227      2.8231603      0.77103766     0.22917208   
      1000   1.9002496     -1.9653782      2.8361225      0.87074423     0.26261518   
      1010   1.9275524     -1.9089239      2.8768719      0.96794795     0.27351233   
      1020   1.9622942     -1.8660327      2.9287241      1.0626914      0.27621249   
      1030   2.0079611     -1.8412625      2.996882       1.1556195      0.27429895   
      1040   2.0355688     -1.7920675      3.0380864      1.2460189      0.30311948   
      1050   2.0439753     -1.7187801      3.0506332      1.3318531      0.34358484   
      1060   2.0588374     -1.6600979      3.0728148      1.4127169      0.34474595   
      1070   2.125496      -1.6806946      3.1723028      1.4916083      0.27608986   
      1080   2.15062       -1.6434813      3.2098004      1.5663191      0.28358686   
      1090   2.1438301     -1.5659699      3.1996664      1.6336966      0.33714066   
      1100   2.1839558     -1.5642731      3.2595541      1.695281       0.32395708   
      1110   2.1797998     -1.502283       3.2533512      1.7510682      0.36935472   
      1120   2.240009      -1.5430896      3.3432135      1.8001239      0.3145934    
      1130   2.244356      -1.5072431      3.3497013      1.8424582      0.32365013   
      1140   2.2348245     -1.4600004      3.3354755      1.8754752      0.36669873   
      1150   2.2231105     -1.4172698      3.3179924      1.9007226      0.40395242   
      1160   2.2522479     -1.4435074      3.36148        1.9179726      0.35519672   
      1170   2.2805192     -1.47672        3.4036749      1.9269549      0.29867499   
      1180   2.2179739     -1.383295       3.310326       1.927031       0.36547332   
      1190   2.2364946     -1.4185954      3.3379682      1.9193728      0.32217146   
      1200   2.2106563     -1.3960943      3.2994045      1.9033102      0.36030683   
      1210   2.1365612     -1.3076146      3.1888175      1.881203       0.45332686   
      1220   2.1586691     -1.3669335      3.2218136      1.8548801      0.38398635   
      1230   2.1082393     -1.322355       3.1465472      1.8241922      0.38538196   
      1240   2.1093902     -1.3582714      3.1482649      1.7899935      0.30506894   
      1250   2.1132154     -1.4011598      3.153974       1.7528142      0.23033586   
      1260   2.0709744     -1.377942       3.0909292      1.7129872      0.24294473   
      1270   2.0352318     -1.3663647      3.0375834      1.6712187      0.26684223   
      1280   2.0212794     -1.3870846      3.0167595      1.6296749      0.26016379   
      1290   1.9434306     -1.3112444      2.9005701      1.5893257      0.33753256   
      1300   1.9480093     -1.3566495      2.9074039      1.5507544      0.30387123   
      1310   1.8822945     -1.2939611      2.8093245      1.5153634      0.35016103   
      1320   1.8984012     -1.3499678      2.8333638      1.483396       0.28516124   
      1330   1.9202674     -1.4118017      2.865999       1.4541973      0.23181148   
      1340   1.8208369     -1.2901087      2.7175991      1.4274903      0.36165813   
      1350   1.8900379     -1.4149898      2.8208816      1.4058918      0.25623313   
      1360   1.7881605     -1.2795233      2.6688296      1.3893063      0.36631349   
      1370   1.83521       -1.3625146      2.739051       1.3765363      0.27989969   
      1380   1.8212266     -1.3491         2.7181808      1.3690808      0.28190069   
      1390   1.8291221     -1.3635051      2.7299647      1.3664596      0.26454606   
      1400   1.9080644     -1.4796928      2.847786       1.3680932      0.17495601   
      1410   1.8418254     -1.3758893      2.7489245      1.3730351      0.32095294   
      1420   1.8436907     -1.3706216      2.7517084      1.3810868      0.38017259   
      1430   1.809653      -1.3063747      2.7009071      1.3945324      0.45157321   
      1440   1.8636067     -1.3683416      2.781433       1.4130915      0.38751858   
      1450   1.9030475     -1.4041269      2.8402983      1.4361715      0.33679128   
      1460   1.9280039     -1.4156452      2.8775458      1.4619006      0.32062597   
      1470   1.946412      -1.4151398      2.9050199      1.4898801      0.31023913   
      1480   1.9856448     -1.443797       2.9635749      1.5197778      0.27631662   
      1490   1.9458116     -1.3542053      2.9041238      1.5499185      0.37631019   
      1500   1.9964779     -1.3973004      2.9797433      1.5824429      0.36469485   
      1510   2.0202699     -1.4005281      3.0152528      1.6147247      0.37804105   
      1520   2.0180732     -1.3648423      3.0119743      1.6471319      0.39806481   
      1530   2.0212077     -1.3363568      3.0166524      1.6802957      0.3924365    
      1540   2.0891453     -1.406278       3.1180494      1.7117714      0.29251706   
      1550   2.0898036     -1.3772979      3.1190319      1.7417339      0.29172645   
      1560   2.0942958     -1.3567403      3.1257364      1.7689961      0.29955043   
      1570   2.1145345     -1.3625568      3.1559427      1.7933859      0.30241492   
      1580   2.0954835     -1.3133001      3.1275092      1.814209       0.36252426   
      1590   2.1164932     -1.3273769      3.1588661      1.8314892      0.35165483   
      1600   2.1045313     -1.2949248      3.141013       1.8460882      0.36979528   
      1610   2.1430928     -1.3420862      3.198566       1.8564798      0.31544416   
      1620   2.1367527     -1.3257831      3.1891034      1.8633203      0.31358828   
      1630   2.1448044     -1.3350783      3.2011206      1.8660423      0.30570466   
      1640   2.0808643     -1.2412437      3.1056899      1.8644462      0.41445979   
      1650   2.1311444     -1.3215898      3.1807331      1.8591432      0.36293401   
      1660   2.1259101     -1.3228568      3.1729208      1.8500639      0.37534085   
      1670   2.1433634     -1.3624589      3.1989699      1.836511       0.36286607   
      1680   2.088666      -1.29872        3.117334       1.8186139      0.43742571   
      1690   2.0758179     -1.3007229      3.0981583      1.7974354      0.45689938   
      1700   2.0491107     -1.2825177      3.0582977      1.7757799      0.45403922   
      1710   2.0718198     -1.3402466      3.092191       1.7519444      0.35248124   
      1720   2.0023641     -1.2617996      2.9885285      1.7267289      0.38614311   
      1730   1.9826621     -1.2570462      2.9591233      1.7020771      0.36479666   
      1740   1.9666588     -1.257733       2.9352383      1.6775053      0.34307438   
      1750   1.9669367     -1.2822278      2.935653       1.6534251      0.30077632   
      1760   1.9526137     -1.2828341      2.9142759      1.6314419      0.28157571   
      1770   1.9515494     -1.3018617      2.9126874      1.6108257      0.25830183   
      1780   1.9269793     -1.2841941      2.8760166      1.5918225      0.28137566   
      1790   1.920387      -1.2910355      2.8661776      1.5751421      0.28189098   
      1800   1.9000351     -1.2747941      2.8358024      1.5610082      0.3058032    
      1810   1.924125      -1.3230868      2.8717565      1.5486697      0.27601546   
      1820   1.8518212     -1.223676       2.7638431      1.540167       0.37485261   
      1830   1.9088559     -1.3155535      2.8489674      1.5334139      0.30265904   
      1840   1.8928636     -1.2951525      2.8250989      1.5299463      0.31663174   
      1850   1.9464591     -1.3759297      2.9050902      1.5291605      0.23848802   
      1860   1.9462081     -1.3747194      2.9047155      1.5299961      0.2579448    
      1870   1.9012584     -1.3049101      2.8376282      1.5327181      0.35084959   
      1880   1.9154893     -1.321471       2.8588678      1.5373968      0.34890553   
      1890   1.9499555     -1.3659641      2.9103086      1.5443445      0.31379151   
      1900   1.9580721     -1.3692694      2.9224227      1.5531533      0.32599721   
      1910   1.9218578     -1.3041876      2.8683727      1.5641851      0.40047529   
      1920   1.9845688     -1.3860563      2.961969       1.5759127      0.33453231   
      1930   2.0031146     -1.4007307      2.9896486      1.5889179      0.31654719   
      1940   1.9907639     -1.3688677      2.9712151      1.6023475      0.33708132   
      1950   2.0302318     -1.4141588      3.030121       1.6159622      0.3014915    
      1960   1.9744837     -1.317582       2.9469169      1.629335       0.40571059   
      1970   1.998049      -1.3398708      2.9820881      1.6422172      0.39287651   
      1980   2.0066236     -1.3392921      2.9948857      1.6555936      0.38208516   
      1990   1.9835364     -1.2911309      2.9604281      1.6692972      0.40295251   
      2000   1.9824069     -1.2752274      2.9587423      1.6835149      0.37723176   
      2010   2.0451502     -1.3546953      3.0523867      1.6976914      0.26079245   
      2020   1.9758836     -1.2375892      2.9490063      1.7114171      0.33523366   
      2030   2.0173726     -1.2858152      3.0109287      1.7251134      0.2598471    
      2040   1.98954       -1.2298259      2.9693885      1.7395626      0.2768364    
      2050   1.9886728     -1.2144752      2.9680941      1.7536189      0.27038951   
      2060   2.0376201     -1.2733555      3.041148       1.7677926      0.23635414   
      2070   1.9712385     -1.1605717      2.9420735      1.7815018      0.37069819   
      2080   2.0460297     -1.2578524      3.0536993      1.7958469      0.28825021   
      2090   2.0841824     -1.3013445      3.1106422      1.8092977      0.26687187   
      2100   2.0269564     -1.2047008      3.0252325      1.8205317      0.40017148   
      2110   2.0332755     -1.2050044      3.0346637      1.8296593      0.43791485   
      2120   2.0487164     -1.2189211      3.0577092      1.8387881      0.42924374   
      2130   2.1428173     -1.351211       3.1981548      1.8469438      0.31448111   
      2140   2.0991328     -1.2814804      3.1329557      1.8514753      0.39527004   
      2150   2.0253651     -1.1704081      3.0228574      1.8524494      0.50745573   
      2160   2.0784953     -1.2516959      3.1021542      1.8504584      0.42723707   
      2170   2.0781031     -1.2551523      3.1015688      1.8464165      0.41715513   
      2180   2.055809      -1.228904       3.0682949      1.8393909      0.45326987   
      2190   2.0975873     -1.3001417      3.130649       1.8305073      0.39333601   
      2200   2.0394504     -1.2238142      3.0438797      1.8200655      0.43892973   
      2210   2.0817499     -1.2991529      3.1070118      1.8078589      0.3267489    
      2220   2.0806604     -1.3128445      3.1053857      1.7925412      0.2780843    
      2230   2.0151981     -1.2315917      3.0076831      1.7760914      0.32204929   
      2240   2.0016924     -1.2288509      2.987526       1.7586751      0.29444904   
      2250   1.9894944     -1.2276418      2.9693203      1.7416786      0.28409971   
      2260   1.9609592     -1.2015931      2.9267316      1.7251385      0.30457091   
      2270   1.9515501     -1.2030042      2.9126886      1.7096844      0.31064102   
      2280   1.9522947     -1.2183077      2.9137998      1.6954921      0.31300339   
      2290   1.963825      -1.2482615      2.9310088      1.6827473      0.29465794   
      2300   1.9399159     -1.223591       2.8953245      1.6717335      0.3267867    
      2310   1.9362095     -1.2274402      2.8897927      1.6623525      0.32847505   
      2320   1.9900943     -1.316203       2.9702158      1.6540128      0.2405405    
      2330   1.9795544     -1.3077411      2.9544849      1.6467438      0.24837291   
      2340   1.991268      -1.3332289      2.9719675      1.6387385      0.26539949   
      2350   1.8977701     -1.1996394      2.8324219      1.6327826      0.43310964   
      2360   1.966365      -1.3066116      2.9347997      1.6281881      0.36445993   
      2370   1.9504762     -1.2857448      2.9110857      1.6253409      0.38851804   
      2380   1.9683656     -1.3147036      2.9377857      1.6230821      0.35263928   
      2390   1.9329867     -1.2625586      2.8849827      1.6224241      0.38629847   
      2400   1.9957577     -1.354453       2.9786683      1.6242153      0.30759426   
      2410   1.954812      -1.2911155      2.917557       1.6264414      0.3734399    
      2420   1.987245      -1.3362424      2.9659632      1.6297208      0.32779034   
      2430   1.9795308     -1.320831       2.9544497      1.6336188      0.31811358   
      2440   1.9989446     -1.345715       2.9834248      1.6377099      0.27814437   
      2450   2.0062402     -1.352046       2.9943135      1.6422676      0.26614221   
      2460   1.9709014     -1.294242       2.9415703      1.6473283      0.32091501   
      2470   2.0212728     -1.3644064      3.0167496      1.6523432      0.26075373   
      2480   1.9739065     -1.2881589      2.9460555      1.6578966      0.33156198   
      2490   1.9951626     -1.3148605      2.9777802      1.6629197      0.316837     
      2500   2.0466257     -1.3863876      3.0545888      1.6682013      0.26162973   
      2510   1.9706984     -1.2683144      2.9412674      1.6729531      0.39668063   
      2520   1.981808      -1.27894        2.9578484      1.6789084      0.41728609   
      2530   2.0126665     -1.3186685      3.0039048      1.6852363      0.41064876   
      2540   1.991615      -1.2810312      2.9724854      1.6914542      0.45467343   
      2550   2.0779192     -1.4024027      3.1012944      1.6988917      0.3319446    
      2560   2.0488631     -1.3541203      3.0579282      1.7038079      0.38167809   
      2570   1.9950498     -1.2693592      2.9776118      1.7082526      0.44651378   
      2580   2.0610735     -1.3634356      3.0761523      1.7127167      0.30288311   
      2590   2.0671607     -1.369703       3.0852373      1.7155343      0.25447497   
      2600   2.0230764     -1.3029496      3.0194415      1.7164919      0.30823645   
      2610   1.9968424     -1.2639876      2.9802873      1.7162997      0.3587751    
      2620   2.0018629     -1.2715912      2.9877803      1.7161891      0.36597059   
      2630   2.0329644     -1.3182408      3.0341994      1.7159586      0.33793751   
      2640   2.0073301     -1.2804717      2.9959401      1.7154684      0.39394527   
      2650   2.046378      -1.3402793      3.0542192      1.7139398      0.36557311   
      2660   2.0054101     -1.2810989      2.9930746      1.7119757      0.42660061   
      2670   2.0160694     -1.2996406      3.0089836      1.709343       0.4090993    
      2680   1.9866467     -1.2586024      2.9650702      1.7064678      0.43311383   
      2690   1.9931101     -1.2704539      2.9747168      1.7042629      0.38803514   
      2700   2.0047374     -1.2906964      2.9920705      1.7013741      0.32240816   
      2710   2.0043055     -1.2926037      2.9914259      1.6988223      0.28100888   
      2720   1.9989633     -1.2872877      2.9834527      1.696165       0.27239491   
      2730   1.9891168     -1.2759861      2.9687568      1.6927707      0.29504315   
      2740   1.989928      -1.279179       2.9699675      1.6907885      0.29653627   
      2750   1.984358      -1.2731922      2.9616543      1.6884621      0.30392649   
      2760   1.9808995     -1.2699515      2.9564925      1.686541       0.31814361   
      2770   2.0141326     -1.3208425      3.0060929      1.6852505      0.29330334   
      2780   1.9909673     -1.2872471      2.9715187      1.6842716      0.34812958   
      2790   1.9590267     -1.2414958      2.9238474      1.6823516      0.41025316   
      2800   2.0016848     -1.3058332      2.9875145      1.6816814      0.37059354   
      2810   2.0067427     -1.3141143      2.9950635      1.6809493      0.36656732   
      2820   1.9963964     -1.3004956      2.9796217      1.679126       0.38676242   
      2830   2.0207857     -1.3375535      3.0160227      1.6784692      0.33011739   
      2840   2.0493324     -1.38094        3.0586286      1.6776886      0.26122036   
      2850   2.0058694     -1.3190033      2.9937601      1.6747568      0.31848931   
      2860   2.0116232     -1.3306561      3.0023477      1.6716915      0.30957354   
      2870   1.9657969     -1.2640355      2.9339519      1.6699164      0.36187777   
      2880   1.9948388     -1.3104995      2.9772968      1.6667973      0.31839445   
      2890   1.9803116     -1.2906541      2.955615       1.6649609      0.31540404   
      2900   1.9937523     -1.3118072      2.9756753      1.663868       0.27744404   
      2910   1.9616        -1.2644215      2.9276879      1.6632665      0.3181779    
      2920   1.9978902     -1.3192103      2.9818511      1.6626408      0.2656691    
      2930   1.9684541     -1.2747835      2.9379178      1.6631342      0.29604389   
      2940   1.9288469     -1.2142815      2.8788039      1.6645225      0.34816402   
      2950   1.949163      -1.2423532      2.9091257      1.6667725      0.32910018   
      2960   1.9433887     -1.2281164      2.9005077      1.6723913      0.32372306   
      2970   1.9874752     -1.2871631      2.9663068      1.6791437      0.26112203   
      2980   1.9650139     -1.2459293      2.9327833      1.6868539      0.31974794   
      2990   1.9224177     -1.1737778      2.8692085      1.6954307      0.41635587   
      3000   1.9902558     -1.2652243      2.9704567      1.7052324      0.34733923   
      3010   1.9915435     -1.2553007      2.9723786      1.7170779      0.35047795   
      3020   2.0310291     -1.3026902      3.031311       1.7286208      0.30282196   
      3030   2.0372026     -1.3009943      3.0405249      1.7395306      0.30135674   
      3040   2.0192459     -1.2642577      3.0137245      1.7494668      0.34323804   
      3050   1.9695763     -1.1804046      2.9395926      1.759188       0.4221807    
      3060   2.0449627     -1.2829244      3.0521069      1.7691825      0.32446999   
      3070   2.0550368     -1.2880966      3.0671424      1.7790458      0.32227641   
      3080   2.0142903     -1.2182454      3.0063282      1.7880828      0.41340979   
      3090   2.0181282     -1.216583       3.0120564      1.7954734      0.43342619   
      3100   2.0102576     -1.1959825      3.0003095      1.804327       0.4263387    
      3110   2.068826      -1.2750175      3.0877228      1.8127053      0.3142453    
      3120   2.0745577     -1.2778093      3.0962774      1.8184681      0.29111764   
      3130   2.0775503     -1.2782587      3.1007438      1.8224852      0.30327057   
      3140   2.0445211     -1.2268825      3.0514477      1.8245652      0.38133267   
      3150   2.0482482     -1.2316035      3.0570105      1.825407       0.38183649   
      3160   2.0757562     -1.273704       3.0980661      1.8243621      0.32716522   
      3170   2.07586       -1.2771208      3.0982211      1.8211003      0.30596557   
      3180   2.079752      -1.2888735      3.1040299      1.8151563      0.27491878   
      3190   2.0735348     -1.2878374      3.0947508      1.8069133      0.27910515   
      3200   2.0241376     -1.2242714      3.0210253      1.796754       0.35227947   
      3210   2.0705805     -1.3043844      3.0903413      1.7859569      0.29817665   
      3220   2.0444841     -1.2787744      3.0513926      1.7726182      0.34334544   
      3230   2.0424612     -1.290924       3.0483733      1.7574494      0.34944154   
      3240   2.0235088     -1.278538       3.0200869      1.7415489      0.36003903   
      3250   2.0501973     -1.3361859      3.0599195      1.7237336      0.29630391   
      3260   2.0315218     -1.328045       3.0320462      1.7040012      0.31562835   
      3270   1.9999218     -1.3007783      2.9848832      1.6841049      0.34751058   
      3280   1.9870818     -1.3019151      2.9657196      1.6638045      0.33602655   
      3290   1.9806553     -1.3124182      2.9561281      1.6437098      0.32355589   
      3300   1.946438      -1.2806528      2.9050588      1.6244059      0.34765302   
      3310   1.8952757     -1.221724       2.8286989      1.6069749      0.38820924   
      3320   1.9351067     -1.2965276      2.8881468      1.5916192      0.2952431    
      3330   1.930999      -1.3038771      2.8820159      1.5781388      0.26832011   
      3340   1.8960543     -1.2630154      2.829861       1.5668456      0.29692733   
      3350   1.9019668     -1.2810931      2.8386855      1.5575924      0.28163624   
      3360   1.8551879     -1.2169406      2.7688679      1.5519273      0.33759005   
      3370   1.8978921     -1.2831091      2.832604       1.5494949      0.2579281    
      3380   1.9381118     -1.3426222      2.8926318      1.5500097      0.19427523   
      3390   1.8597457     -1.2231555      2.7756704      1.5525148      0.32743541   
      3400   1.9076664     -1.2886039      2.8471921      1.5585882      0.29108015   
      3410   1.9227275     -1.301565       2.8696708      1.5681058      0.28877652   
      3420   1.9223732     -1.2891396      2.8691419      1.5800024      0.32837921   
      3430   1.8897807     -1.225661       2.8204976      1.5948366      0.39826978   
      3440   1.9517667     -1.2999188      2.9130118      1.613093       0.32014737   
      3450   1.9533412     -1.2822275      2.9153617      1.6331342      0.32867452   
      3460   1.9633598     -1.2748554      2.9303144      1.6554591      0.32159299   
      3470   1.9880414     -1.2875045      2.9671517      1.6796472      0.3108738    
      3480   1.9901144     -1.2658922      2.9702457      1.7043535      0.34051289   
      3490   1.9777859     -1.2218199      2.9518454      1.7300256      0.36974436   
      3500   2.0454729     -1.2967337      3.0528683      1.7561347      0.28076158   
      3510   2.0536384     -1.2832402      3.0650553      1.7818151      0.28528001   
      3520   2.0404923     -1.2394072      3.0454348      1.8060276      0.32250462   
      3530   2.0572053     -1.2409418      3.0703789      1.8294372      0.30882033   
      3540   2.0292208     -1.1777203      3.028612       1.8508918      0.36817011   
      3550   2.0935244     -1.2539108      3.1245851      1.8706743      0.29602528   
      3560   2.0713581     -1.2013272      3.0915019      1.8901747      0.33359885   
      3570   2.111459      -1.2452933      3.1513526      1.9060593      0.30419028   
      3580   2.0964763     -1.2090149      3.1289909      1.919976       0.35443898   
      3590   2.1687504     -1.3076107      3.2368599      1.9292492      0.3026668    
      3600   2.1116787     -1.2171022      3.1516804      1.9345782      0.42918619   
      3610   2.156033      -1.2819115      3.2178793      1.9359678      0.41025602   
      3620   2.1390173     -1.2594298      3.1924833      1.9330535      0.44292429   
      3630   2.1552527     -1.2913105      3.2167146      1.9254041      0.39814889   
      3640   2.1036143     -1.2266803      3.1396444      1.912964       0.41617779   
      3650   2.10418       -1.2450391      3.1404886      1.8954496      0.35375611   
      3660   2.1175267     -1.2871327      3.1604086      1.8732759      0.28061696   
      3670   2.0450199     -1.2054311      3.0521921      1.8467611      0.3507378    
      3680   2.0284228     -1.2094936      3.027421       1.8179275      0.34627366   
      3690   2.0441301     -1.2650574      3.0508642      1.7858068      0.30006348   
      3700   1.9719844     -1.1909759      2.9431866      1.7522108      0.36984864   
      3710   1.9732856     -1.227137       2.9451287      1.7179917      0.3290559    
      3720   1.9514961     -1.2280216      2.9126079      1.6845863      0.31382389   
      3730   1.9244802     -1.2199699      2.8722867      1.6523168      0.30227175   
      3740   1.9210701     -1.2456801      2.8671971      1.621517       0.27685304   
      3750   1.8913501     -1.2295221      2.82284        1.593318       0.30516939   
      3760   1.8987436     -1.2654544      2.8338749      1.5684204      0.2884419    
      3770   1.8811563     -1.2605058      2.8076258      1.54712        0.30628084   
      3780   1.8567386     -1.2423425      2.7711824      1.5288399      0.34973523   
      3790   1.8476586     -1.2420021      2.7576305      1.5156284      0.37139993   
      3800   1.8895764     -1.3144859      2.8201927      1.5057068      0.31636682   
      3810   1.8848192     -1.3144577      2.8130926      1.4986349      0.32757183   
      3820   1.924904      -1.3783726      2.8729193      1.4945467      0.27285453   
      3830   1.9123819     -1.360858       2.85423        1.493372       0.28889215   
      3840   1.9099407     -1.3560408      2.8505865      1.4945457      0.29420506   
      3850   1.9272437     -1.3785437      2.8764112      1.4978675      0.28289666   
      3860   1.8333901     -1.2316635      2.7363347      1.5046712      0.41266213   
      3870   1.8839988     -1.2963551      2.8118683      1.5155131      0.33021767   
      3880   1.9314413     -1.350809       2.8826761      1.5318671      0.25972995   
      3890   1.9018353     -1.2842728      2.8384891      1.5542164      0.30572295   
      3900   1.9559136     -1.3362683      2.9192011      1.5829328      0.2429253    
      3910   1.9611269     -1.3074458      2.9269819      1.619536       0.26262114   
      3920   1.9836729     -1.2959643      2.9606318      1.6646674      0.28597634   
      3930   1.98551       -1.24435        2.9633736      1.7190236      0.34254226   
      3940   2.0733817     -1.3134071      3.0945222      1.7811151      0.28985311   
      3950   2.0859452     -1.2655188      3.1132731      1.8477543      0.34184436   
      3960   2.1667906     -1.3210437      3.2339349      1.9128912      0.31892383   
      3970   2.1237194     -1.1978578      3.1696512      1.9717934      0.47227198   
      3980   2.14693       -1.1821158      3.204293       2.0221772      0.50156258   
      3990   2.2505702     -1.2956223      3.358976       2.0633538      0.37927368   
      4000   2.2018044     -1.1920951      3.2861931      2.0940979      0.45504542   
      4010   2.2357605     -1.2247436      3.3368726      2.112129       0.44488821   
      4020   2.1931542     -1.1517804      3.2732826      2.1215022      0.51514883   
      4030   2.2076228     -1.1708451      3.2948771      2.124032       0.46956853   
      4040   2.2601392     -1.2550017      3.3732578      2.1182561      0.34855259   
      4050   2.2508239     -1.25343        3.3593547      2.1059246      0.31655297   
      4060   2.2585863     -1.284672       3.37094        2.086268       0.29964081   
      4070   2.1576526     -1.157322       3.2202965      2.0629745      0.43440975   
      4080   2.2008798     -1.2475006      3.2848132      2.0373126      0.35333753   
      4090   2.1505957     -1.202365       3.209764       2.007399       0.40827562   
      4100   2.107955      -1.1693397      3.1461229      1.9767831      0.44783923   
      4110   2.1189041     -1.2177367      3.1624644      1.9447277      0.4030985    
      4120   2.0975097     -1.2177918      3.1305333      1.9127414      0.40466758   
      4130   2.1428584     -1.3177626      3.1982162      1.8804536      0.3092874    
      4140   2.1043768     -1.2921391      3.1407824      1.8486433      0.34826513   
      4150   2.0520671     -1.2451274      3.0627101      1.8175828      0.42718144   
      4160   2.0176537     -1.2213831      3.0113481      1.789965       0.4588748    
      4170   2.0669606     -1.3209154      3.0849386      1.7640232      0.35128153   
      4180   2.0569756     -1.3306389      3.0700361      1.7393971      0.32253608   
      4190   2.0176088     -1.2952629      3.0112812      1.7160183      0.35186609   
      4200   1.9966556     -1.2850137      2.9800085      1.6949948      0.36408539   
      4210   1.9618866     -1.2510167      2.9281157      1.677099       0.37340422   
      4220   1.9576563     -1.2607043      2.9218021      1.6610978      0.32902798   
      4230   1.9835518     -1.3124316      2.9604511      1.6480195      0.24028288   
      4240   2.0003917     -1.3498932      2.9855846      1.6356914      0.19145556   
      4250   1.9237659     -1.2459927      2.8712206      1.6252279      0.29841619   
      4260   1.9460799     -1.2870981      2.9045242      1.6174261      0.27677033   
      4270   1.8672581     -1.1741239      2.7868828      1.6127588      0.3897993    
      4280   1.9030549     -1.2302925      2.8403095      1.610017       0.35427483   
      4290   1.8574589     -1.1611816      2.7722574      1.6110758      0.39508131   
      4300   1.9617013     -1.3107752      2.9278392      1.617064       0.23339091   
      4310   1.9456797     -1.2801997      2.903927       1.6237273      0.26269924   
      4320   1.9023511     -1.2072695      2.839259       1.6319895      0.3429496    
      4330   1.949825      -1.2681941      2.9101138      1.6419197      0.30760104   
      4340   1.8954729     -1.1742488      2.8289933      1.6547444      0.40130354   
      4350   1.9828619     -1.2899704      2.9594214      1.6694511      0.30925246   
      4360   1.9097141     -1.1643285      2.8502483      1.6859198      0.43817337   
      4370   1.9709917     -1.2355456      2.9417052      1.7061595      0.36549441   
      4380   1.9864273     -1.2354839      2.9647428      1.7292589      0.34120634   
      4390   2.0366184     -1.2858067      3.039653       1.7538463      0.27775626   
      4400   2.0345148     -1.2570217      3.0365133      1.7794916      0.29879758   
      4410   2.0666679     -1.2791409      3.0845018      1.8053609      0.27510523   
      4420   2.0936881     -1.2930329      3.1248294      1.8317965      0.25172442   
      4430   2.1229813     -1.3107713      3.1685496      1.8577784      0.23813957   
      4440   2.0858816     -1.2304642      3.1131782      1.882714       0.32883418   
      4450   2.1105334     -1.2437341      3.1499711      1.906237       0.33190643   
      4460   2.1268001     -1.244627       3.1742492      1.9296222      0.32810404   
      4470   2.1340894     -1.2330762      3.1851284      1.9520521      0.32014245   
      4480   2.1863831     -1.2901927      3.2631767      1.972984       0.25912405   
      4490   2.1719737     -1.2495409      3.2416707      1.9921298      0.31453424   
      4500   2.2079713     -1.286308       3.2953971      2.0090891      0.31400618   
      4510   2.1985995     -1.2592747      3.2814097      2.022135       0.37881939   
      4520   2.201795      -1.2549897      3.286179       2.0311893      0.41730658   
      4530   2.2042207     -1.254025       3.2897994      2.0357745      0.44428229   
      4540   2.1933416     -1.2391103      3.2735623      2.034452       0.45901008   
      4550   2.2261627     -1.297128       3.3225478      2.0254198      0.37769854   
      4560   2.1992714     -1.2765053      3.2824125      2.0059072      0.37829743   
      4570   2.1738857     -1.2681753      3.2445245      1.9763492      0.38027107   
      4580   2.151504      -1.2743398      3.2111197      1.9367799      0.383326     
      4590   2.0451758     -1.1624236      3.0524249      1.8900013      0.48293382   
      4600   2.0785125     -1.2652142      3.10218        1.8369658      0.35890667   
      4610   2.0644201     -1.3009259      3.0811471      1.7802212      0.30240769   
      4620   2.0137352     -1.2809829      3.0054998      1.7245169      0.30922541   
      4630   1.9983652     -1.3112945      2.9825601      1.6712657      0.26831779   
      4640   1.9700408     -1.317233       2.9402859      1.623053       0.2497575    
      4650   1.9214701     -1.2874059      2.8677941      1.5803882      0.27302959   
      4660   1.8870356     -1.2717541      2.8164006      1.5446466      0.29162257   
      4670   1.858305      -1.2577267      2.7735202      1.5157935      0.29659387   
      4680   1.8630893     -1.2869914      2.7806608      1.4936695      0.23878364   
      4690   1.8280253     -1.2512611      2.7283277      1.4770666      0.23626572   
      4700   1.8546877     -1.3026733      2.7681213      1.4654481      0.17997014   
      4710   1.8523788     -1.3060335      2.7646753      1.4586418      0.19808774   
      4720   1.8250618     -1.2681849      2.7239048      1.4557199      0.28741561   
      4730   1.7903305     -1.2146737      2.6720683      1.4573946      0.38680868   
      4740   1.8771915     -1.3361806      2.8017084      1.4655278      0.27698801   
      4750   1.8669534     -1.3082163      2.7864279      1.4782116      0.29113063   
      4760   1.8720138     -1.3004309      2.7939806      1.4935496      0.30946026   
      4770   1.8945872     -1.3144142      2.8276713      1.5132572      0.30527819   
      4780   1.9062487     -1.3084245      2.8450762      1.5366517      0.32693291   
      4790   1.9226891     -1.3065549      2.8696135      1.5630586      0.34760145   
      4800   1.950865      -1.3190579      2.911666       1.5926081      0.3579094    
      4810   1.9421265     -1.275013       2.8986238      1.6236108      0.41446226   
      4820   1.9792075     -1.2981706      2.9539672      1.6557966      0.36349468   
      4830   2.0391877     -1.3541139      3.0434876      1.6893737      0.26724826   
      4840   2.0237906     -1.2986491      3.0205074      1.7218584      0.30362221   
      4850   2.0357312     -1.286245       3.0383288      1.7520838      0.31552608   
      4860   2.105389      -1.3617504      3.1422931      1.7805428      0.25964653   
      4870   2.0763846     -1.293379       3.0990039      1.8056249      0.33475351   
      4880   2.1037547     -1.3128172      3.1398539      1.8270367      0.32750516   
      4890   2.0682291     -1.2424183      3.0868319      1.8444136      0.39896192   
      4900   2.1108091     -1.2914363      3.1503826      1.8589464      0.35147247   
      4910   2.1171149     -1.2889042      3.159794       1.8708898      0.34754618   
      4920   2.0554054     -1.188423       3.0676926      1.8792696      0.42118573   
      4930   2.122171      -1.2827355      3.1673403      1.8846048      0.30732895   
      4940   2.1344997     -1.2985047      3.1857408      1.8872361      0.28005119   
      4950   2.1178041     -1.2752193      3.1608227      1.8856034      0.31080744   
      4960   2.0785777     -1.2218977      3.1022773      1.8803796      0.37745653   
      4970   2.1067454     -1.2722328      3.1443175      1.8720847      0.34342311   
      4980   2.1024271     -1.2777681      3.1378725      1.8601044      0.34342549   
      4990   2.0854241     -1.2687913      3.1124955      1.8437041      0.36000345   
      5000   2.0708369     -1.2671855      3.0907241      1.8235386      0.3749646    
      5010   2.0265209     -1.2242213      3.0245824      1.8003611      0.40212568   
      5020   2.0671787     -1.3124761      3.0852643      1.7727882      0.29790187   
      5030   2.0387582     -1.3025237      3.0428466      1.740323       0.27323543   
      5040   2.0002068     -1.2826017      2.9853086      1.7027069      0.28097812   
      5050   1.9571081     -1.2607613      2.9209838      1.6602225      0.31160924   
      5060   1.9048405     -1.2274589      2.8429745      1.6155155      0.32537678   
      5070   1.9272264     -1.3095752      2.8763854      1.5668102      0.23523921   
      5080   1.8348806     -1.2200518      2.7385593      1.5185076      0.3123682    
      5090   1.82962       -1.2585121      2.7307079      1.4721958      0.2614303    
      5100   1.8230138     -1.2920954      2.7208481      1.4287527      0.21247026   
      5110   1.82441       -1.3330591      2.7229319      1.3898728      0.17814971   
      5120   1.8197253     -1.3604749      2.71594        1.3554652      0.18425728   
      5130   1.7618851     -1.3016705      2.6296136      1.3279431      0.28257593   
      5140   1.7534507     -1.3097098      2.6170252      1.3073154      0.31148723   
      5150   1.7902753     -1.3783846      2.6719859      1.2936013      0.25488869   
      5160   1.7946204     -1.3921135      2.6784709      1.2863575      0.23180025   
      5170   1.7955439     -1.395595       2.6798493      1.2842543      0.23700236   
      5180   1.7596854     -1.3387306      2.6263304      1.2875999      0.31024203   
      5190   1.7604677     -1.3301742      2.627498       1.2973238      0.33431736   
      5200   1.7857211     -1.3515161      2.6651888      1.3136726      0.31830199   
      5210   1.812571      -1.3704396      2.7052622      1.3348226      0.30087975   
      5220   1.8147991     -1.3476118      2.7085876      1.3609758      0.32129958   
      5230   1.9230512     -1.4784975      2.8701539      1.3916564      0.19895026   
      5240   1.9097854     -1.4257834      2.8503547      1.4245713      0.27045495   
      5250   1.817869      -1.2561277      2.7131695      1.4570419      0.45688372   
      5260   1.9618463     -1.4392634      2.9280556      1.4887922      0.30207677   
      5270   1.9255348     -1.3546837      2.8738607      1.519177       0.39286816   
      5280   1.9701903     -1.3949972      2.940509       1.5455118      0.36733422   
      5290   1.9858447     -1.3964856      2.9638732      1.5673876      0.37847322   
      5300   1.9556337     -1.3348841      2.9187833      1.5838992      0.44689543   
      5310   1.9591159     -1.3261675      2.9239805      1.597813       0.43843066   
      5320   2.0370833     -1.4323494      3.0403468      1.6079974      0.3229857    
      5330   1.9952633     -1.3621018      2.9779305      1.6158287      0.3824034    
      5340   1.9822104     -1.3368806      2.958449       1.6215684      0.41027158   
      5350   1.9892203     -1.3421923      2.9689112      1.626719       0.39251812   
      5360   1.9081558     -1.2159505      2.8479226      1.6319721      0.45267478   
      5370   1.9830702     -1.3208019      2.9597323      1.6389304      0.27074722   
      5380   1.9855073     -1.3168565      2.9633696      1.6465131      0.20933702   
      5390   1.9372183     -1.2376863      2.8912982      1.653612       0.25895745   
      5400   1.9604507     -1.2636818      2.9259727      1.6622909      0.23358271   
      5410   1.9788658     -1.2806821      2.9534572      1.6727751      0.23891047   
      5420   1.9769743     -1.2675843      2.9506342      1.68305        0.29166524   
      5430   2.0122866     -1.3091897      3.0033378      1.6941481      0.29731576   
      5440   1.9656869     -1.2282897      2.9337877      1.705498       0.42680389   
      5450   1.9374456     -1.1746585      2.8916376      1.7169791      0.4942232    
      5460   2.0585174     -1.3405798      3.0723372      1.7317574      0.31830629   
      5470   2.0550548     -1.3220477      3.0671693      1.7451216      0.33141119   
      5480   2.0392285     -1.2861764      3.0435485      1.7573721      0.36705581   
      5490   2.0419984     -1.2789022      3.0476827      1.7687805      0.35170472   
      5500   2.0756976     -1.3187129      3.0979787      1.7792658      0.28436559   
      5510   2.0561937     -1.2802533      3.068869       1.7886157      0.31109718   
      5520   2.019516      -1.2179272      3.0141276      1.7962004      0.39660268   
      5530   2.056778      -1.2671538      3.0697412      1.8025874      0.37045884   
      5540   2.0779784     -1.2932233      3.1013828      1.8081595      0.35582871   
      5550   2.0753479     -1.2854416      3.0974567      1.8120151      0.37864536   
      5560   2.0906525     -1.3069074      3.1202989      1.8133914      0.37845873   
      5570   2.0481698     -1.2445318      3.0568934      1.8123616      0.44640914   
      5580   2.086834      -1.3062597      3.1145997      1.8083401      0.3696544    
      5590   2.1149245     -1.3546907      3.1565248      1.8018341      0.30162313   
      5600   2.0865669     -1.3228476      3.1142011      1.7913535      0.34463901   
      5610   2.0598233     -1.2969533      3.0742863      1.777333       0.38564902   
      5620   2.0668614     -1.3251338      3.0847906      1.7596568      0.3540293    
      5630   2.0431197     -1.3115503      3.0493561      1.7378058      0.33974422   
      5640   2.0110198     -1.287312       3.001447       1.714135       0.31942793   
      5650   2.0116707     -1.3148166      3.0024185      1.6876019      0.25845585   
      5660   1.9729106     -1.286476       2.9445691      1.6580931      0.30374102   
      5670   1.8929597     -1.1960793      2.8252424      1.6291632      0.40226212   
      5680   1.9173442     -1.260313       2.8616362      1.6013232      0.33044035   
      5690   1.8743118     -1.2226075      2.7974103      1.5748028      0.35502685   
      5700   1.8967173     -1.280485       2.8308506      1.5503655      0.29544823   
      5710   1.9130462     -1.3284148      2.8552214      1.5268067      0.26338298   
      5720   1.8639303     -1.2767194      2.781916       1.5051966      0.34068551   
      5730   1.8443399     -1.2664272      2.7526773      1.4862501      0.3697732    
      5740   1.8011747     -1.2178561      2.6882533      1.4703972      0.42157989   
      5750   1.8160765     -1.2506661      2.7104941      1.459828       0.3512206    
      5760   1.8541872     -1.3138499      2.7673745      1.4535246      0.23269607   
      5770   1.8157119     -1.2589206      2.70995        1.4510294      0.25484805   
      5780   1.83401       -1.284648       2.73726        1.452612       0.22705713   
      5790   1.82677       -1.2662677      2.7264542      1.4601865      0.24618436   
      5800   1.8463177     -1.2822535      2.7556292      1.4733757      0.25026679   
      5810   1.8175294     -1.2195984      2.7126627      1.4930642      0.3334806    
      5820   1.8634579     -1.2614158      2.7812109      1.5197951      0.31364156   
      5830   1.9023778     -1.2838898      2.8392988      1.555409       0.29977585   
      5840   1.9452517     -1.3034639      2.9032882      1.5998243      0.28694956   
      5850   1.9729245     -1.2938392      2.9445898      1.6507506      0.32113371   
      5860   1.9609071     -1.2213067      2.9266539      1.7053472      0.41497761   
      5870   2.0314501     -1.2709334      3.0319393      1.7610058      0.37620627   
      5880   2.0494981     -1.2415851      3.058876       1.8172909      0.38092434   
      5890   2.1111281     -1.2817503      3.1508587      1.8691084      0.32278062   
      5900   2.0859019     -1.2001333      3.1132086      1.9130753      0.37949547   
      5910   2.1219671     -1.2185052      3.1670359      1.9485307      0.34826177   
      5920   2.1462198     -1.2272794      3.2032331      1.9759537      0.342842     
      5930   2.0782236     -1.1059016      3.1017488      1.9958472      0.47394771   
      5940   2.143991      -1.1898549      3.1999066      2.0100517      0.39818657   
      5950   2.1738493     -1.2250734      3.24447        2.0193967      0.34374854   
      5960   2.164836      -1.2086029      3.2310178      2.0224149      0.34067518   
      5970   2.1521852     -1.1919184      3.2121364      2.020218       0.33913484   
      5980   2.1881168     -1.252959       3.2657643      2.0128053      0.2856161    
      5990   2.157901      -1.2204111      3.2206672      2.0002562      0.347924     
      6000   2.0855094     -1.1279261      3.1126228      1.9846967      0.45086115   
      6010   2.2014365     -1.3206958      3.285644       1.9649483      0.29301751   
      6020   2.1440102     -1.258575       3.1999352      1.9413602      0.38820083   
      6030   2.0416644     -1.1310819      3.0471841      1.9161022      0.53239341   
      6040   2.1864763     -1.3734895      3.2633158      1.8898263      0.33367748   
      6050   2.0972284     -1.2701745      3.1301133      1.8599388      0.48112472   
      6060   2.0702612     -1.2612264      3.0898648      1.8286384      0.52428281   
      6070   2.0414594     -1.2466891      3.0468782      1.800189       0.49142491   
      6080   2.0492657     -1.2869624      3.0585291      1.7715667      0.38427952   
      6090   2.0336684     -1.2908315      3.0352501      1.7444186      0.31180504   
      6100   2.0210676     -1.297735       3.0164433      1.7187083      0.25552455   
      6110   1.9713339     -1.2474623      2.9422159      1.6947536      0.28460055   
      6120   1.920987      -1.1931995      2.8670732      1.6738737      0.34626965   
      6130   1.9359081     -1.2317474      2.8893428      1.6575954      0.32971516   
      6140   1.947668      -1.2622381      2.9068945      1.6446564      0.30623682   
      6150   1.9449969     -1.2693719      2.9029078      1.633536       0.31248208   
      6160   1.9236515     -1.24536        2.8710498      1.6256898      0.34414176   
      6170   1.9029316     -1.2193356      2.8401255      1.6207899      0.36918244   
      6180   1.9335049     -1.2684498      2.8857561      1.6173063      0.33967434   
      6190   1.8572566     -1.1541469      2.7719555      1.6178086      0.43497889   
      6200   1.9671848     -1.3156932      2.9360233      1.6203301      0.26838115   
      6210   1.9636579     -1.3059881      2.9307594      1.6247713      0.26419025   
      6220   1.9616022     -1.2977121      2.9276913      1.6299792      0.28432406   
      6230   1.9158707     -1.2238603      2.859437       1.6355767      0.36961486   
      6240   1.9474128     -1.2633042      2.9065136      1.6432094      0.34537081   
      6250   1.9368983     -1.2381154      2.8908207      1.6527053      0.35835367   
      6260   2.0056041     -1.3306586      2.9933641      1.6627055      0.26584058   
      6270   1.9365141     -1.2166202      2.8902472      1.673627       0.36584111   
      6280   1.9950298     -1.2931095      2.977582       1.6844725      0.2975223    
      6290   1.9763648     -1.2531507      2.9497244      1.6965737      0.33233593   
      6300   2.0261607     -1.315314       3.0240448      1.7087309      0.28593515   
      6310   1.9720256     -1.2228268      2.9432483      1.7204214      0.38617639   
      6320   1.9963275     -1.2469294      2.9795188      1.7325893      0.36220824   
      6330   2.0379633     -1.2958094      3.0416602      1.7458508      0.30666445   
      6340   2.0104688     -1.2420204      3.0006247      1.7586043      0.37298702   
      6350   2.0181433     -1.2406515      3.0120789      1.7714274      0.37455778   
      6360   2.0850711     -1.3276225      3.1119686      1.7843461      0.29565084   
      6370   2.0438673     -1.2542894      3.0504719      1.7961825      0.39115169   
      6380   2.0037593     -1.1834179      2.9906107      1.8071928      0.47947617   
      6390   2.0762371     -1.2796369      3.0987838      1.8191469      0.38701272   
      6400   2.0496916     -1.2274774      3.0591647      1.8316873      0.43054231   
      6410   2.1039662     -1.2953507      3.1401695      1.8448188      0.3502526    
      6420   2.130527      -1.3206189      3.1798116      1.8591927      0.30013142   
      6430   2.0630486     -1.2050046      3.0791001      1.8740955      0.39301168   
      6440   2.0909434     -1.229954       3.1207331      1.8907791      0.35485495   
      6450   2.1054035     -1.2319984      3.1423148      1.9103163      0.35011762   
      6460   2.1056644     -1.211366       3.1427042      1.9313382      0.3783659    
      6470   2.1471653     -1.250869       3.2046443      1.9537752      0.36130425   
      6480   2.1652894     -1.256086       3.2316945      1.9756085      0.38617764   
      6490   2.1951785     -1.2817722      3.2763039      1.9945317      0.40602116   
      6500   2.1254536     -1.1634285      3.1722395      2.008811       0.54689394   
      6510   2.250554      -1.3387791      3.3589518      2.0201727      0.39378638   
      6520   2.2190002     -1.2870367      3.3118579      2.0248212      0.44433168   
      6530   2.1678857     -1.2125234      3.2355694      2.0230459      0.49490452   
      6540   2.2234356     -1.3046781      3.3184777      2.0137996      0.37320872   
      6550   2.1879448     -1.2685254      3.2655076      1.9969822      0.37001299   
      6560   2.1738092     -1.270918       3.2444103      1.9734923      0.34650949   
      6570   2.1505548     -1.2662025      3.2097031      1.9435006      0.3422618    
      6580   2.1323523     -1.2747265      3.1825358      1.9078093      0.35207499   
      6590   2.0658965     -1.2146582      3.0833505      1.8686923      0.43503774   
      6600   2.086594      -1.2864382      3.1142416      1.8278034      0.37958335   
      6610   2.0610753     -1.292268       3.0761549      1.7838868      0.38992253   
      6620   2.0161324     -1.2679989      3.0090776      1.7410787      0.42919965   
      6630   2.0025982     -1.2898781      2.9888777      1.6989996      0.40262729   
      6640   1.9738808     -1.2851095      2.9460171      1.6609076      0.37944548   
      6650   1.930682      -1.2554767      2.8815428      1.6260662      0.37154049   
      6660   1.9201002     -1.2698201      2.8657495      1.5959294      0.32990941   
      6670   1.9259507     -1.3046916      2.8744814      1.5697898      0.27020754   
      6680   1.8985167     -1.2866745      2.8335362      1.5468617      0.27265099   
      6690   1.8391578     -1.2163699      2.744943       1.5285731      0.33508094   
      6700   1.8784364     -1.2883834      2.8035663      1.515183       0.26330865   
      6710   1.8863142     -1.3095968      2.8153239      1.5057271      0.2445596    
      6720   1.8326614     -1.2357428      2.7352472      1.4995044      0.33735065   
      6730   1.8375704     -1.2447638      2.7425738      1.49781        0.33303743   
      6740   1.884839      -1.3124358      2.8131222      1.5006864      0.26036411   
      6750   1.8763469     -1.2933644      2.8004477      1.5070833      0.2766244    
      6760   1.8524184     -1.247397       2.7647345      1.5173375      0.31441588   
      6770   1.8810074     -1.2759388      2.8074036      1.5314648      0.27445521   
      6780   1.9000403     -1.2859263      2.8358102      1.5498839      0.25614112   
      6790   1.8793138     -1.2326304      2.8048758      1.5722454      0.30052044   
      6800   1.948825      -1.3106958      2.9086214      1.5979255      0.23054162   
      6810   1.8932261     -1.1983627      2.8256399      1.6272772      0.34038765   
      6820   1.9643161     -1.2728585      2.9317417      1.6588832      0.28598356   
      6830   1.9740236     -1.2513369      2.9462302      1.6948933      0.31873953   
      6840   1.9362155     -1.1591361      2.8898017      1.7306655      0.42230919   
      6850   1.9890862     -1.2009733      2.9687112      1.7677379      0.38753558   
      6860   1.9998788     -1.1788984      2.9848191      1.8059208      0.41562669   
      6870   2.0297827     -1.1873098      3.0294507      1.8421409      0.42530419   
      6880   2.1039868     -1.2629902      3.1402003      1.8772101      0.36395967   
      6890   2.1228714     -1.2602484      3.1683856      1.9081371      0.38095467   
      6900   2.1507866     -1.2779028      3.210049       1.9321462      0.38245511   
      6910   2.111454      -1.2009399      3.1513451      1.9504052      0.4562027    
      6920   2.1228942     -1.2053115      3.1684197      1.9631081      0.45135498   
      6930   2.1380523     -1.2183847      3.1910431      1.9726584      0.42077644   
      6940   2.1629912     -1.2511518      3.2282644      1.9771126      0.37570156   
      6950   2.0798821     -1.1277066      3.104224       1.9765174      0.47666722   
      6960   2.1642748     -1.258865       3.2301802      1.9713152      0.3600108    
      6970   2.2072367     -1.3332844      3.2943008      1.9610164      0.29236331   
      6980   2.1589257     -1.2769847      3.2221965      1.9452119      0.36145132   
      6990   2.0717871     -1.1656608      3.0921423      1.9264815      0.48262989   
      7000   2.1280069     -1.2691537      3.1760503      1.9068965      0.37713139   
      7010   2.1484346     -1.3227446      3.2065387      1.8837941      0.32091082   
      7020   2.0879445     -1.257764       3.1162571      1.8584932      0.38995207   
      7030   2.1142477     -1.32309        3.1555147      1.8324247      0.3301468    
      7040   2.0640534     -1.2747975      3.0805997      1.8058021      0.38302838   
      7050   2.058728      -1.2916243      3.0726516      1.7810273      0.37502928   
      7060   2.086293      -1.3565638      3.1137923      1.7572285      0.29959207   
      7070   2.0655535     -1.3491695      3.0828386      1.7336691      0.3156109    
      7080   2.0091362     -1.2866296      2.9986358      1.7120062      0.4034084    
      7090   2.0044401     -1.2980409      2.9916268      1.6935859      0.4084286    
      7100   1.9715133     -1.2641811      2.9424836      1.6783025      0.44382902   
      7110   1.9971647     -1.3150328      2.9807684      1.6657356      0.37408137   
      7120   1.9899779     -1.3133499      2.9700419      1.6566921      0.32705325   
      7130   1.9987107     -1.3341919      2.9830757      1.6488838      0.30239959   
      7140   1.9746123     -1.3053672      2.9471088      1.6417417      0.35588978   
      7150   2.0062353     -1.3577114      2.9943062      1.6365949      0.32645675   
      7160   1.9411465     -1.2643159      2.8971612      1.6328453      0.40917462   
      7170   1.9646296     -1.3018436      2.9322097      1.6303661      0.35727606   
      7180   1.9600552     -1.2955043      2.9253824      1.6298781      0.33329991   
      7190   1.9875467     -1.3366374      2.9664134      1.629776       0.28034847   
      7200   1.9762956     -1.3195742      2.9496212      1.630047       0.30393419   
      7210   1.9571895     -1.2900874      2.9211053      1.6310179      0.3415288    
      7220   1.9611072     -1.293565       2.9269524      1.6333874      0.3338917    
      7230   1.9670919     -1.2990684      2.9358847      1.6368163      0.30621869   
      7240   2.0136188     -1.3649359      3.005326       1.6403901      0.2371011    
      7250   1.9278453     -1.2332319      2.8773092      1.6440772      0.36015878   
      7260   1.9555505     -1.2697828      2.9186592      1.6488763      0.3235011    
      7270   1.9540945     -1.2600611      2.9164861      1.656425       0.32371518   
      7280   1.910812      -1.1863746      2.8518869      1.6655123      0.39832882   
      7290   1.9863443     -1.2882255      2.9646189      1.6763934      0.31616371   
      7300   1.9579411     -1.2329017      2.922227       1.6893253      0.36622379   
      7310   1.98684       -1.2622093      2.9653587      1.7031494      0.33219089   
      7320   1.9768475     -1.2316271      2.9504449      1.7188178      0.32522699   
      7330   2.009494      -1.2636408      2.9991698      1.735529       0.25899042   
      7340   1.9499425     -1.1564914      2.9102891      1.7537977      0.33584673   
      7350   2.0023454     -1.2147816      2.9885006      1.773719       0.27342486   
      7360   2.023634      -1.2241528      3.0202738      1.796121       0.26365489   
      7370   1.9898414     -1.1493921      2.9698383      1.8204462      0.33889337   
      7380   1.9859491     -1.1163775      2.964029       1.8476515      0.37040656   
      7390   2.0238567     -1.1431981      3.0206062      1.877408       0.33843645   
      7400   2.0737236     -1.1840513      3.0950325      1.9109812      0.30732404   
      7410   2.0721016     -1.1460283      3.0926116      1.9465833      0.37641214   
      7420   2.1445134     -1.2172043      3.2006862      1.983482       0.35131124   
      7430   2.1829596     -1.236309       3.2580672      2.0217582      0.37715645   
      7440   2.1417047     -1.1390921      3.1964943      2.0574022      0.49899278   
      7450   2.187822      -1.17304        3.2653244      2.0922844      0.46965846   
      7460   2.2914685     -1.2953456      3.4200167      2.1246711      0.35857089   
      7470   2.2863249     -1.260548       3.41234        2.151792       0.41139746   
      7480   2.2950632     -1.2551301      3.4253818      2.1702517      0.43135234   
      7490   2.2972975     -1.2476293      3.4287165      2.1810872      0.44462947   
      7500   2.2941494     -1.2404755      3.424018       2.1835425      0.44817692   
      7510   2.2415894     -1.1709046      3.3455722      2.1746676      0.51259671   
      7520   2.2545037     -1.2096938      3.3648468      2.155153       0.44885528   
      7530   2.2604556     -1.2506888      3.37373        2.1230412      0.36409729   
      7540   2.2381204     -1.266754       3.3403946      2.0736406      0.34101798   
      7550   2.1905711     -1.2589206      3.2694273      2.0105067      0.36708225   
      7560   2.1579203     -1.285525       3.2206961      1.9351711      0.37652702   
      7570   2.0768285     -1.2449516      3.0996666      1.854715       0.45735708   
      7580   2.0354598     -1.2594281      3.0379238      1.7784957      0.44133308   
      7590   2.0654064     -1.3725861      3.082619       1.7100329      0.3221761    
      7600   1.9954319     -1.3248622      2.9781822      1.65332        0.35519335   
      7610   1.9723226     -1.3354022      2.9436915      1.6082893      0.33491498   
      7620   2.0001398     -1.4118744      2.9852087      1.5733343      0.25004943   
      7630   1.9381899     -1.3474967      2.8927484      1.5452517      0.30575461   
      7640   1.9164599     -1.3363653      2.8603164      1.5239511      0.3076281    
      7650   1.9022376     -1.3314262      2.8390896      1.5076634      0.28513922   
      7660   1.902281      -1.3434313      2.8391544      1.4957232      0.24669845   
      7670   1.897398      -1.3441705      2.8318665      1.487696       0.22384937   
      7680   1.9181166     -1.3802703      2.862789       1.4825187      0.19172655   
      7690   1.846945      -1.2755881      2.7565654      1.4809773      0.30045597   
      7700   1.8676658     -1.3048858      2.7874912      1.4826054      0.29406672   
      7710   1.8367647     -1.2530026      2.7413713      1.4883687      0.33726454   
      7720   1.8708258     -1.2938701      2.7922075      1.4983374      0.27881511   
      7730   1.8848802     -1.3007074      2.8131837      1.5124763      0.24730565   
      7740   1.9071863     -1.3171836      2.8464755      1.5292919      0.22299086   
      7750   1.8468022     -1.2063185      2.7563523      1.5500338      0.32208686   
      7760   1.8975915     -1.2583608      2.8321553      1.5737945      0.27929586   
      7770   1.9325545     -1.2825844      2.8843376      1.6017532      0.25482536   
      7780   1.9413003     -1.2645243      2.8973907      1.6328664      0.28148195   
      7790   1.9911335     -1.3065826      2.9717668      1.6651842      0.26391352   
      7800   1.9954861     -1.2792289      2.9782629      1.699034       0.32634416   
      7810   1.9939457     -1.2442379      2.975964       1.7317261      0.40278186   
      7820   2.0577583     -1.3065121      3.0712043      1.7646921      0.38403714   
      7830   2.0767032     -1.3039039      3.0994796      1.7955757      0.41177962   
      7840   2.1105637     -1.3276633      3.1500164      1.8223531      0.40249082   
      7850   2.1106461     -1.3040098      3.1501393      1.8461295      0.40524602   
      7860   2.133019      -1.3170213      3.1835308      1.8665095      0.35992121   
      7870   2.1661918     -1.351469       3.2330413      1.8815723      0.31225222   
      7880   2.1219461     -1.2754954      3.1670046      1.8915091      0.38494045   
      7890   2.100437      -1.2379496      3.1349022      1.8969525      0.4177319    
      7900   2.0908836     -1.2196737      3.1206438      1.9009702      0.41240848   
      7910   2.1069451     -1.2418756      3.1446156      1.90274        0.3628816    
      7920   2.1408813     -1.2958639      3.1952654      1.8994015      0.307661     
      7930   2.0866812     -1.2218303      3.1143717      1.8925414      0.38716393   
      7940   2.1037092     -1.2574291      3.139786       1.8823569      0.36707068   
      7950   2.0515051     -1.1924232      3.0618713      1.8694481      0.42776663   
      7960   2.0671561     -1.2313636      3.0852305      1.8538669      0.37388486   
      7970   2.0674396     -1.2511744      3.0856536      1.8344793      0.3202798    
      7980   2.0152856     -1.1955093      3.0078137      1.8123044      0.34268802   
      7990   2.0379989     -1.2544929      3.0417134      1.7872205      0.27469031   
      8000   2.0297796     -1.2707144      3.0294461      1.7587318      0.2606622    
      8010   1.922491      -1.1421555      2.8693178      1.7271623      0.39520673   
      8020   1.92423       -1.1763011      2.8719133      1.6956121      0.35981868   
      8030   1.9109264     -1.1894569      2.8520577      1.6626008      0.33252558   
      8040   1.8978122     -1.2036344      2.8324847      1.6288504      0.32348862   
      8050   1.9072479     -1.2507233      2.8465675      1.5958442      0.27479488   
      8060   1.8920028     -1.2615074      2.8238142      1.5623068      0.25694635   
      8070   1.8953569     -1.2996052      2.8288202      1.529215       0.22358266   
      8080   1.8190212     -1.2169502      2.7148892      1.4979389      0.29566352   
      8090   1.8397386     -1.2769934      2.7458098      1.4688164      0.23771545   
      8100   1.8218302     -1.2771395      2.7190815      1.441942       0.24031766   
      8110   1.7987545     -1.2662448      2.6846411      1.4183963      0.25393892   
      8120   1.7766863     -1.2528343      2.6517043      1.3988701      0.25803807   
      8130   1.7853996     -1.2816559      2.6647089      1.383053       0.22669098   
      8140   1.7560306     -1.2493294      2.6208757      1.3715463      0.26514334   
      8150   1.7715771     -1.2786084      2.6440788      1.3654704      0.25110436   
      8160   1.7813482     -1.2931601      2.6586622      1.3655021      0.26232417   
      8170   1.7693371     -1.2691802      2.6407356      1.3715553      0.31082731   
      8180   1.8228846     -1.3343596      2.7206552      1.3862956      0.27150529   
      8190   1.8494896     -1.3500248      2.7603632      1.4103384      0.2870118    
      8200   1.8149227     -1.2640414      2.7087722      1.4447308      0.3680071    
      8210   1.8888872     -1.3285437      2.8191641      1.4906204      0.29235908   
      8220   1.9218108     -1.3197139      2.8683026      1.5485887      0.27439043   
      8230   1.9563718     -1.3042165      2.9198849      1.6156683      0.26074655   
      8240   2.0330849     -1.3485716      3.0343792      1.6858077      0.22622506   
      8250   2.0124784     -1.2518781      3.0036241      1.7517459      0.3440616    
      8260   2.0231884     -1.2102742      3.0196087      1.8093345      0.38827483   
      8270   2.0921104     -1.2632889      3.1224748      1.8591859      0.30747353   
      8280   2.1361852     -1.2884486      3.1882565      1.8998079      0.267867     
      8290   2.0693869     -1.1583117      3.0885599      1.9302482      0.39075731   
      8300   2.141724      -1.2430064      3.196523       1.9535166      0.32225074   
      8310   2.1168468     -1.188497       3.1593939      1.9708969      0.38380083   
      8320   2.1632266     -1.24698        3.2286157      1.9816357      0.33764585   
      8330   2.1897649     -1.2812209      3.2682241      1.9870033      0.31898992   
      8340   2.159324      -1.2372995      3.2227911      1.9854916      0.39768312   
      8350   2.133846      -1.2047653      3.1847651      1.9799999      0.45148209   
      8360   2.1804568     -1.2844016      3.2543317      1.9699302      0.37808812   
      8370   2.1930111     -1.3187831      3.2730691      1.954286       0.34784207   
      8380   2.1539701     -1.2816991      3.2148004      1.9331013      0.38755912   
      8390   2.1676928     -1.3283718      3.2352815      1.9069098      0.34994626   
      8400   2.093351      -1.247316       3.1243264      1.8770104      0.42390491   
      8410   2.0118001     -1.1570158      3.0026117      1.8455959      0.48189313   
      8420   2.0789733     -1.2895759      3.1028677      1.8132918      0.32573696   
      8430   2.0093224     -1.2177672      2.9989137      1.7811464      0.36280919   
      8440   2.0589071     -1.3260464      3.0729189      1.7468725      0.30070445   
      8450   1.9382406     -1.1777058      2.8928241      1.7151182      0.48775051   
      8460   1.9159057     -1.1736048      2.8594892      1.6858845      0.51433268   
      8470   1.9301243     -1.219868       2.8807105      1.6608425      0.436939     
      8480   2.0089092     -1.3615306      2.998297       1.6367665      0.26316695   
      8490   1.9243983     -1.2574918      2.8721645      1.6146727      0.33682728   
      8500   1.9486076     -1.3129282      2.9082968      1.5953686      0.28205745   
      8510   1.8895128     -1.2413431      2.8200979      1.5787547      0.34531101   
      8520   1.8978197     -1.2669838      2.8324959      1.5655122      0.32683036   
      8530   1.9009689     -1.2815562      2.8371961      1.5556398      0.30784656   
      8540   1.8548545     -1.2192908      2.7683704      1.5490795      0.34787587   
      8550   1.8793921     -1.2585946      2.8049928      1.5463982      0.27751685   
      8560   1.8881035     -1.2710065      2.8179944      1.5469879      0.23599465   
      8570   1.8756285     -1.2487685      2.7993755      1.5506069      0.25687074   
      8580   1.8857417     -1.2561303      2.8144694      1.5583391      0.24959864   
      8590   1.8810195     -1.2375002      2.8074216      1.5699214      0.26970336   
      8600   1.8866835     -1.2311306      2.8158752      1.5847446      0.27787161   
      8610   1.9161799     -1.2560115      2.8598984      1.603887       0.26242193   
      8620   1.907109      -1.2197749      2.8463602      1.6265853      0.32374756   
      8630   1.9142779     -1.2040215      2.8570598      1.6530383      0.37325486   
      8640   1.9427631     -1.2161267      2.8995739      1.6834472      0.35681418   
      8650   1.9467777     -1.1856731      2.9055657      1.7198927      0.3531386    
      8660   2.0082454     -1.2374063      2.9973063      1.7599001      0.28559614   
      8670   2.0243395     -1.2192929      3.0213266      1.8020338      0.28923358   
      8680   2.0606667     -1.2298689      3.075545       1.8456761      0.28324896   
      8690   2.0645416     -1.1921487      3.0813284      1.8891797      0.34533825   
      8700   2.1187429     -1.2314552      3.1622239      1.9307687      0.34411757   
      8710   2.1336804     -1.2149902      3.1845179      1.9695277      0.39005573   
      8720   2.174638      -1.2425232      3.2456472      2.003124       0.38900235   
      8730   2.1762198     -1.2163703      3.248008       2.0316377      0.44034961   
      8740   2.2044191     -1.2380829      3.2900955      2.0520126      0.42763246   
      8750   2.2707867     -1.3245387      3.3891492      2.0646105      0.34092177   
      8760   2.2335654     -1.2651935      3.3335964      2.0684029      0.40269376   
      8770   2.1755746     -1.1814276      3.247045       2.0656175      0.48625023   
      8780   2.1856475     -1.2048686      3.262079       2.0572104      0.44783821   
      8790   2.2216019     -1.2727908      3.3157408      2.0429499      0.35281263   
      8800   2.2140355     -1.2815469      3.304448       2.022901       0.3247552    
      8810   2.1555972     -1.2180617      3.2172288      1.9991671      0.38638921   
      8820   2.1836565     -1.2866558      3.2591073      1.9724515      0.35391976   
      8830   2.149147      -1.2617521      3.2076018      1.9458498      0.40169283   
      8840   2.1743055     -1.3261692      3.2451509      1.9189817      0.38274358   
      8850   2.1279029     -1.2822773      3.1758951      1.8936179      0.4552607    
      8860   2.0904668     -1.247646       3.1200217      1.8723758      0.47788639   
      8870   2.1186269     -1.3088557      3.1620507      1.8531949      0.37878503   
      8880   2.0696162     -1.2528654      3.0889022      1.8360368      0.3868546    
      8890   2.1101485     -1.3297398      3.1493967      1.8196569      0.2825004    
      8900   2.0917489     -1.317918       3.1219353      1.8040173      0.27055985   
      8910   2.0973253     -1.3426224      3.1302581      1.7876357      0.25270273   
      8920   2.0654082     -1.3121204      3.0826218      1.7705013      0.31523698   
      8930   2.0312885     -1.2778185      3.0316981      1.7538796      0.38183501   
      8940   1.9883369     -1.2289615      2.9675928      1.7386313      0.42189755   
      8950   2.0458331     -1.3301959      3.053406       1.7232101      0.2961903    
      8960   2.0193866     -1.3065457      3.0139344      1.7073888      0.29986987   
      8970   2.0149247     -1.3158106      3.0072751      1.6914645      0.29799531   
      8980   2.0120541     -1.3273038      3.0029907      1.6756869      0.30283197   
      8990   1.9754607     -1.2879731      2.9483751      1.660402       0.35613585   
      9000   2.0400811     -1.4003658      3.044821       1.6444551      0.28866986   
      9010   1.9867367     -1.3367218      2.9652046      1.6284828      0.40125199   
      9020   1.9132714     -1.242806       2.8555576      1.6127516      0.53090202   
      9030   1.9460572     -1.307157       2.9044904      1.5973334      0.49769105   
      9040   1.9529791     -1.3306643      2.9148213      1.584157       0.44042268   
      9050   2.0094102     -1.4265512      2.9990447      1.5724935      0.28843091   
      9060   1.9778131     -1.3918897      2.9518861      1.5599964      0.30831579   
      9070   1.9567105     -1.3723934      2.9203904      1.547997       0.34395087   
      9080   1.8980791     -1.2955117      2.832883       1.5373713      0.40981283   
      9090   1.9203831     -1.336791       2.8661717      1.5293808      0.33760012   
      9100   1.9652205     -1.4100026      2.9330916      1.523089       0.23885764   
      9110   1.8903711     -1.3032715      2.8213789      1.5181074      0.34221334   
      9120   1.8287012     -1.2128506      2.7293365      1.5164859      0.42665557   
      9130   1.8138907     -1.1872261      2.7072319      1.5200058      0.41226945   
      9140   1.8921971     -1.2952902      2.8241042      1.528814       0.26908149   
      9150   1.8666983     -1.2436606      2.7860472      1.5423866      0.27766632   
      9160   1.9145193     -1.297116       2.8574201      1.5603041      0.20701725   
      9170   1.9048235     -1.2598061      2.8429491      1.583143       0.23651124   
      9180   1.9526657     -1.3038633      2.9143535      1.6104902      0.21648956   
      9190   1.9399713     -1.2529363      2.8954072      1.6424709      0.30095797   
      9200   1.9489265     -1.2307168      2.9087728      1.6780561      0.3592763    
      9210   1.9869268     -1.2484921      2.9654883      1.7169962      0.36283651   
      9220   1.9983785     -1.2239633      2.9825799      1.7586167      0.38118326   
      9230   2.045238      -1.250323       3.0525177      1.8021947      0.34361697   
      9240   2.0694369     -1.2440748      3.0886346      1.8445598      0.33562999   
      9250   2.065973      -1.1993904      3.0834648      1.8840743      0.37764679   
      9260   2.0529938     -1.1433134      3.0640932      1.9207798      0.42587324   
      9270   2.1609575     -1.2707717      3.2252291      1.9544574      0.28962553   
      9280   2.1766295     -1.2656074      3.2486196      1.9830122      0.285608     
      9290   2.2282748     -1.3220921      3.3257001      2.003608       0.26218152   
      9300   2.147931      -1.1892742      3.205787       2.0165128      0.43220947   
      9310   2.1581568     -1.1989208      3.221049       2.0221282      0.47791118   
      9320   2.1715485     -1.2174315      3.2410362      2.0236047      0.47206038   
      9330   2.2278507     -1.3064812      3.3250672      2.018586       0.37380491   
      9340   2.1930335     -1.2663021      3.2731025      2.0068004      0.38621425   
      9350   2.2237785     -1.3303843      3.3189893      1.9886051      0.31769816   
      9360   2.1536014     -1.2490687      3.2142501      1.9651813      0.386651     
      9370   2.1198747     -1.2263112      3.1639129      1.9376017      0.41721674   
      9380   2.1550222     -1.3087051      3.2163707      1.9076656      0.33716983   
      9390   2.1665466     -1.3593888      3.2335708      1.874182       0.27854882   
      9400   2.124226      -1.3321044      3.1704073      1.8383029      0.31410907   
      9410   2.1103391     -1.347548       3.1496811      1.8021331      0.32862875   
      9420   2.0795871     -1.3367245      3.1037838      1.7670593      0.3701961    
      9430   2.0199266     -1.2801668      3.0147405      1.7345737      0.44498102   
      9440   1.9632797     -1.222177       2.9301949      1.7080179      0.4835986    
      9450   1.9820941     -1.270936       2.9582755      1.6873395      0.37173184   
      9460   1.9818219     -1.2874779      2.9578692      1.6703913      0.29223997   
      9470   1.9366529     -1.23325        2.8904545      1.6572044      0.30608051   
      9480   1.9405629     -1.2481878      2.8962902      1.6481024      0.2714097    
      9490   1.8908611     -1.180271       2.8221102      1.6418392      0.3356683    
      9500   1.889943      -1.1802781      2.8207399      1.6404619      0.33736566   
      9510   1.894192      -1.1848055      2.8270816      1.6422761      0.31749792   
      9520   1.9248815     -1.2269002      2.8728857      1.6459855      0.2720146    
      9530   1.9232901     -1.2187596      2.8705104      1.6517508      0.28040669   
      9540   1.911483      -1.1934532      2.8528884      1.6594352      0.30457361   
      9550   1.9210705     -1.1987889      2.8671977      1.6684088      0.30663061   
      9560   1.9479411     -1.228696       2.907302       1.678606       0.28243253   
      9570   1.9455795     -1.2130083      2.9037774      1.6907691      0.29163821   
      9580   1.9489722     -1.2052247      2.9088411      1.7036164      0.30100638   
      9590   1.9990347     -1.2658606      2.9835593      1.7176987      0.24225318   
      9600   2.0229307     -1.2875679      3.0192241      1.7316562      0.22951854   
      9610   2.0046848     -1.2468188      2.9919921      1.7451734      0.29754874   
      9620   2.0063269     -1.2369522      2.9944429      1.7574907      0.36275294   
      9630   1.9794701     -1.1842568      2.9543591      1.7701023      0.45102709   
      9640   2.054457      -1.2834437      3.066277       1.7828333      0.37292703   
      9650   2.0264028     -1.2285868      3.0244062      1.7958194      0.41736297   
      9660   2.055014      -1.2595557      3.0671084      1.8075527      0.36954458   
      9670   2.057914      -1.2520575      3.0714367      1.8193792      0.34502384   
      9680   2.0943982     -1.2970736      3.1258893      1.8288157      0.2836148    
      9690   2.0480671     -1.2206023      3.0567401      1.8361378      0.33989573   
      9700   2.0432397     -1.2071839      3.0495352      1.8423514      0.3384076    
      9710   2.0457814     -1.2061638      3.0533288      1.847165       0.33222969   
      9720   2.0494257     -1.207269       3.0587679      1.8514989      0.33405563   
      9730   2.0482114     -1.2025126      3.0569555      1.8544429      0.34449555   
      9740   2.0678412     -1.2304096      3.0862529      1.8558434      0.33018214   
      9750   2.048407      -1.2019199      3.0572475      1.8553276      0.3729808    
      9760   2.0458278     -1.2003065      3.0533979      1.8530915      0.37143178   
      9770   2.0434262     -1.1998538      3.0498136      1.8499598      0.35242952   
      9780   2.0450211     -1.2083722      3.052194       1.8438218      0.33562785   
      9790   2.0452077     -1.2158867      3.0524725      1.8365858      0.33002027   
      9800   1.9831387     -1.1335746      2.9598345      1.8262599      0.4166426    
      9810   2.0382775     -1.2290925      3.0421292      1.8130368      0.34636225   
      9820   2.0479548     -1.2604824      3.0565725      1.7960901      0.33674071   
      9830   1.9954085     -1.2028126      2.9781472      1.7753346      0.41187074   
      9840   1.9835318     -1.2099184      2.9604212      1.7505028      0.41405316   
      9850   2.0082906     -1.27384        2.9973737      1.7235337      0.35672292   
      9860   2.0134792     -1.3126511      3.0051178      1.6924667      0.31424207   
      9870   1.9705881     -1.2822639      2.9411028      1.6588389      0.33256604   
      9880   1.9981223     -1.3593652      2.9821976      1.6228323      0.25804467   
      9890   1.9505768     -1.3260081      2.9112359      1.5852279      0.30734461   
      9900   1.8822989     -1.2600661      2.8093311      1.549265       0.39367064   
      9910   1.8816428     -1.2921505      2.8083519      1.5162014      0.36773834   
      9920   1.8929211     -1.3395855      2.8251847      1.4855992      0.33196587   
      9930   1.8413019     -1.2885152      2.7481431      1.4596279      0.37819563   
      9940   1.8362871     -1.3025514      2.7406584      1.438107       0.34949765   
      9950   1.8408177     -1.3275081      2.7474204      1.4199123      0.31596124   
      9960   1.8199815     -1.3094538      2.7163224      1.4068686      0.31840742   
      9970   1.80072       -1.2886865      2.6875746      1.3988881      0.3045757    
      9980   1.8468417     -1.3609406      2.7564112      1.3954707      0.21454589   
      9990   1.8179816     -1.3161372      2.7133375      1.3972003      0.26358841   
     10000   1.7923413     -1.2710816      2.6750695      1.4039879      0.32703907   
     10010   1.8242821     -1.3065677      2.7227411      1.4161734      0.31027926   
     10020   1.8113232     -1.2679608      2.7033998      1.4354391      0.33597135   
     10030   1.8351846     -1.2785604      2.739013       1.4604526      0.30204061   
     10040   1.8784926     -1.3127434      2.8036503      1.4909069      0.24574784   
     10050   1.8530257     -1.2383086      2.7656409      1.5273323      0.29527957   
     10060   1.9085348     -1.2803292      2.8484882      1.5681589      0.26106824   
     10070   1.9265732     -1.2624939      2.8754104      1.6129165      0.2913589    
     10080   1.9626981     -1.2695633      2.9293268      1.6597636      0.31074187   
     10090   1.9582601     -1.2175585      2.9227032      1.7051447      0.37681341   
     10100   2.0490158     -1.3084227      3.0581561      1.7497334      0.30323023   
     10110   2.0411756     -1.2575034      3.0464546      1.7889513      0.34379102   
     10120   2.1027174     -1.3167981      3.1383057      1.8215076      0.29750875   
     10130   2.1189444     -1.3151804      3.1625245      1.8473441      0.33199042   
     10140   2.1324959     -1.3154693      3.1827502      1.8672809      0.37811355   
     10150   2.0966144     -1.2482244      3.129197       1.8809726      0.48003513   
     10160   2.1958004     -1.3895883      3.2772321      1.8876437      0.37888875   
     10170   2.1168298     -1.2696371      3.1593684      1.8897313      0.49162398   
     10180   2.1660284     -1.3456531      3.2327974      1.8871443      0.41364953   
     10190   2.123183      -1.2879826      3.1688507      1.8808681      0.44215541   
     10200   2.1543563     -1.3454422      3.2153768      1.8699346      0.36198464   
     10210   2.1415433     -1.3408545      3.1962533      1.8553988      0.33425021   
     10220   2.1418889     -1.3590106      3.1967692      1.8377586      0.31186344   
     10230   2.1009779     -1.3183284      3.1357095      1.8173812      0.35605952   
     10240   2.1440764     -1.4050967      3.200034       1.7949373      0.28166316   
     10250   2.0626607     -1.3080325      3.0785211      1.7704886      0.38131694   
     10260   2.0422814     -1.3019702      3.048105       1.7461349      0.38168916   
     10270   2.0391111     -1.320798       3.0433734      1.7225754      0.34908694   
     10280   2.0124145     -1.3043483      3.0035287      1.6991803      0.38885149   
     10290   1.9625557     -1.2514692      2.9291144      1.6776451      0.44966536   
     10300   1.9823914     -1.2995596      2.9587191      1.6591595      0.38343433   
     10310   1.9787756     -1.31216        2.9533226      1.6411626      0.34447248   
     10320   1.9589969     -1.2988688      2.9238029      1.624934       0.34876776   
     10330   1.9597624     -1.3132573      2.9249453      1.6116881      0.31380733   
     10337   1.9570341     -1.3167139      2.9208734      1.6041595      0.28602362 
