# Time-averaged data for fix rdf
# TimeStep Number-of-rows
# Row c_myRDF[1] c_myRDF[2] c_myRDF[3]
11000 100
1 0.0125 0 0
2 0.0375 0 0
3 0.0625 0 0
4 0.0875 0 0
5 0.1125 0 0
6 0.1375 0 0
7 0.1625 0 0
8 0.1875 0 0
9 0.2125 0 0
10 0.2375 0 0
11 0.2625 0 0
12 0.2875 0 0
13 0.3125 0 0
14 0.3375 0 0
15 0.3625 0 0
16 0.3875 0 0
17 0.4125 0 0
18 0.4375 0 0
19 0.4625 0 0
20 0.4875 0 0
21 0.5125 0 0
22 0.5375 0 0
23 0.5625 0 0
24 0.5875 0 0
25 0.6125 0 0
26 0.6375 0 0
27 0.6625 0 0
28 0.6875 0 0
29 0.7125 0 0
30 0.7375 0 0
31 0.7625 0 0
32 0.7875 0 0
33 0.8125 0 0
34 0.8375 0 0
35 0.8625 0 0
36 0.8875 0 0
37 0.9125 4.52919e-05 1e-05
38 0.9375 0.00388323 0.000915
39 0.9625 0.0550178 0.01443
40 0.9875 0.297072 0.091245
41 1.0125 0.906115 0.337555
42 1.0375 1.78192 0.84615
43 1.0625 2.61487 1.62889
44 1.0875 3.17638 2.62497
45 1.1125 3.35297 3.72533
46 1.1375 3.23909 4.83663
47 1.1625 2.93937 5.8899
48 1.1875 2.54933 6.84313
49 1.2125 2.16394 7.68668
50 1.2375 1.78684 8.41225
51 1.2625 1.48366 9.03929
52 1.2875 1.2073 9.56994
53 1.3125 0.994262 10.0241
54 1.3375 0.824498 10.4152
55 1.3625 0.696955 10.7582
56 1.3875 0.599828 11.0644
57 1.4125 0.53371 11.3468
58 1.4375 0.490833 11.6157
59 1.4625 0.467717 11.881
60 1.4875 0.469053 12.1562
61 1.5125 0.477869 12.446
62 1.5375 0.49946 12.7591
63 1.5625 0.521113 13.0964
64 1.5875 0.553181 13.4661
65 1.6125 0.574817 13.8624
66 1.6375 0.590143 14.282
67 1.6625 0.602677 14.7236
68 1.6875 0.61007 15.1843
69 1.7125 0.615028 15.6625
70 1.7375 0.630744 16.1674
71 1.7625 0.651743 16.7042
72 1.7875 0.69247 17.2909
73 1.8125 0.758166 17.9513
74 1.8375 0.851113 18.7133
75 1.8625 0.9652 19.601
76 1.8875 1.09385 20.6343
77 1.9125 1.23452 21.8316
78 1.9375 1.35455 23.1799
79 1.9625 1.44664 24.6572
80 1.9875 1.51276 26.2416
81 2.0125 1.52783 27.8824
82 2.0375 1.50855 29.5429
83 2.0625 1.45614 31.1853
84 2.0875 1.39021 32.7916
85 2.1125 1.31897 34.3523
86 2.1375 1.23994 35.8544
87 2.1625 1.17878 37.3161
88 2.1875 1.13108 38.7511
89 2.2125 1.0857 40.1603
90 2.2375 1.04557 41.5483
91 2.2625 1.01066 42.92
92 2.2875 0.97745 44.2762
93 2.3125 0.950129 45.6234
94 2.3375 0.922101 46.9593
95 2.3625 0.891225 48.2782
96 2.3875 0.869589 49.5925
97 2.4125 0.858289 50.917
98 2.4375 0.855363 52.2645
99 2.4625 0.85395 53.6375
100 2.4875 0.864991 55.0567
12000 100
1 0.0125 0 0
2 0.0375 0 0
3 0.0625 0 0
4 0.0875 0 0
5 0.1125 0 0
6 0.1375 0 0
7 0.1625 0 0
8 0.1875 0 0
9 0.2125 0 0
10 0.2375 0 0
11 0.2625 0 0
12 0.2875 0 0
13 0.3125 0 0
14 0.3375 0 0
15 0.3625 0 0
16 0.3875 0 0
17 0.4125 0 0
18 0.4375 0 0
19 0.4625 0 0
20 0.4875 0 0
21 0.5125 0 0
22 0.5375 0 0
23 0.5625 0 0
24 0.5875 0 0
25 0.6125 0 0
26 0.6375 0 0
27 0.6625 0 0
28 0.6875 0 0
29 0.7125 0 0
30 0.7375 0 0
31 0.7625 0 0
32 0.7875 0 0
33 0.8125 0 0
34 0.8375 0 0
35 0.8625 0 0
36 0.8875 0 0
37 0.9125 0.00011323 2.5e-05
38 0.9375 0.00401196 0.00096
39 0.9625 0.0559948 0.014715
40 0.9875 0.301887 0.092775
41 1.0125 0.919506 0.342725
42 1.0375 1.80026 0.856555
43 1.0625 2.65807 1.65222
44 1.0875 3.2065 2.65775
45 1.1125 3.38117 3.76737
46 1.1375 3.22486 4.87378
47 1.1625 2.92496 5.9219
48 1.1875 2.53844 6.87105
49 1.2125 2.14071 7.70554
50 1.2375 1.77428 8.42601
51 1.2625 1.45745 9.04198
52 1.2875 1.19667 9.56795
53 1.3125 0.983524 10.0172
54 1.3375 0.816487 10.4045
55 1.3625 0.685537 10.7419
56 1.3875 0.587731 11.0419
57 1.4125 0.527056 11.3208
58 1.4375 0.490751 11.5897
59 1.4625 0.469559 11.856
60 1.4875 0.467621 12.1303
61 1.5125 0.482633 12.4231
62 1.5375 0.50305 12.7384
63 1.5625 0.527848 13.0801
64 1.5875 0.553915 13.4502
65 1.6125 0.576245 13.8475
66 1.6375 0.595874 14.2712
67 1.6625 0.605577 14.715
68 1.6875 0.610818 15.1762
69 1.7125 0.615414 15.6547
70 1.7375 0.63175 16.1604
71 1.7625 0.653722 16.6989
72 1.7875 0.696648 17.2891
73 1.8125 0.767958 17.958
74 1.8375 0.860992 18.7288
75 1.8625 0.977083 19.6275
76 1.8875 1.11387 20.6797
77 1.9125 1.25114 21.8931
78 1.9375 1.37209 23.2588
79 1.9625 1.45838 24.7481
80 1.9875 1.51387 26.3337
81 2.0125 1.52949 27.9763
82 2.0375 1.49729 29.6244
83 2.0625 1.44486 31.2541
84 2.0875 1.37758 32.8458
85 2.1125 1.29814 34.3819
86 2.1375 1.2329 35.8754
87 2.1625 1.17147 37.328
88 2.1875 1.1207 38.7499
89 2.2125 1.08007 40.1518
90 2.2375 1.04556 41.5397
91 2.2625 1.01167 42.9128
92 2.2875 0.978809 44.2709
93 2.3125 0.949427 45.6171
94 2.3375 0.921683 46.9524
95 2.3625 0.889982 48.2695
96 2.3875 0.872166 49.5877
97 2.4125 0.860495 50.9156
98 2.4375 0.854113 52.2611
99 2.4625 0.853642 53.6336
100 2.4875 0.863468 55.0503
13000 100
1 0.0125 0 0
2 0.0375 0 0
3 0.0625 0 0
4 0.0875 0 0
5 0.1125 0 0
6 0.1375 0 0
7 0.1625 0 0
8 0.1875 0 0
9 0.2125 0 0
10 0.2375 0 0
11 0.2625 0 0
12 0.2875 0 0
13 0.3125 0 0
14 0.3375 0 0
15 0.3625 0 0
16 0.3875 0 0
17 0.4125 0 0
18 0.4375 0 0
19 0.4625 0 0
20 0.4875 0 0
21 0.5125 0 0
22 0.5375 0 0
23 0.5625 0 0
24 0.5875 0 0
25 0.6125 0 0
26 0.6375 0 0
27 0.6625 0 0
28 0.6875 0 0
29 0.7125 0 0
30 0.7375 0 0
31 0.7625 0 0
32 0.7875 0 0
33 0.8125 0 0
34 0.8375 0 0
35 0.8625 0 0
36 0.8875 0 0
37 0.9125 6.79378e-05 1.5e-05
38 0.9375 0.00452686 0.00107
39 0.9625 0.0579082 0.015295
40 0.9875 0.318323 0.097605
41 1.0125 0.933117 0.351255
42 1.0375 1.83313 0.874465
43 1.0625 2.69426 1.68096
44 1.0875 3.22644 2.69275
45 1.1125 3.38999 3.80526
46 1.1375 3.24065 4.91709
47 1.1625 2.93044 5.96717
48 1.1875 2.53038 6.91331
49 1.2125 2.11591 7.73813
50 1.2375 1.75808 8.45203
51 1.2625 1.43912 9.06024
52 1.2875 1.17784 9.57795
53 1.3125 0.968363 10.0203
54 1.3375 0.805735 10.4025
55 1.3625 0.677421 10.7359
56 1.3875 0.587613 11.0359
57 1.4125 0.528096 11.3152
58 1.4375 0.492768 11.5852
59 1.4625 0.47104 11.8524
60 1.4875 0.468286 12.1271
61 1.5125 0.48424 12.4208
62 1.5375 0.505284 12.7376
63 1.5625 0.534074 13.0833
64 1.5875 0.557544 13.4559
65 1.6125 0.578726 13.8548
66 1.6375 0.593701 14.277
67 1.6625 0.610475 14.7243
68 1.6875 0.619096 15.1918
69 1.7125 0.625387 15.6781
70 1.7375 0.633548 16.1852
71 1.7625 0.658894 16.7279
72 1.7875 0.703105 17.3236
73 1.8125 0.770065 17.9944
74 1.8375 0.87152 18.7746
75 1.8625 0.991358 19.6865
76 1.8875 1.12056 20.745
77 1.9125 1.251 21.9583
78 1.9375 1.37225 23.3241
79 1.9625 1.45928 24.8143
80 1.9875 1.50974 26.3956
81 2.0125 1.52134 28.0294
82 2.0375 1.4939 29.6738
83 2.0625 1.44059 31.2987
84 2.0875 1.37049 32.8822
85 2.1125 1.29881 34.419
86 2.1375 1.22758 35.9062
87 2.1625 1.17276 37.3603
88 2.1875 1.12264 38.7847
89 2.2125 1.08308 40.1905
90 2.2375 1.05032 41.5847
91 2.2625 1.01842 42.967
92 2.2875 0.982557 44.3303
93 2.3125 0.949455 45.6765
94 2.3375 0.921945 47.0122
95 2.3625 0.893178 48.334
96 2.3875 0.871722 49.6515
97 2.4125 0.853584 50.9688
98 2.4375 0.847429 52.3038
99 2.4625 0.851904 53.6735
100 2.4875 0.860865 55.0859
14000 100
1 0.0125 0 0
2 0.0375 0 0
3 0.0625 0 0
4 0.0875 0 0
5 0.1125 0 0
6 0.1375 0 0
7 0.1625 0 0
8 0.1875 0 0
9 0.2125 0 0
10 0.2375 0 0
11 0.2625 0 0
12 0.2875 0 0
13 0.3125 0 0
14 0.3375 0 0
15 0.3625 0 0
16 0.3875 0 0
17 0.4125 0 0
18 0.4375 0 0
19 0.4625 0 0
20 0.4875 0 0
21 0.5125 0 0
22 0.5375 0 0
23 0.5625 0 0
24 0.5875 0 0
25 0.6125 0 0
26 0.6375 0 0
27 0.6625 0 0
28 0.6875 0 0
29 0.7125 0 0
30 0.7375 0 0
31 0.7625 0 0
32 0.7875 0 0
33 0.8125 0 0
34 0.8375 0 0
35 0.8625 0 0
36 0.8875 0 0
37 0.9125 9.05838e-05 2e-05
38 0.9375 0.00441959 0.00105
39 0.9625 0.0596383 0.0157
40 0.9875 0.319793 0.09839
41 1.0125 0.946949 0.3558
42 1.0375 1.86597 0.888385
43 1.0625 2.73285 1.70643
44 1.0875 3.2527 2.72646
45 1.1125 3.41867 3.84838
46 1.1375 3.24459 4.96156
47 1.1625 2.91539 6.00624
48 1.1875 2.50386 6.94247
49 1.2125 2.08492 7.75521
50 1.2375 1.73055 8.45792
51 1.2625 1.4101 9.05388
52 1.2875 1.15509 9.56159
53 1.3125 0.952611 9.99671
54 1.3375 0.785549 10.3693
55 1.3625 0.669326 10.6988
56 1.3875 0.58442 10.9971
57 1.4125 0.525005 11.2749
58 1.4375 0.490149 11.5434
59 1.4625 0.480456 11.8159
60 1.4875 0.476791 12.0956
61 1.5125 0.492434 12.3943
62 1.5375 0.513045 12.7159
63 1.5625 0.538175 13.0643
64 1.5875 0.561682 13.4396
65 1.6125 0.582693 13.8414
66 1.6375 0.603484 14.2704
67 1.6625 0.612781 14.7195
68 1.6875 0.617374 15.1857
69 1.7125 0.625618 15.6721
70 1.7375 0.637902 16.1827
71 1.7625 0.663999 16.7297
72 1.7875 0.705129 17.327
73 1.8125 0.782607 18.0087
74 1.8375 0.878708 18.7954
75 1.8625 1.00684 19.7215
76 1.8875 1.13834 20.7968
77 1.9125 1.26979 22.0283
78 1.9375 1.38641 23.4083
79 1.9625 1.46619 24.9055
80 1.9875 1.51664 26.494
81 2.0125 1.51842 28.1247
82 2.0375 1.48583 29.7602
83 2.0625 1.42596 31.3686
84 2.0875 1.35236 32.9311
85 2.1125 1.2797 34.4454
86 2.1375 1.21443 35.9166
87 2.1625 1.15707 37.3513
88 2.1875 1.11708 38.7686
89 2.2125 1.07485 40.1637
90 2.2375 1.04456 41.5503
91 2.2625 1.01281 42.925
92 2.2875 0.983739 44.2899
93 2.3125 0.955316 45.6444
94 2.3375 0.925835 46.9857
95 2.3625 0.897151 48.3134
96 2.3875 0.878709 49.6415
97 2.4125 0.86172 50.9713
98 2.4375 0.854849 52.318
99 2.4625 0.852594 53.6889
100 2.4875 0.859539 55.0991
15000 100
1 0.0125 0 0
2 0.0375 0 0
3 0.0625 0 0
4 0.0875 0 0
5 0.1125 0 0
6 0.1375 0 0
7 0.1625 0 0
8 0.1875 0 0
9 0.2125 0 0
10 0.2375 0 0
11 0.2625 0 0
12 0.2875 0 0
13 0.3125 0 0
14 0.3375 0 0
15 0.3625 0 0
16 0.3875 0 0
17 0.4125 0 0
18 0.4375 0 0
19 0.4625 0 0
20 0.4875 0 0
21 0.5125 0 0
22 0.5375 0 0
23 0.5625 0 0
24 0.5875 0 0
25 0.6125 0 0
26 0.6375 0 0
27 0.6625 0 0
28 0.6875 0 0
29 0.7125 0 0
30 0.7375 0 0
31 0.7625 0 0
32 0.7875 0 0
33 0.8125 0 0
34 0.8375 0 0
35 0.8625 0 0
36 0.8875 0 0
37 0.9125 4.52919e-05 1e-05
38 0.9375 0.00384033 0.000905
39 0.9625 0.0560763 0.01468
40 0.9875 0.314707 0.096055
41 1.0125 0.951474 0.354695
42 1.0375 1.85245 0.88342
43 1.0625 2.70901 1.69434
44 1.0875 3.2524 2.71426
45 1.1125 3.40893 3.83298
46 1.1375 3.25329 4.94915
47 1.1625 2.90724 5.99092
48 1.1875 2.51554 6.93151
49 1.2125 2.09981 7.75006
50 1.2375 1.73421 8.45425
51 1.2625 1.42588 9.05688
52 1.2875 1.1579 9.56582
53 1.3125 0.951932 10.0006
54 1.3375 0.789197 10.375
55 1.3625 0.669884 10.7047
56 1.3875 0.584352 11.003
57 1.4125 0.521792 11.279
58 1.4375 0.487612 11.5462
59 1.4625 0.476039 11.8162
60 1.4875 0.475112 12.0949
61 1.5125 0.490571 12.3925
62 1.5375 0.514402 12.7149
63 1.5625 0.538739 13.0637
64 1.5875 0.563343 13.4401
65 1.6125 0.585151 13.8436
66 1.6375 0.601711 14.2714
67 1.6625 0.611403 14.7194
68 1.6875 0.62134 15.1886
69 1.7125 0.627952 15.6769
70 1.7375 0.639976 16.1892
71 1.7625 0.662385 16.7347
72 1.7875 0.708511 17.335
73 1.8125 0.773251 18.0085
74 1.8375 0.875647 18.7925
75 1.8625 0.994843 19.7075
76 1.8875 1.13073 20.7756
77 1.9125 1.2678 22.0052
78 1.9375 1.38732 23.3861
79 1.9625 1.46797 24.8852
80 1.9875 1.51509 26.472
81 2.0125 1.51755 28.1017
82 2.0375 1.4849 29.7362
83 2.0625 1.43126 31.3506
84 2.0875 1.35639 32.9178
85 2.1125 1.28755 34.4413
86 2.1375 1.21816 35.9171
87 2.1625 1.15987 37.3552
88 2.1875 1.11156 38.7656
89 2.2125 1.07426 40.1599
90 2.2375 1.03992 41.5403
91 2.2625 1.01164 42.9134
92 2.2875 0.981057 44.2746
93 2.3125 0.950496 45.6223
94 2.3375 0.924406 46.9615
95 2.3625 0.901003 48.2949
96 2.3875 0.878405 49.6226
97 2.4125 0.863521 50.9552
98 2.4375 0.852675 52.2984
99 2.4625 0.854572 53.6724
100 2.4875 0.862779 55.088
16000 100
1 0.0125 0 0
2 0.0375 0 0
3 0.0625 0 0
4 0.0875 0 0
5 0.1125 0 0
6 0.1375 0 0
7 0.1625 0 0
8 0.1875 0 0
9 0.2125 0 0
10 0.2375 0 0
11 0.2625 0 0
12 0.2875 0 0
13 0.3125 0 0
14 0.3375 0 0
15 0.3625 0 0
16 0.3875 0 0
17 0.4125 0 0
18 0.4375 0 0
19 0.4625 0 0
20 0.4875 0 0
21 0.5125 0 0
22 0.5375 0 0
23 0.5625 0 0
24 0.5875 0 0
25 0.6125 0 0
26 0.6375 0 0
27 0.6625 0 0
28 0.6875 0 0
29 0.7125 0 0
30 0.7375 0 0
31 0.7625 0 0
32 0.7875 0 0
33 0.8125 0 0
34 0.8375 0 0
35 0.8625 0 0
36 0.8875 0 0
37 0.9125 4.52919e-05 1e-05
38 0.9375 0.00414069 0.000975
39 0.9625 0.0553842 0.01458
40 0.9875 0.316022 0.096295
41 1.0125 0.937311 0.351085
42 1.0375 1.84921 0.878885
43 1.0625 2.72182 1.69363
44 1.0875 3.24752 2.71203
45 1.1125 3.40099 3.82815
46 1.1375 3.24987 4.94314
47 1.1625 2.91981 5.98942
48 1.1875 2.51267 6.92893
49 1.2125 2.10949 7.75126
50 1.2375 1.72789 8.45289
51 1.2625 1.41689 9.05172
52 1.2875 1.15509 9.55942
53 1.3125 0.947762 9.99233
54 1.3375 0.789808 10.367
55 1.3625 0.667345 10.6955
56 1.3875 0.577936 10.9905
57 1.4125 0.519164 11.2651
58 1.4375 0.48847 11.5328
59 1.4625 0.471093 11.7999
60 1.4875 0.476195 12.0793
61 1.5125 0.491313 12.3773
62 1.5375 0.508985 12.6964
63 1.5625 0.538407 13.0449
64 1.5875 0.564278 13.422
65 1.6125 0.588683 13.8278
66 1.6375 0.606817 14.2593
67 1.6625 0.617216 14.7116
68 1.6875 0.627009 15.185
69 1.7125 0.630685 15.6754
70 1.7375 0.638639 16.1866
71 1.7625 0.664546 16.734
72 1.7875 0.706657 17.3327
73 1.8125 0.776832 18.0094
74 1.8375 0.874865 18.7926
75 1.8625 0.997419 19.71
76 1.8875 1.13277 20.7801
77 1.9125 1.25785 22
78 1.9375 1.381 23.3745
79 1.9625 1.47037 24.8761
80 1.9875 1.51551 26.4634
81 2.0125 1.52434 28.1004
82 2.0375 1.49327 29.7441
83 2.0625 1.43186 31.3592
84 2.0875 1.35863 32.929
85 2.1125 1.27842 34.4417
86 2.1375 1.21443 35.9129
87 2.1625 1.15421 37.3441
88 2.1875 1.1065 38.748
89 2.2125 1.06348 40.1283
90 2.2375 1.03437 41.5014
91 2.2625 1.00609 42.8669
92 2.2875 0.982041 44.2294
93 2.3125 0.951695 45.5789
94 2.3375 0.920051 46.9118
95 2.3625 0.898303 48.2412
96 2.3875 0.875878 49.565
97 2.4125 0.860054 50.8922
98 2.4375 0.855275 52.2396
99 2.4625 0.856618 53.6169
100 2.4875 0.86746 55.0401
17000 100
1 0.0125 0 0
2 0.0375 0 0
3 0.0625 0 0
4 0.0875 0 0
5 0.1125 0 0
6 0.1375 0 0
7 0.1625 0 0
8 0.1875 0 0
9 0.2125 0 0
10 0.2375 0 0
11 0.2625 0 0
12 0.2875 0 0
13 0.3125 0 0
14 0.3375 0 0
15 0.3625 0 0
16 0.3875 0 0
17 0.4125 0 0
18 0.4375 0 0
19 0.4625 0 0
20 0.4875 0 0
21 0.5125 0 0
22 0.5375 0 0
23 0.5625 0 0
24 0.5875 0 0
25 0.6125 0 0
26 0.6375 0 0
27 0.6625 0 0
28 0.6875 0 0
29 0.7125 0 0
30 0.7375 0 0
31 0.7625 0 0
32 0.7875 0 0
33 0.8125 0 0
34 0.8375 0 0
35 0.8625 0 0
36 0.8875 0 0
37 0.9125 6.79378e-05 1.5e-05
38 0.9375 0.00416214 0.000985
39 0.9625 0.0569108 0.014965
40 0.9875 0.315674 0.09659
41 1.0125 0.946563 0.353895
42 1.0375 1.87238 0.88831
43 1.0625 2.73089 1.70577
44 1.0875 3.27675 2.73333
45 1.1125 3.41704 3.85472
46 1.1375 3.2433 4.96746
47 1.1625 2.90667 6.00902
48 1.1875 2.50009 6.94384
49 1.2125 2.08652 7.7572
50 1.2375 1.71213 8.45243
51 1.2625 1.40888 9.04788
52 1.2875 1.14942 9.55308
53 1.3125 0.938031 9.98155
54 1.3375 0.784158 10.3535
55 1.3625 0.668056 10.6823
56 1.3875 0.582422 10.9797
57 1.4125 0.521801 11.2557
58 1.4375 0.493407 11.526
59 1.4625 0.477467 11.7968
60 1.4875 0.480831 12.0789
61 1.5125 0.493398 12.3782
62 1.5375 0.513596 12.7001
63 1.5625 0.534939 13.0464
64 1.5875 0.564809 13.4238
65 1.6125 0.583904 13.8264
66 1.6375 0.602977 14.2551
67 1.6625 0.6139 14.705
68 1.6875 0.6175 15.1713
69 1.7125 0.628229 15.6598
70 1.7375 0.643137 16.1746
71 1.7625 0.675333 16.7308
72 1.7875 0.715906 17.3374
73 1.8125 0.787986 18.0237
74 1.8375 0.883561 18.8148
75 1.8625 1.00708 19.7411
76 1.8875 1.13713 20.8152
77 1.9125 1.26962 22.0465
78 1.9375 1.38294 23.4231
79 1.9625 1.46354 24.9176
80 1.9875 1.51129 26.5005
81 2.0125 1.5119 28.1242
82 2.0375 1.4796 29.7528
83 2.0625 1.42118 31.3558
84 2.0875 1.34766 32.9129
85 2.1125 1.2771 34.4241
86 2.1375 1.21223 35.8926
87 2.1625 1.16061 37.3317
88 2.1875 1.11508 38.7465
89 2.2125 1.07962 40.1478
90 2.2375 1.04154 41.5304
91 2.2625 1.01594 42.9093
92 2.2875 0.98487 44.2758
93 2.3125 0.956988 45.6327
94 2.3375 0.924137 46.9715
95 2.3625 0.899459 48.3027
96 2.3875 0.875332 49.6256
97 2.4125 0.859351 50.9518
98 2.4375 0.850412 52.2915
99 2.4625 0.8521 53.6615
100 2.4875 0.855504 55.0651
18000 100
1 0.0125 0 0
2 0.0375 0 0
3 0.0625 0 0
4 0.0875 0 0
5 0.1125 0 0
6 0.1375 0 0
7 0.1625 0 0
8 0.1875 0 0
9 0.2125 0 0
10 0.2375 0 0
11 0.2625 0 0
12 0.2875 0 0
13 0.3125 0 0
14 0.3375 0 0
15 0.3625 0 0
16 0.3875 0 0
17 0.4125 0 0
18 0.4375 0 0
19 0.4625 0 0
20 0.4875 0 0
21 0.5125 0 0
22 0.5375 0 0
23 0.5625 0 0
24 0.5875 0 0
25 0.6125 0 0
26 0.6375 0 0
27 0.6625 0 0
28 0.6875 0 0
29 0.7125 0 0
30 0.7375 0 0
31 0.7625 0 0
32 0.7875 0 0
33 0.8125 0 0
34 0.8375 0 0
35 0.8625 0 0
36 0.8875 0 0
37 0.9125 0.000181168 4e-05
38 0.9375 0.00467705 0.00113
39 0.9625 0.0567073 0.01506
40 0.9875 0.314727 0.09644
41 1.0125 0.942645 0.35268
42 1.0375 1.86911 0.88616
43 1.0625 2.7126 1.69815
44 1.0875 3.26874 2.7232
45 1.1125 3.40686 3.84125
46 1.1375 3.24436 4.95435
47 1.1625 2.90894 5.99673
48 1.1875 2.48676 6.92656
49 1.2125 2.08039 7.73754
50 1.2375 1.7248 8.43791
51 1.2625 1.41107 9.03428
52 1.2875 1.1572 9.54291
53 1.3125 0.950597 9.97711
54 1.3375 0.79023 10.3519
55 1.3625 0.666624 10.6801
56 1.3875 0.58491 10.9787
57 1.4125 0.526886 11.2574
58 1.4375 0.49463 11.5284
59 1.4625 0.47782 11.7994
60 1.4875 0.480098 12.0811
61 1.5125 0.48748 12.3768
62 1.5375 0.511729 12.6975
63 1.5625 0.536576 13.0449
64 1.5875 0.562363 13.4206
65 1.6125 0.582076 13.822
66 1.6375 0.600516 14.2489
67 1.6625 0.614999 14.6996
68 1.6875 0.62087 15.1684
69 1.7125 0.62884 15.6574
70 1.7375 0.649064 16.1769
71 1.7625 0.672219 16.7306
72 1.7875 0.718213 17.3391
73 1.8125 0.790391 18.0276
74 1.8375 0.883651 18.8187
75 1.8625 1.00611 19.7441
76 1.8875 1.1345 20.8158
77 1.9125 1.25992 22.0377
78 1.9375 1.37904 23.4103
79 1.9625 1.45729 24.8985
80 1.9875 1.50651 26.4764
81 2.0125 1.5047 28.0923
82 2.0375 1.46836 29.7086
83 2.0625 1.4185 31.3085
84 2.0875 1.34671 32.8646
85 2.1125 1.28128 34.3807
86 2.1375 1.21987 35.8585
87 2.1625 1.16364 37.3013
88 2.1875 1.11808 38.7199
89 2.2125 1.07501 40.1152
90 2.2375 1.04795 41.5063
91 2.2625 1.01862 42.8889
92 2.2875 0.982885 44.2526
93 2.3125 0.956889 45.6094
94 2.3375 0.92657 46.9518
95 2.3625 0.902695 48.2877
96 2.3875 0.879824 49.6174
97 2.4125 0.861691 50.9472
98 2.4375 0.851517 52.2886
99 2.4625 0.852526 53.6594
100 2.4875 0.857729 55.0666
19000 100
1 0.0125 0 0
2 0.0375 0 0
3 0.0625 0 0
4 0.0875 0 0
5 0.1125 0 0
6 0.1375 0 0
7 0.1625 0 0
8 0.1875 0 0
9 0.2125 0 0
10 0.2375 0 0
11 0.2625 0 0
12 0.2875 0 0
13 0.3125 0 0
14 0.3375 0 0
15 0.3625 0 0
16 0.3875 0 0
17 0.4125 0 0
18 0.4375 0 0
19 0.4625 0 0
20 0.4875 0 0
21 0.5125 0 0
22 0.5375 0 0
23 0.5625 0 0
24 0.5875 0 0
25 0.6125 0 0
26 0.6375 0 0
27 0.6625 0 0
28 0.6875 0 0
29 0.7125 0 0
30 0.7375 0 0
31 0.7625 0 0
32 0.7875 0 0
33 0.8125 0 0
34 0.8375 0 0
35 0.8625 0 0
36 0.8875 0 0
37 0.9125 6.79378e-05 1.5e-05
38 0.9375 0.00467705 0.001105
39 0.9625 0.0563002 0.014935
40 0.9875 0.316641 0.09681
41 1.0125 0.938359 0.351885
42 1.0375 1.86082 0.883
43 1.0625 2.73037 1.70031
44 1.0875 3.25167 2.72001
45 1.1125 3.38891 3.83216
46 1.1375 3.24486 4.94544
47 1.1625 2.90738 5.98725
48 1.1875 2.50063 6.92226
49 1.2125 2.09051 7.73719
50 1.2375 1.72817 8.43893
51 1.2625 1.41505 9.03698
52 1.2875 1.15479 9.54455
53 1.3125 0.950367 9.97865
54 1.3375 0.784706 10.3509
55 1.3625 0.669346 10.6803
56 1.3875 0.582138 10.9775
57 1.4125 0.523729 11.2546
58 1.4375 0.490614 11.5234
59 1.4625 0.477705 11.7943
60 1.4875 0.480652 12.0763
61 1.5125 0.494536 12.3763
62 1.5375 0.516994 12.7003
63 1.5625 0.542292 13.0514
64 1.5875 0.565513 13.4293
65 1.6125 0.588067 13.8347
66 1.6375 0.606606 14.266
67 1.6625 0.615702 14.7172
68 1.6875 0.621552 15.1865
69 1.7125 0.624448 15.6721
70 1.7375 0.641375 16.1855
71 1.7625 0.669232 16.7367
72 1.7875 0.709626 17.3379
73 1.8125 0.781143 18.0183
74 1.8375 0.878373 18.8047
75 1.8625 0.999757 19.7243
76 1.8875 1.12982 20.7915
77 1.9125 1.26403 22.0174
78 1.9375 1.38085 23.3918
79 1.9625 1.46252 24.8854
80 1.9875 1.50689 26.4637
81 2.0125 1.50782 28.0829
82 2.0375 1.47461 29.7061
83 2.0625 1.4185 31.306
84 2.0875 1.3492 32.865
85 2.1125 1.27959 34.3791
86 2.1375 1.21684 35.8532
87 2.1625 1.16512 37.2979
88 2.1875 1.11952 38.7183
89 2.2125 1.07938 40.1193
90 2.2375 1.0465 41.5085
91 2.2625 1.01674 42.8885
92 2.2875 0.983317 44.2528
93 2.3125 0.957947 45.6111
94 2.3375 0.927657 46.955
95 2.3625 0.897479 48.2832
96 2.3875 0.875084 49.6058
97 2.4125 0.860401 50.9336
98 2.4375 0.850847 52.274
99 2.4625 0.850946 53.6422
100 2.4875 0.85775 55.0494
20000 100
1 0.0125 0 0
2 0.0375 0 0
3 0.0625 0 0
4 0.0875 0 0
5 0.1125 0 0
6 0.1375 0 0
7 0.1625 0 0
8 0.1875 0 0
9 0.2125 0 0
10 0.2375 0 0
11 0.2625 0 0
12 0.2875 0 0
13 0.3125 0 0
14 0.3375 0 0
15 0.3625 0 0
16 0.3875 0 0
17 0.4125 0 0
18 0.4375 0 0
19 0.4625 0 0
20 0.4875 0 0
21 0.5125 0 0
22 0.5375 0 0
23 0.5625 0 0
24 0.5875 0 0
25 0.6125 0 0
26 0.6375 0 0
27 0.6625 0 0
28 0.6875 0 0
29 0.7125 0 0
30 0.7375 0 0
31 0.7625 0 0
32 0.7875 0 0
33 0.8125 0 0
34 0.8375 0 0
35 0.8625 0 0
36 0.8875 0 0
37 0.9125 2.26459e-05 5e-06
38 0.9375 0.00411923 0.000965
39 0.9625 0.0560763 0.01474
40 0.9875 0.319252 0.09729
41 1.0125 0.960984 0.358515
42 1.0375 1.8841 0.896275
43 1.0625 2.76577 1.72418
44 1.0875 3.27404 2.75089
45 1.1125 3.42581 3.87515
46 1.1375 3.24257 4.98764
47 1.1625 2.9006 6.02703
48 1.1875 2.4895 6.95789
49 1.2125 2.07223 7.76569
50 1.2375 1.70224 8.4569
51 1.2625 1.38763 9.04336
52 1.2875 1.13149 9.54069
53 1.3125 0.93108 9.96598
54 1.3375 0.777338 10.3347
55 1.3625 0.663251 10.6612
56 1.3875 0.579728 10.9571
57 1.4125 0.525137 11.2349
58 1.4375 0.490724 11.5038
59 1.4625 0.484741 11.7787
60 1.4875 0.483038 12.0621
61 1.5125 0.497817 12.3641
62 1.5375 0.51717 12.6882
63 1.5625 0.545219 13.0412
64 1.5875 0.565842 13.4193
65 1.6125 0.590424 13.8263
66 1.6375 0.603842 14.2557
67 1.6625 0.615456 14.7067
68 1.6875 0.625989 15.1794
69 1.7125 0.628589 15.6681
70 1.7375 0.643999 16.1836
71 1.7625 0.666901 16.733
72 1.7875 0.720438 17.3433
73 1.8125 0.789208 18.0308
74 1.8375 0.892028 18.8294
75 1.8625 1.00888 19.7573
76 1.8875 1.14983 20.8435
77 1.9125 1.27825 22.0832
78 1.9375 1.39323 23.4699
79 1.9625 1.46588 24.9669
80 1.9875 1.50806 26.5464
81 2.0125 1.50651 28.1643
82 2.0375 1.46924 29.7815
83 2.0625 1.41074 31.3727
84 2.0875 1.33935 32.9203
85 2.1125 1.26766 34.4202
86 2.1375 1.20553 35.8807
87 2.1625 1.15158 37.3086
88 2.1875 1.11176 38.7192
89 2.2125 1.07962 40.1205
90 2.2375 1.04709 41.5104
91 2.2625 1.01991 42.8947
92 2.2875 0.988542 44.2663
93 2.3125 0.957326 45.6237
94 2.3375 0.927688 46.9677
95 2.3625 0.89908 48.2982
96 2.3875 0.877674 49.6247
97 2.4125 0.859743 50.9515
98 2.4375 0.849422 52.2896
99 2.4625 0.849543 53.6556
100 2.4875 0.855197 55.0587
