# Time-averaged data for fix rdf
# TimeStep Number-of-rows
# Row c_myRDF[1] c_myRDF[2] c_myRDF[3]
1000 100
1 0.0166 0 0
2 0.0498 0 0
3 0.083 0 0
4 0.1162 0 0
5 0.1494 0 0
6 0.1826 0 0
7 0.2158 0 0
8 0.249 0 0
9 0.2822 0 0
10 0.3154 0 0
11 0.3486 0 0
12 0.3818 0 0
13 0.415 0 0
14 0.4482 0 0
15 0.4814 0 0
16 0.5146 0 0
17 0.5478 0 0
18 0.581 0 0
19 0.6142 0 0
20 0.6474 0 0
21 0.6806 0 0
22 0.7138 0 0
23 0.747 0 0
24 0.7802 0 0
25 0.8134 0 0
26 0.8466 0 0
27 0.8798 0 0
28 0.913 0.0575392 0.0005
29 0.9462 0.401795 0.00425
30 0.9794 1.71259 0.021375
31 1.0126 4.01119 0.06425
32 1.0458 6.13971 0.13425
33 1.079 7.69373 0.227625
34 1.1122 7.37701 0.32275
35 1.1454 7.37602 0.423625
36 1.1786 7.4325 0.53125
37 1.2118 6.14893 0.625375
38 1.245 5.80991 0.71925
39 1.2782 5.65148 0.8155
40 1.3114 4.5183 0.8965
41 1.3446 3.75406 0.96725
42 1.3778 3.76484 1.04175
43 1.411 3.48135 1.114
44 1.4442 3.36338 1.18713
45 1.4774 2.93373 1.25388
46 1.5106 2.59074 1.3155
47 1.5438 2.4151 1.3755
48 1.577 2.37717 1.43712
49 1.6102 2.29866 1.49925
50 1.6434 2.13125 1.55925
51 1.6766 2.11593 1.62125
52 1.7098 1.99354 1.682
53 1.743 2.14331 1.74988
54 1.7762 2.07534 1.81813
55 1.8094 2.24895 1.89488
56 1.8426 1.98498 1.96513
57 1.8758 1.86081 2.03338
58 1.909 1.89208 2.10525
59 1.9422 1.9106 2.18038
60 1.9754 1.90223 2.25775
61 2.0086 1.86365 2.33613
62 2.0418 1.78628 2.41375
63 2.075 1.7073 2.49038
64 2.1082 1.45968 2.558
65 2.1414 1.40693 2.62525
66 2.1746 1.45052 2.69675
67 2.2078 1.44166 2.77
68 2.241 1.35867 2.84113
69 2.2742 1.31002 2.91175
70 2.3074 1.31989 2.985
71 2.3406 1.21705 3.0545
72 2.3738 1.09599 3.11888
73 2.407 1.07838 3.184
74 2.4402 1.07743 3.25087
75 2.4734 1.04086 3.31725
76 2.5066 0.904681 3.3765
77 2.5398 1.02061 3.44512
78 2.573 0.979953 3.51275
79 2.6062 0.916304 3.57763
80 2.6394 0.881348 3.64162
81 2.6726 0.854551 3.70525
82 2.7058 0.80095 3.76638
83 2.739 0.812022 3.82988
84 2.7722 0.851985 3.89813
85 2.8054 0.810607 3.96462
86 2.8386 0.760503 4.0285
87 2.8718 0.729935 4.09125
88 2.905 0.76166 4.15825
89 2.9382 0.69176 4.2205
90 2.9714 0.729359 4.28763
91 3.0046 0.758494 4.359
92 3.0378 0.735508 4.42975
93 3.071 0.662472 4.49487
94 3.1042 0.75167 4.57038
95 3.1374 0.729754 4.64525
96 3.1706 0.737217 4.7225
97 3.2038 0.72669 4.80025
98 3.237 0.75535 4.88275
99 3.2702 0.716543 4.96263
100 3.3034 0.759356 5.049
1500 100
1 0.0166 0 0
2 0.0498 0 0
3 0.083 0 0
4 0.1162 0 0
5 0.1494 0 0
6 0.1826 0 0
7 0.2158 0 0
8 0.249 0 0
9 0.2822 0 0
10 0.3154 0 0
11 0.3486 0 0
12 0.3818 0 0
13 0.415 0 0
14 0.4482 0 0
15 0.4814 0 0
16 0.5146 0 0
17 0.5478 0 0
18 0.581 0 0
19 0.6142 0 0
20 0.6474 0 0
21 0.6806 0 0
22 0.7138 0 0
23 0.747 0 0
24 0.7802 0 0
25 0.8134 0 0
26 0.8466 0 0
27 0.8798 0 0
28 0.913 0.0287696 0.00025
29 0.9462 0.334829 0.003375
30 0.9794 0.962548 0.013
31 1.0126 2.26872 0.03725
32 1.0458 4.07852 0.08375
33 1.079 4.2743 0.135625
34 1.1122 4.54641 0.19425
35 1.1454 4.78025 0.259625
36 1.1786 4.49748 0.32475
37 1.2118 4.08295 0.38725
38 1.245 3.78301 0.448375
39 1.2782 3.44961 0.507125
40 1.3114 3.15165 0.563625
41 1.3446 2.73927 0.61525
42 1.3778 2.62781 0.66725
43 1.411 2.75255 0.724375
44 1.4442 2.42623 0.777125
45 1.4774 2.22502 0.82775
46 1.5106 2.23865 0.881
47 1.5438 2.00252 0.93075
48 1.577 1.9191 0.9805
49 1.6102 1.94253 1.033
50 1.6434 1.705 1.081
51 1.6766 1.64667 1.12925
52 1.7098 1.57514 1.17725
53 1.743 1.87096 1.2365
54 1.7762 1.81688 1.29625
55 1.8094 1.7325 1.35538
56 1.8426 1.88608 1.42212
57 1.8758 1.7722 1.48713
58 1.909 1.7078 1.552
59 1.9422 1.80569 1.623
60 1.9754 1.58263 1.68738
61 2.0086 1.7299 1.76012
62 2.0418 1.6741 1.83288
63 2.075 1.57082 1.90338
64 2.1082 1.5838 1.97675
65 2.1414 1.57952 2.05225
66 2.1746 1.33387 2.118
67 2.2078 1.34818 2.1865
68 2.241 1.37539 2.2585
69 2.2742 1.36335 2.332
70 2.3074 1.34692 2.40675
71 2.3406 1.29147 2.4805
72 2.3738 1.29178 2.55638
73 2.407 1.22948 2.63062
74 2.4402 1.17208 2.70338
75 2.4734 1.2506 2.78313
76 2.5066 1.12417 2.85675
77 2.5398 1.19164 2.93687
78 2.573 1.13754 3.01538
79 2.6062 1.16348 3.09775
80 2.6394 1.0707 3.1755
81 2.6726 1.06945 3.25513
82 2.7058 1.02862 3.33363
83 2.739 1.06138 3.41662
84 2.7722 1.00647 3.49725
85 2.8054 0.966025 3.5765
86 2.8386 1.00904 3.66125
87 2.8718 1.00039 3.74725
88 2.905 1.00181 3.83537
89 2.9382 0.958463 3.92163
90 2.9714 0.975195 4.01138
91 3.0046 0.921882 4.09813
92 3.0378 0.912238 4.18588
93 3.071 0.94221 4.2785
94 3.1042 0.960743 4.375
95 3.1374 0.949046 4.47238
96 3.1706 0.895873 4.56625
97 3.2038 0.947501 4.66763
98 3.237 0.851486 4.76063
99 3.2702 0.883624 4.85913
100 3.3034 0.906612 4.96225
2000 100
1 0.0166 0 0
2 0.0498 0 0
3 0.083 0 0
4 0.1162 0 0
5 0.1494 0 0
6 0.1826 0 0
7 0.2158 0 0
8 0.249 0 0
9 0.2822 0 0
10 0.3154 0 0
11 0.3486 0 0
12 0.3818 0 0
13 0.415 0 0
14 0.4482 0 0
15 0.4814 0 0
16 0.5146 0 0
17 0.5478 0 0
18 0.581 0 0
19 0.6142 0 0
20 0.6474 0 0
21 0.6806 0 0
22 0.7138 0 0
23 0.747 0 0
24 0.7802 0 0
25 0.8134 0 0
26 0.8466 0 0
27 0.8798 0 0
28 0.913 0.0143848 0.000125
29 0.9462 0.388402 0.00375
30 0.9794 0.975049 0.0135
31 1.0126 1.71908 0.031875
32 1.0458 2.92733 0.06525
33 1.079 3.48123 0.1075
34 1.1122 3.59641 0.153875
35 1.1454 3.7657 0.205375
36 1.1786 3.55655 0.256875
37 1.2118 3.11938 0.304625
38 1.245 3.0326 0.353625
39 1.2782 2.8551 0.40225
40 1.3114 2.3986 0.44525
41 1.3446 2.36121 0.48975
42 1.3778 2.07824 0.530875
43 1.411 2.10206 0.5745
44 1.4442 1.89154 0.615625
45 1.4774 1.88989 0.658625
46 1.5106 1.89182 0.703625
47 1.5438 1.70567 0.746
48 1.577 1.70211 0.790125
49 1.6102 1.59565 0.83325
50 1.6434 1.53183 0.876375
51 1.6766 1.51869 0.920875
52 1.7098 1.61616 0.970125
53 1.743 1.54334 1.019
54 1.7762 1.55841 1.07025
55 1.8094 1.73616 1.1295
56 1.8426 1.53288 1.18375
57 1.8758 1.64951 1.24425
58 1.909 1.41165 1.29788
59 1.9422 1.58634 1.36025
60 1.9754 1.598 1.42525
61 2.0086 1.5902 1.49213
62 2.0418 1.55329 1.55963
63 2.075 1.42042 1.62337
64 2.1082 1.4273 1.6895
65 2.1414 1.44092 1.75838
66 2.1746 1.44798 1.82975
67 2.2078 1.49087 1.9055
68 2.241 1.48284 1.98313
69 2.2742 1.44682 2.06112
70 2.3074 1.34241 2.13563
71 2.3406 1.24988 2.207
72 2.3738 1.33647 2.2855
73 2.407 1.19843 2.35787
74 2.4402 1.20431 2.43263
75 2.4734 1.20552 2.5095
76 2.5066 1.16998 2.58613
77 2.5398 1.14331 2.663
78 2.573 1.21724 2.747
79 2.6062 1.15641 2.82887
80 2.6394 1.13783 2.9115
81 2.6726 1.07448 2.9915
82 2.7058 1.10233 3.07562
83 2.739 1.16049 3.16637
84 2.7722 1.12818 3.25675
85 2.8054 1.1062 3.3475
86 2.8386 1.00607 3.432
87 2.8718 1.07164 3.52413
88 2.905 1.05439 3.61687
89 2.9382 1.07376 3.7135
90 2.9714 1.05125 3.81025
91 3.0046 1.04143 3.90825
92 3.0378 1.05778 4.01
93 3.071 1.02868 4.11112
94 3.1042 0.983144 4.20987
95 3.1374 1.0258 4.31513
96 3.1706 0.998463 4.41975
97 3.2038 0.960353 4.5225
98 3.237 0.984244 4.63
99 3.2702 1.02379 4.74412
100 3.3034 0.952767 4.8525
2500 100
1 0.0166 0 0
2 0.0498 0 0
3 0.083 0 0
4 0.1162 0 0
5 0.1494 0 0
6 0.1826 0 0
7 0.2158 0 0
8 0.249 0 0
9 0.2822 0 0
10 0.3154 0 0
11 0.3486 0 0
12 0.3818 0 0
13 0.415 0 0
14 0.4482 0 0
15 0.4814 0 0
16 0.5146 0 0
17 0.5478 0 0
18 0.581 0 0
19 0.6142 0 0
20 0.6474 0 0
21 0.6806 0 0
22 0.7138 0 0
23 0.747 0 0
24 0.7802 0 0
25 0.8134 0 0
26 0.8466 0 0
27 0.8798 0 0
28 0.913 0.0287696 0.00025
29 0.9462 0.227684 0.002375
30 0.9794 0.762538 0.01
31 1.0126 1.66061 0.02775
32 1.0458 2.52167 0.0565
33 1.079 3.25464 0.096
34 1.1122 3.36376 0.139375
35 1.1454 3.29042 0.184375
36 1.1786 3.33211 0.232625
37 1.2118 2.80091 0.2755
38 1.245 2.83919 0.321375
39 1.2782 2.56152 0.365
40 1.3114 2.21731 0.40475
41 1.3446 2.18213 0.445875
42 1.3778 1.92664 0.484
43 1.411 1.87318 0.522875
44 1.4442 1.93754 0.565
45 1.4774 1.56576 0.600625
46 1.5106 1.6133 0.639
47 1.5438 1.73083 0.682
48 1.577 1.39352 0.718125
49 1.6102 1.38752 0.755625
50 1.6434 1.36311 0.794
51 1.6766 1.38218 0.8345
52 1.7098 1.53002 0.881125
53 1.743 1.4644 0.9275
54 1.7762 1.36456 0.972375
55 1.8094 1.47977 1.02287
56 1.8426 1.41986 1.07312
57 1.8758 1.48592 1.12763
58 1.909 1.37875 1.18
59 1.9422 1.55137 1.241
60 1.9754 1.36445 1.2965
61 2.0086 1.56939 1.3625
62 2.0418 1.31454 1.41963
63 2.075 1.45106 1.48475
64 2.1082 1.47047 1.55288
65 2.1414 1.52461 1.62575
66 2.1746 1.34908 1.69225
67 2.2078 1.32849 1.75975
68 2.241 1.36583 1.83125
69 2.2742 1.31002 1.90188
70 2.3074 1.30638 1.97437
71 2.3406 1.31555 2.0495
72 2.3738 1.22368 2.12138
73 2.407 1.31641 2.20088
74 2.4402 1.20632 2.27575
75 2.4734 1.22316 2.35375
76 2.5066 1.26159 2.43637
77 2.5398 1.19536 2.51675
78 2.573 1.17196 2.59762
79 2.6062 1.19526 2.68225
80 2.6394 1.12923 2.76425
81 2.6726 1.2004 2.85363
82 2.7058 1.16949 2.94287
83 2.739 1.07897 3.02725
84 2.7722 1.16875 3.12087
85 2.8054 1.15192 3.21538
86 2.8386 1.11471 3.309
87 2.8718 1.01493 3.39625
88 2.905 1.02597 3.4865
89 2.9382 1.0168 3.578
90 2.9714 1.11237 3.68038
91 3.0046 1.02284 3.77663
92 3.0378 1.06948 3.8795
93 3.071 1.06174 3.98388
94 3.1042 1.07524 4.09187
95 3.1374 1.04285 4.19888
96 3.1706 1.04737 4.30863
97 3.2038 1.02811 4.41863
98 3.237 1.00942 4.52888
99 3.2702 1.00585 4.641
100 3.3034 1.07804 4.76363
3000 100
1 0.0166 0 0
2 0.0498 0 0
3 0.083 0 0
4 0.1162 0 0
5 0.1494 0 0
6 0.1826 0 0
7 0.2158 0 0
8 0.249 0 0
9 0.2822 0 0
10 0.3154 0 0
11 0.3486 0 0
12 0.3818 0 0
13 0.415 0 0
14 0.4482 0 0
15 0.4814 0 0
16 0.5146 0 0
17 0.5478 0 0
18 0.581 0 0
19 0.6142 0 0
20 0.6474 0 0
21 0.6806 0 0
22 0.7138 0 0
23 0.747 0 0
24 0.7802 0 0
25 0.8134 0 0
26 0.8466 0 0
27 0.8798 0 0
28 0.913 0.0143848 0.000125
29 0.9462 0.187504 0.001875
30 0.9794 0.725036 0.009125
31 1.0126 1.23961 0.022375
32 1.0458 2.44492 0.05025
33 1.079 2.70877 0.083125
34 1.1122 3.07295 0.12275
35 1.1454 2.90654 0.1625
36 1.1786 2.80553 0.203125
37 1.2118 2.1558 0.236125
38 1.245 2.63032 0.278625
39 1.2782 2.1505 0.31525
40 1.3114 2.14061 0.353625
41 1.3446 2.12907 0.39375
42 1.3778 1.86979 0.43075
43 1.411 1.81897 0.4685
44 1.4442 1.74206 0.506375
45 1.4774 1.44489 0.53925
46 1.5106 1.44514 0.573625
47 1.5438 1.32328 0.6065
48 1.577 1.46584 0.6445
49 1.6102 1.42452 0.683
50 1.6434 1.31427 0.72
51 1.6766 1.38218 0.7605
52 1.7098 1.35774 0.801875
53 1.743 1.39335 0.846
54 1.7762 1.44818 0.893625
55 1.8094 1.35523 0.939875
56 1.8426 1.47284 0.992
57 1.8758 1.45184 1.04525
58 1.909 1.44456 1.10013
59 1.9422 1.44328 1.15687
60 1.9754 1.47508 1.21687
61 2.0086 1.33755 1.27312
62 2.0418 1.37207 1.33275
63 2.075 1.36472 1.394
64 2.1082 1.33827 1.456
65 2.1414 1.34155 1.52012
66 2.1746 1.34401 1.58638
67 2.2078 1.28421 1.65162
68 2.241 1.12944 1.71075
69 2.2742 1.30306 1.781
70 2.3074 1.26583 1.85125
71 2.3406 1.15138 1.917
72 2.3738 1.20665 1.98787
73 2.407 1.23569 2.0625
74 2.4402 1.11771 2.13187
75 2.4734 1.21924 2.20962
76 2.5066 1.09554 2.28137
77 2.5398 1.18978 2.36138
78 2.573 1.13754 2.43987
79 2.6062 1.22704 2.52675
80 2.6394 1.19464 2.6135
81 2.6726 1.15675 2.69962
82 2.7058 1.15474 2.78775
83 2.739 1.10454 2.87412
84 2.7722 1.1235 2.96412
85 2.8054 1.22048 3.06425
86 2.8386 1.1281 3.159
87 2.8718 1.11817 3.25513
88 2.905 1.07855 3.35
89 2.9382 1.14043 3.45262
90 2.9714 1.03903 3.54825
91 3.0046 1.06136 3.64813
92 3.0378 1.03309 3.7475
93 3.071 1.04139 3.84987
94 3.1042 1.07897 3.95825
95 3.1374 1.02945 4.06388
96 3.1706 1.0772 4.17675
97 3.2038 1.01643 4.2855
98 3.237 1.03918 4.399
99 3.2702 1.02379 4.51313
100 3.3034 0.98024 4.62462
3500 100
1 0.0166 0 0
2 0.0498 0 0
3 0.083 0 0
4 0.1162 0 0
5 0.1494 0 0
6 0.1826 0 0
7 0.2158 0 0
8 0.249 0 0
9 0.2822 0 0
10 0.3154 0 0
11 0.3486 0 0
12 0.3818 0 0
13 0.415 0 0
14 0.4482 0 0
15 0.4814 0 0
16 0.5146 0 0
17 0.5478 0 0
18 0.581 0 0
19 0.6142 0 0
20 0.6474 0 0
21 0.6806 0 0
22 0.7138 0 0
23 0.747 0 0
24 0.7802 0 0
25 0.8134 0 0
26 0.8466 0 0
27 0.8798 0 0
28 0.913 0 0
29 0.9462 0.120538 0.001125
30 0.9794 0.675034 0.007875
31 1.0126 1.52028 0.024125
32 1.0458 2.1489 0.048625
33 1.079 2.72937 0.08175
34 1.1122 2.78213 0.117625
35 1.1454 2.8974 0.15725
36 1.1786 2.76237 0.19725
37 1.2118 2.47427 0.235125
38 1.245 2.39823 0.273875
39 1.2782 2.0404 0.308625
40 1.3114 1.86868 0.342125
41 1.3446 1.79744 0.376
42 1.3778 1.79398 0.4115
43 1.411 1.42145 0.441
44 1.4442 1.3741 0.470875
45 1.4774 1.49434 0.504875
46 1.5106 1.50295 0.540625
47 1.5438 1.19246 0.57025
48 1.577 1.29708 0.603875
49 1.6102 1.28115 0.6385
50 1.6434 1.1633 0.67125
51 1.6766 1.22007 0.707
52 1.7098 1.25519 0.74525
53 1.743 1.26309 0.78525
54 1.7762 1.28854 0.827625
55 1.8094 1.32593 0.872875
56 1.8426 1.37748 0.921625
57 1.8758 1.34278 0.970875
58 1.909 1.38862 1.02363
59 1.9422 1.31612 1.07537
60 1.9754 1.25996 1.12662
61 2.0086 1.40888 1.18587
62 2.0418 1.36632 1.24525
63 2.075 1.26446 1.302
64 2.1082 1.35176 1.36463
65 2.1414 1.30232 1.42687
66 2.1746 1.16396 1.48425
67 2.2078 1.23501 1.547
68 2.241 1.1772 1.60862
69 2.2742 1.16858 1.67162
70 2.3074 1.27484 1.74238
71 2.3406 1.15576 1.80837
72 2.3738 1.14919 1.87587
73 2.407 1.21085 1.949
74 2.4402 1.20632 2.02387
75 2.4734 1.22316 2.10188
76 2.5066 1.23678 2.18287
77 2.5398 1.17305 2.26175
78 2.573 1.1792 2.34312
79 2.6062 1.10698 2.4215
80 2.6394 1.11373 2.50237
81 2.6726 1.09127 2.58363
82 2.7058 1.13509 2.67025
83 2.739 1.20045 2.76412
84 2.7722 1.16407 2.85738
85 2.8054 1.01783 2.94088
86 2.8386 1.08495 3.032
87 2.8718 1.10363 3.12687
88 2.905 1.12118 3.2255
89 2.9382 1.03347 3.3185
90 2.9714 1.092 3.419
91 3.0046 1.09457 3.522
92 3.0378 1.0136 3.6195
93 3.071 1.08335 3.726
94 3.1042 1.08644 3.83513
95 3.1374 1.04773 3.94262
96 3.1706 1.04022 4.05162
97 3.2038 1.03045 4.16188
98 3.237 1.06321 4.278
99 3.2702 0.99688 4.38912
100 3.3034 1.06266 4.51
4000 100
1 0.0166 0 0
2 0.0498 0 0
3 0.083 0 0
4 0.1162 0 0
5 0.1494 0 0
6 0.1826 0 0
7 0.2158 0 0
8 0.249 0 0
9 0.2822 0 0
10 0.3154 0 0
11 0.3486 0 0
12 0.3818 0 0
13 0.415 0 0
14 0.4482 0 0
15 0.4814 0 0
16 0.5146 0 0
17 0.5478 0 0
18 0.581 0 0
19 0.6142 0 0
20 0.6474 0 0
21 0.6806 0 0
22 0.7138 0 0
23 0.747 0 0
24 0.7802 0 0
25 0.8134 0 0
26 0.8466 0 0
27 0.8798 0 0
28 0.913 0 0
29 0.9462 0.0937521 0.000875
30 0.9794 0.525026 0.006125
31 1.0126 1.48519 0.022
32 1.0458 1.98444 0.044625
33 1.079 2.81177 0.07875
34 1.1122 2.57856 0.112
35 1.1454 2.88826 0.1515
36 1.1786 2.55519 0.1885
37 1.2118 2.03331 0.219625
38 1.245 2.25898 0.256125
39 1.2782 2.10646 0.292
40 1.3114 1.95932 0.327125
41 1.3446 1.84387 0.361875
42 1.3778 1.47182 0.391
43 1.411 1.566 0.4235
44 1.4442 1.49483 0.456
45 1.4774 1.38995 0.487625
46 1.5106 1.3558 0.519875
47 1.5438 1.3585 0.553625
48 1.577 1.32119 0.587875
49 1.6102 1.23027 0.621125
50 1.6434 1.18995 0.654625
51 1.6766 1.38218 0.695125
52 1.7098 1.13214 0.729625
53 1.743 1.3302 0.77175
54 1.7762 1.28094 0.813875
55 1.8094 1.30395 0.858375
56 1.8426 1.49403 0.91125
57 1.8758 1.36664 0.961375
58 1.909 1.23725 1.00838
59 1.9422 1.41467 1.064
60 1.9754 1.22616 1.11387
61 2.0086 1.28405 1.16787
62 2.0418 1.19085 1.21962
63 2.075 1.26167 1.27625
64 2.1082 1.26542 1.33487
65 2.1414 1.15326 1.39
66 2.1746 1.19439 1.44887
67 2.2078 1.17596 1.50862
68 2.241 1.17958 1.57037
69 2.2742 1.06888 1.628
70 2.3074 1.19376 1.69425
71 2.3406 1.15794 1.76037
72 2.3738 1.11088 1.82563
73 2.407 1.09701 1.89187
74 2.4402 1.12979 1.962
75 2.4734 1.07222 2.03037
76 2.5066 1.13181 2.1045
77 2.5398 1.10241 2.17862
78 2.573 1.11037 2.25525
79 2.6062 1.11051 2.33387
80 2.6394 1.13095 2.416
81 2.6726 1.21719 2.50663
82 2.7058 1.06957 2.58825
83 2.739 1.16528 2.67938
84 2.7722 1.12194 2.76925
85 2.8054 1.0864 2.85838
86 2.8386 1.1162 2.95213
87 2.8718 1.05564 3.04288
88 2.905 1.08849 3.13863
89 2.9382 0.983466 3.22713
90 2.9714 1.13275 3.33138
91 3.0046 1.07597 3.43263
92 3.0378 1.0149 3.53025
93 3.071 1.0274 3.63125
94 3.1042 1.08146 3.73988
95 3.1374 1.11839 3.85463
96 3.1706 1.04141 3.96375
97 3.2038 1.09705 4.08113
98 3.237 1.09297 4.2005
99 3.2702 1.08547 4.3215
100 3.3034 0.985735 4.43363
4500 100
1 0.0166 0 0
2 0.0498 0 0
3 0.083 0 0
4 0.1162 0 0
5 0.1494 0 0
6 0.1826 0 0
7 0.2158 0 0
8 0.249 0 0
9 0.2822 0 0
10 0.3154 0 0
11 0.3486 0 0
12 0.3818 0 0
13 0.415 0 0
14 0.4482 0 0
15 0.4814 0 0
16 0.5146 0 0
17 0.5478 0 0
18 0.581 0 0
19 0.6142 0 0
20 0.6474 0 0
21 0.6806 0 0
22 0.7138 0 0
23 0.747 0 0
24 0.7802 0 0
25 0.8134 0 0
26 0.8466 0 0
27 0.8798 0 0
28 0.913 0.0431544 0.000375
29 0.9462 0.187504 0.002125
30 0.9794 0.637532 0.0085
31 1.0126 1.20453 0.021375
32 1.0458 2.18179 0.04625
33 1.079 2.54398 0.077125
34 1.1122 2.73366 0.112375
35 1.1454 2.58664 0.14775
36 1.1786 2.40844 0.182625
37 1.2118 2.24562 0.217
38 1.245 2.05784 0.25025
39 1.2782 1.96701 0.28375
40 1.3114 1.89657 0.31775
41 1.3446 1.72448 0.35025
42 1.3778 1.47814 0.3795
43 1.411 1.566 0.412
44 1.4442 1.37985 0.442
45 1.4774 1.46687 0.475375
46 1.5106 1.34004 0.50725
47 1.5438 1.31824 0.54
48 1.577 1.16207 0.570125
49 1.6102 1.20714 0.60275
50 1.6434 1.08338 0.63325
51 1.6766 1.2414 0.669625
52 1.7098 1.2716 0.708375
53 1.743 1.23546 0.7475
54 1.7762 1.30374 0.790375
55 1.8094 1.13547 0.829125
56 1.8426 1.28565 0.874625
57 1.8758 1.24054 0.920125
58 1.909 1.19119 0.965375
59 1.9422 1.39877 1.02037
60 1.9754 1.1985 1.06913
61 2.0086 1.35241 1.126
62 2.0418 1.27715 1.1815
63 2.075 1.24218 1.23725
64 2.1082 1.24653 1.295
65 2.1414 1.33893 1.359
66 2.1746 1.17411 1.41687
67 2.2078 1.15874 1.47575
68 2.241 1.18914 1.538
69 2.2742 1.12917 1.59888
70 2.3074 1.13745 1.662
71 2.3406 1.09228 1.72437
72 2.3738 1.18111 1.79375
73 2.407 1.08666 1.85938
74 2.4402 1.12979 1.9295
75 2.4734 1.16827 2.004
76 2.5066 1.13371 2.07825
77 2.5398 1.06709 2.15
78 2.573 1.10675 2.22637
79 2.6062 0.993987 2.29675
80 2.6394 1.03627 2.372
81 2.6726 1.11646 2.45512
82 2.7058 1.03518 2.53413
83 2.739 1.05978 2.617
84 2.7722 0.969016 2.69462
85 2.8054 1.04526 2.78038
86 2.8386 1.08643 2.87163
87 2.8718 0.998935 2.9575
88 2.905 1.01886 3.04713
89 2.9382 1.02653 3.1395
90 2.9714 1.06348 3.23737
91 3.0046 1.07199 3.33825
92 3.0378 1.05258 3.4395
93 3.071 1.05792 3.5435
94 3.1042 1.02795 3.64675
95 3.1374 1.02092 3.7515
96 3.1706 1.0927 3.866
97 3.2038 1.04097 3.97737
98 3.237 1.01858 4.08863
99 3.2702 1.03725 4.20425
100 3.3034 1.00771 4.31888
5000 100
1 0.0166 0 0
2 0.0498 0 0
3 0.083 0 0
4 0.1162 0 0
5 0.1494 0 0
6 0.1826 0 0
7 0.2158 0 0
8 0.249 0 0
9 0.2822 0 0
10 0.3154 0 0
11 0.3486 0 0
12 0.3818 0 0
13 0.415 0 0
14 0.4482 0 0
15 0.4814 0 0
16 0.5146 0 0
17 0.5478 0 0
18 0.581 0 0
19 0.6142 0 0
20 0.6474 0 0
21 0.6806 0 0
22 0.7138 0 0
23 0.747 0 0
24 0.7802 0 0
25 0.8134 0 0
26 0.8466 0 0
27 0.8798 0 0
28 0.913 0 0
29 0.9462 0.214291 0.002
30 0.9794 0.787539 0.009875
31 1.0126 1.27469 0.0235
32 1.0458 1.9077 0.04525
33 1.079 2.37919 0.074125
34 1.1122 2.74335 0.1095
35 1.1454 2.5318 0.144125
36 1.1786 2.28759 0.17725
37 1.2118 2.04148 0.2085
38 1.245 2.07331 0.242
39 1.2782 2.01105 0.27625
40 1.3114 1.71528 0.307
41 1.3446 1.5454 0.336125
42 1.3778 1.40234 0.363875
43 1.411 1.33713 0.391625
44 1.4442 1.21887 0.418125
45 1.4774 1.30205 0.44775
46 1.5106 1.25596 0.477625
47 1.5438 1.19749 0.507375
48 1.577 1.09938 0.535875
49 1.6102 1.15627 0.567125
50 1.6434 1.07894 0.5975
51 1.6766 1.05797 0.6285
52 1.7098 1.12393 0.66275
53 1.743 1.22362 0.7015
54 1.7762 1.31514 0.74475
55 1.8094 1.47977 0.79525
56 1.8426 1.39867 0.84475
57 1.8758 1.24395 0.890375
58 1.909 1.257 0.938125
59 1.9422 1.36698 0.991875
60 1.9754 1.23845 1.04225
61 2.0086 1.28999 1.0965
62 2.0418 1.20523 1.14887
63 2.075 1.21154 1.20325
64 2.1082 1.21685 1.25963
65 2.1414 1.10619 1.3125
66 2.1746 1.21975 1.37262
67 2.2078 1.08986 1.428
68 2.241 1.27987 1.495
69 2.2742 1.16163 1.55762
70 2.3074 1.18024 1.62312
71 2.3406 1.13387 1.68787
72 2.3738 1.05768 1.75
73 2.407 1.10322 1.81662
74 2.4402 1.06333 1.88263
75 2.4734 1.16239 1.95675
76 2.5066 1.10127 2.02888
77 2.5398 1.05407 2.09975
78 2.573 1.00531 2.16913
79 2.6062 1.00105 2.24
80 2.6394 1.10857 2.3205
81 2.6726 1.07952 2.40088
82 2.7058 1.08268 2.4835
83 2.739 1.06138 2.5665
84 2.7722 1.09853 2.6545
85 2.8054 1.10925 2.7455
86 2.8386 1.10132 2.838
87 2.8718 1.07018 2.93
88 2.905 1.08281 3.02525
89 2.9382 1.10015 3.12425
90 2.9714 1.08793 3.22437
91 3.0046 1.06402 3.3245
92 3.0378 1.05908 3.42638
93 3.071 1.10624 3.53512
94 3.1042 1.05532 3.64112
95 3.1374 1.06356 3.75025
96 3.1706 1.03425 3.85862
97 3.2038 0.981382 3.96363
98 3.237 0.969366 4.0695
99 3.2702 1.01931 4.18312
100 3.3034 1.05607 4.30325
5500 100
1 0.0166 0 0
2 0.0498 0 0
3 0.083 0 0
4 0.1162 0 0
5 0.1494 0 0
6 0.1826 0 0
7 0.2158 0 0
8 0.249 0 0
9 0.2822 0 0
10 0.3154 0 0
11 0.3486 0 0
12 0.3818 0 0
13 0.415 0 0
14 0.4482 0 0
15 0.4814 0 0
16 0.5146 0 0
17 0.5478 0 0
18 0.581 0 0
19 0.6142 0 0
20 0.6474 0 0
21 0.6806 0 0
22 0.7138 0 0
23 0.747 0 0
24 0.7802 0 0
25 0.8134 0 0
26 0.8466 0 0
27 0.8798 0 0
28 0.913 0.0143848 0.000125
29 0.9462 0.133932 0.001375
30 0.9794 0.687534 0.00825
31 1.0126 1.14605 0.0205
32 1.0458 1.9077 0.04225
33 1.079 2.33799 0.070625
34 1.1122 2.79182 0.106625
35 1.1454 2.65976 0.143
36 1.1786 2.46887 0.17875
37 1.2118 2.07414 0.2105
38 1.245 2.25124 0.246875
39 1.2782 2.08444 0.282375
40 1.3114 1.87565 0.316
41 1.3446 1.71785 0.348375
42 1.3778 1.56658 0.379375
43 1.411 1.37929 0.408
44 1.4442 1.3856 0.438125
45 1.4774 1.1702 0.46475
46 1.5106 1.29274 0.4955
47 1.5438 1.25284 0.526625
48 1.577 1.27779 0.55975
49 1.6102 1.26264 0.593875
50 1.6434 1.07894 0.62425
51 1.6766 1.22434 0.660125
52 1.7098 1.15675 0.695375
53 1.743 1.24336 0.73475
54 1.7762 1.20872 0.7745
55 1.8094 1.30029 0.818875
56 1.8426 1.11258 0.85825
57 1.8758 1.28144 0.90525
58 1.909 1.0464 0.945
59 1.9422 1.09041 0.987875
60 1.9754 1.13089 1.03388
61 2.0086 1.1176 1.08088
62 2.0418 1.15633 1.13113
63 2.075 1.13913 1.18225
64 2.1082 1.1521 1.23562
65 2.1414 1.07219 1.28687
66 2.1746 1.131 1.34263
67 2.2078 1.14398 1.40075
68 2.241 1.08646 1.45762
69 2.2742 1.0341 1.51337
70 2.3074 1.12393 1.57575
71 2.3406 1.00253 1.633
72 2.3738 1.16834 1.70162
73 2.407 1.1591 1.77162
74 2.4402 1.12174 1.84125
75 2.4734 1.06438 1.90912
76 2.5066 1.16998 1.98575
77 2.5398 1.09311 2.05925
78 2.573 0.98901 2.1275
79 2.6062 1.06814 2.20312
80 2.6394 1.03799 2.2785
81 2.6726 1.05266 2.35688
82 2.7058 1.1138 2.44188
83 2.739 1.09815 2.52775
84 2.7722 1.02831 2.61013
85 2.8054 1.12297 2.70225
86 2.8386 1.04476 2.79
87 2.8718 1.13416 2.8875
88 2.905 1.00465 2.97588
89 2.9382 1.05709 3.071
90 2.9714 1.00236 3.16325
91 3.0046 1.07996 3.26487
92 3.0378 1.03959 3.36488
93 3.071 1.03249 3.46638
94 3.1042 1.06279 3.57312
95 3.1374 1.10133 3.68612
96 3.1706 1.05811 3.797
97 3.2038 1.00592 3.90463
98 3.237 1.09869 4.02462
99 3.2702 1.04061 4.14062
100 3.3034 1.10222 4.266
6000 100
1 0.0166 0 0
2 0.0498 0 0
3 0.083 0 0
4 0.1162 0 0
5 0.1494 0 0
6 0.1826 0 0
7 0.2158 0 0
8 0.249 0 0
9 0.2822 0 0
10 0.3154 0 0
11 0.3486 0 0
12 0.3818 0 0
13 0.415 0 0
14 0.4482 0 0
15 0.4814 0 0
16 0.5146 0 0
17 0.5478 0 0
18 0.581 0 0
19 0.6142 0 0
20 0.6474 0 0
21 0.6806 0 0
22 0.7138 0 0
23 0.747 0 0
24 0.7802 0 0
25 0.8134 0 0
26 0.8466 0 0
27 0.8798 0 0
28 0.913 0.0287696 0.00025
29 0.9462 0.0669658 0.000875
30 0.9794 0.475024 0.005625
31 1.0126 1.32147 0.01975
32 1.0458 1.84191 0.04075
33 1.079 2.36889 0.0695
34 1.1122 2.12295 0.096875
35 1.1454 2.42211 0.13
36 1.1786 2.38254 0.1645
37 1.2118 2.09864 0.196625
38 1.245 1.94179 0.228
39 1.2782 1.78352 0.258375
40 1.3114 1.57583 0.286625
41 1.3446 1.63826 0.3175
42 1.3778 1.3139 0.3435
43 1.411 1.34315 0.371375
44 1.4442 1.22461 0.398
45 1.4774 1.30205 0.427625
46 1.5106 1.15086 0.455
47 1.5438 1.19246 0.484625
48 1.577 1.21029 0.516
49 1.6102 1.19789 0.548375
50 1.6434 1.08338 0.578875
51 1.6766 1.20728 0.61425
52 1.7098 1.12393 0.6485
53 1.743 1.1802 0.685875
54 1.7762 1.20111 0.725375
55 1.8094 1.27099 0.76875
56 1.8426 1.3033 0.814875
57 1.8758 1.31552 0.863125
58 1.909 1.17473 0.90775
59 1.9422 1.20485 0.955125
60 1.9754 1.28762 1.0075
61 2.0086 1.24541 1.05988
62 2.0418 1.21099 1.1125
63 2.075 1.24775 1.1685
64 2.1082 1.17368 1.22288
65 2.1414 1.16372 1.2785
66 2.1746 1.19946 1.33763
67 2.2078 1.10954 1.394
68 2.241 1.22973 1.45838
69 2.2742 1.14076 1.51988
70 2.3074 1.09691 1.58075
71 2.3406 1.05725 1.64112
72 2.3738 1.1577 1.70912
73 2.407 1.12806 1.77725
74 2.4402 1.03917 1.84175
75 2.4734 1.09575 1.91162
76 2.5066 1.11272 1.9845
77 2.5398 1.01132 2.0525
78 2.573 1.12124 2.12988
79 2.6062 1.09462 2.20737
80 2.6394 1.05521 2.284
81 2.6726 1.04762 2.362
82 2.7058 1.06793 2.4435
83 2.739 1.11893 2.531
84 2.7722 1.09073 2.61837
85 2.8054 1.03307 2.70312
86 2.8386 1.01648 2.7885
87 2.8718 1.01057 2.87538
88 2.905 1.04018 2.96688
89 2.9382 0.983466 3.05538
90 2.9714 1.05125 3.15213
91 3.0046 1.0494 3.25087
92 3.0378 1.03049 3.35
93 3.071 1.01342 3.44963
94 3.1042 0.996833 3.54975
95 3.1374 1.04529 3.657
96 3.1706 1.01636 3.7635
97 3.2038 1.07952 3.879
98 3.237 0.980811 3.98612
99 3.2702 0.956512 4.09275
100 3.3034 0.992328 4.20562
6500 100
1 0.0166 0 0
2 0.0498 0 0
3 0.083 0 0
4 0.1162 0 0
5 0.1494 0 0
6 0.1826 0 0
7 0.2158 0 0
8 0.249 0 0
9 0.2822 0 0
10 0.3154 0 0
11 0.3486 0 0
12 0.3818 0 0
13 0.415 0 0
14 0.4482 0 0
15 0.4814 0 0
16 0.5146 0 0
17 0.5478 0 0
18 0.581 0 0
19 0.6142 0 0
20 0.6474 0 0
21 0.6806 0 0
22 0.7138 0 0
23 0.747 0 0
24 0.7802 0 0
25 0.8134 0 0
26 0.8466 0 0
27 0.8798 0 0
28 0.913 0.0143848 0.000125
29 0.9462 0.174111 0.00175
30 0.9794 0.612531 0.007875
31 1.0126 1.11097 0.01975
32 1.0458 1.98444 0.042375
33 1.079 2.0599 0.067375
34 1.1122 2.43315 0.09875
35 1.1454 2.45867 0.132375
36 1.1786 2.19263 0.164125
37 1.2118 2.26196 0.19875
38 1.245 2.03463 0.231625
39 1.2782 1.99637 0.265625
40 1.3114 1.63161 0.294875
41 1.3446 1.39285 0.321125
42 1.3778 1.38339 0.3485
43 1.411 1.20462 0.3735
44 1.4442 1.30511 0.401875
45 1.4774 1.21415 0.4295
46 1.5106 1.17713 0.4575
47 1.5438 1.16227 0.486375
48 1.577 1.191 0.51725
49 1.6102 1.04064 0.545375
50 1.6434 1.17663 0.5785
51 1.6766 1.08356 0.61025
52 1.7098 1.14854 0.64525
53 1.743 1.17231 0.682375
54 1.7762 1.24293 0.72325
55 1.8094 1.23436 0.765375
56 1.8426 1.25386 0.80975
57 1.8758 1.29848 0.857375
58 1.909 1.27345 0.90575
59 1.9422 1.28115 0.956125
60 1.9754 1.26918 1.00775
61 2.0086 1.14732 1.056
62 2.0418 1.22825 1.10938
63 2.075 1.09735 1.15863
64 2.1082 1.10353 1.20975
65 2.1414 1.13496 1.264
66 2.1746 1.26033 1.32612
67 2.2078 1.17104 1.38562
68 2.241 1.15332 1.446
69 2.2742 1.0712 1.50375
70 2.3074 1.15321 1.56775
71 2.3406 1.18421 1.63537
72 2.3738 1.11088 1.70063
73 2.407 1.02043 1.76225
74 2.4402 1.10965 1.83113
75 2.4734 1.12319 1.90275
76 2.5066 1.18143 1.98013
77 2.5398 1.10241 2.05425
78 2.573 1.02343 2.12487
79 2.6062 1.05578 2.19963
80 2.6394 1.09308 2.279
81 2.6726 1.05602 2.35762
82 2.7058 1.11052 2.44237
83 2.739 1.10934 2.52912
84 2.7722 1.04548 2.61287
85 2.8054 1.07116 2.70075
86 2.8386 0.998626 2.78463
87 2.8718 1.02365 2.87263
88 2.905 1.03876 2.964
89 2.9382 1.05014 3.0585
90 2.9714 1.03224 3.1535
91 3.0046 1.09324 3.25637
92 3.0378 1.09806 3.362
93 3.071 1.1215 3.47225
94 3.1042 0.983144 3.571
95 3.1374 1.00021 3.67363
96 3.1706 1.076 3.78638
97 3.2038 1.0398 3.89762
98 3.237 1.03575 4.01075
99 3.2702 0.965482 4.11837
100 3.3034 1.03738 4.23638
7000 100
1 0.0166 0 0
2 0.0498 0 0
3 0.083 0 0
4 0.1162 0 0
5 0.1494 0 0
6 0.1826 0 0
7 0.2158 0 0
8 0.249 0 0
9 0.2822 0 0
10 0.3154 0 0
11 0.3486 0 0
12 0.3818 0 0
13 0.415 0 0
14 0.4482 0 0
15 0.4814 0 0
16 0.5146 0 0
17 0.5478 0 0
18 0.581 0 0
19 0.6142 0 0
20 0.6474 0 0
21 0.6806 0 0
22 0.7138 0 0
23 0.747 0 0
24 0.7802 0 0
25 0.8134 0 0
26 0.8466 0 0
27 0.8798 0 0
28 0.913 0 0
29 0.9462 0.133932 0.00125
30 0.9794 0.525026 0.0065
31 1.0126 1.21622 0.0195
32 1.0458 1.79806 0.04
33 1.079 2.29679 0.067875
34 1.1122 2.33621 0.098
35 1.1454 2.21189 0.12825
36 1.1786 2.35665 0.162375
37 1.2118 2.54776 0.201375
38 1.245 2.2203 0.23725
39 1.2782 2.17986 0.274375
40 1.3114 1.78501 0.306375
41 1.3446 1.60509 0.336625
42 1.3778 1.53499 0.367
43 1.411 1.46963 0.3975
44 1.4442 1.32235 0.42625
45 1.4774 1.24162 0.4545
46 1.5106 1.39259 0.487625
47 1.5438 1.20252 0.5175
48 1.577 1.21029 0.548875
49 1.6102 1.01752 0.576375
50 1.6434 1.21215 0.6105
51 1.6766 1.11342 0.643125
52 1.7098 1.23058 0.680625
53 1.743 1.29862 0.72175
54 1.7762 1.31134 0.764875
55 1.8094 1.12081 0.803125
56 1.8426 1.27505 0.84825
57 1.8758 1.29166 0.895625
58 1.909 1.17802 0.940375
59 1.9422 1.29387 0.99125
60 1.9754 1.17084 1.03887
61 2.0086 1.08193 1.08438
62 2.0418 1.27139 1.13962
63 2.075 1.23103 1.19487
64 2.1082 1.22225 1.2515
65 2.1414 1.2291 1.31025
66 2.1746 1.18171 1.3685
67 2.2078 1.24977 1.432
68 2.241 1.10556 1.48988
69 2.2742 1.18017 1.5535
70 2.3074 1.06087 1.61238
71 2.3406 1.11635 1.67613
72 2.3738 1.1194 1.74187
73 2.407 1.11564 1.80925
74 2.4402 1.09153 1.877
75 2.4734 1.15063 1.95038
76 2.5066 1.04974 2.01912
77 2.5398 1.04664 2.0895
78 2.573 1.0832 2.16425
79 2.6062 1.16171 2.2465
80 2.6394 1.23079 2.33588
81 2.6726 1.01404 2.41138
82 2.7058 1.05811 2.49213
83 2.739 1.05978 2.575
84 2.7722 1.04704 2.65887
85 2.8054 1.07573 2.74712
86 2.8386 1.03286 2.83387
87 2.8718 1.07164 2.926
88 2.905 1.09133 3.022
89 2.9382 1.06681 3.118
90 2.9714 0.996926 3.20975
91 3.0046 1.08261 3.31163
92 3.0378 1.03439 3.41112
93 3.071 1.01342 3.51075
94 3.1042 0.991855 3.61037
95 3.1374 1.00143 3.71313
96 3.1706 1.01397 3.81937
97 3.2038 1.02461 3.929
98 3.237 1.014 4.03975
99 3.2702 1.03949 4.15563
100 3.3034 1.00881 4.27037
7500 100
1 0.0166 0 0
2 0.0498 0 0
3 0.083 0 0
4 0.1162 0 0
5 0.1494 0 0
6 0.1826 0 0
7 0.2158 0 0
8 0.249 0 0
9 0.2822 0 0
10 0.3154 0 0
11 0.3486 0 0
12 0.3818 0 0
13 0.415 0 0
14 0.4482 0 0
15 0.4814 0 0
16 0.5146 0 0
17 0.5478 0 0
18 0.581 0 0
19 0.6142 0 0
20 0.6474 0 0
21 0.6806 0 0
22 0.7138 0 0
23 0.747 0 0
24 0.7802 0 0
25 0.8134 0 0
26 0.8466 0 0
27 0.8798 0 0
28 0.913 0 0
29 0.9462 0.0937521 0.000875
30 0.9794 0.662533 0.0075
31 1.0126 1.30978 0.0215
32 1.0458 1.88577 0.043
33 1.079 2.20409 0.06975
34 1.1122 2.48162 0.10175
35 1.1454 2.42211 0.134875
36 1.1786 2.52066 0.171375
37 1.2118 2.06597 0.203
38 1.245 2.03463 0.235875
39 1.2782 1.66609 0.26425
40 1.3114 1.84776 0.297375
41 1.3446 1.72448 0.329875
42 1.3778 1.57921 0.361125
43 1.411 1.42747 0.39075
44 1.4442 1.62707 0.426125
45 1.4774 1.47236 0.459625
46 1.5106 1.30325 0.490625
47 1.5438 1.2478 0.521625
48 1.577 1.21029 0.553
49 1.6102 1.10077 0.58275
50 1.6434 1.22547 0.61725
51 1.6766 1.35659 0.657
52 1.7098 1.30442 0.69675
53 1.743 1.27494 0.737125
54 1.7762 1.28094 0.77925
55 1.8094 1.16477 0.819
56 1.8426 1.29624 0.864875
57 1.8758 1.32574 0.9135
58 1.909 1.25042 0.961
59 1.9422 1.32248 1.013
60 1.9754 1.25381 1.064
61 2.0086 1.26324 1.11712
62 2.0418 1.21962 1.17013
63 2.075 1.30345 1.22863
64 2.1082 1.2897 1.28837
65 2.1414 1.23695 1.3475
66 2.1746 1.29836 1.4115
67 2.2078 1.25961 1.4755
68 2.241 1.26316 1.54163
69 2.2742 1.18713 1.60562
70 2.3074 1.24556 1.67475
71 2.3406 1.11198 1.73825
72 2.3738 1.21091 1.80938
73 2.407 1.27088 1.88612
74 2.4402 1.13382 1.9565
75 2.4734 1.15063 2.02987
76 2.5066 1.10127 2.102
77 2.5398 0.998304 2.16913
78 2.573 1.0506 2.24162
79 2.6062 1.08226 2.31825
80 2.6394 1.02594 2.39275
81 2.6726 0.998935 2.46713
82 2.7058 1.0663 2.5485
83 2.739 1.00704 2.62725
84 2.7722 1.03767 2.71037
85 2.8054 0.990404 2.79162
86 2.8386 1.03881 2.87887
87 2.8718 1.04983 2.96913
88 2.905 1.01318 3.05825
89 2.9382 1.00014 3.14825
90 2.9714 1.01322 3.2415
91 3.0046 0.993613 3.335
92 3.0378 1.07727 3.43862
93 3.071 0.994344 3.53637
94 3.1042 1.02048 3.63887
95 3.1374 0.991686 3.74063
96 3.1706 1.04379 3.85
97 3.2038 0.997739 3.95675
98 3.237 1.04833 4.07125
99 3.2702 0.998002 4.1825
100 3.3034 1.06046 4.30312
8000 100
1 0.0166 0 0
2 0.0498 0 0
3 0.083 0 0
4 0.1162 0 0
5 0.1494 0 0
6 0.1826 0 0
7 0.2158 0 0
8 0.249 0 0
9 0.2822 0 0
10 0.3154 0 0
11 0.3486 0 0
12 0.3818 0 0
13 0.415 0 0
14 0.4482 0 0
15 0.4814 0 0
16 0.5146 0 0
17 0.5478 0 0
18 0.581 0 0
19 0.6142 0 0
20 0.6474 0 0
21 0.6806 0 0
22 0.7138 0 0
23 0.747 0 0
24 0.7802 0 0
25 0.8134 0 0
26 0.8466 0 0
27 0.8798 0 0
28 0.913 0.0143848 0.000125
29 0.9462 0.120538 0.00125
30 0.9794 0.562528 0.006875
31 1.0126 1.45011 0.022375
32 1.0458 1.89673 0.044
33 1.079 2.20409 0.07075
34 1.1122 2.68519 0.105375
35 1.1454 2.29415 0.13675
36 1.1786 2.5293 0.173375
37 1.2118 2.4906 0.2115
38 1.245 2.11199 0.245625
39 1.2782 2.0404 0.280375
40 1.3114 1.78501 0.312375
41 1.3446 1.69132 0.34425
42 1.3778 1.47814 0.3735
43 1.411 1.46963 0.404
44 1.4442 1.50058 0.436625
45 1.4774 1.40643 0.468625
46 1.5106 1.39259 0.50175
47 1.5438 1.19749 0.5315
48 1.577 1.25368 0.564
49 1.6102 1.26264 0.598125
50 1.6434 1.19439 0.63175
51 1.6766 1.19448 0.66675
52 1.7098 1.16085 0.702125
53 1.743 1.24731 0.741625
54 1.7762 1.19731 0.781
55 1.8094 1.16843 0.820875
56 1.8426 1.29271 0.866625
57 1.8758 1.20305 0.91075
58 1.909 1.16157 0.954875
59 1.9422 1.17624 1.00113
60 1.9754 1.29376 1.05375
61 2.0086 1.26918 1.10713
62 2.0418 1.28865 1.16312
63 2.075 1.10849 1.21287
64 2.1082 1.11162 1.26438
65 2.1414 1.16372 1.32
66 2.1746 1.08789 1.37362
67 2.2078 1.1735 1.43325
68 2.241 1.15332 1.49362
69 2.2742 1.08047 1.55187
70 2.3074 1.23205 1.62025
71 2.3406 1.09447 1.68275
72 2.3738 1.13004 1.74913
73 2.407 1.19015 1.821
74 2.4402 1.18618 1.89463
75 2.4734 1.09967 1.96475
76 2.5066 1.12226 2.03825
77 2.5398 1.00388 2.10575
78 2.573 1.0035 2.175
79 2.6062 1.02753 2.24775
80 2.6394 1.06381 2.325
81 2.6726 1.04762 2.403
82 2.7058 1.10233 2.48712
83 2.739 1.07737 2.57138
84 2.7722 1.04236 2.65487
85 2.8054 1.01326 2.738
86 2.8386 0.995649 2.82163
87 2.8718 1.0571 2.9125
88 2.905 1.03449 3.0035
89 2.9382 1.06681 3.0995
90 2.9714 0.981986 3.18988
91 3.0046 1.08793 3.29225
92 3.0378 0.968115 3.38538
93 3.071 1.00706 3.48438
94 3.1042 1.0827 3.59312
95 3.1374 1.07209 3.70312
96 3.1706 1.00681 3.80863
97 3.2038 1.01176 3.91688
98 3.237 1.01171 4.02738
99 3.2702 1.0451 4.14388
100 3.3034 1.05607 4.264
8500 100
1 0.0166 0 0
2 0.0498 0 0
3 0.083 0 0
4 0.1162 0 0
5 0.1494 0 0
6 0.1826 0 0
7 0.2158 0 0
8 0.249 0 0
9 0.2822 0 0
10 0.3154 0 0
11 0.3486 0 0
12 0.3818 0 0
13 0.415 0 0
14 0.4482 0 0
15 0.4814 0 0
16 0.5146 0 0
17 0.5478 0 0
18 0.581 0 0
19 0.6142 0 0
20 0.6474 0 0
21 0.6806 0 0
22 0.7138 0 0
23 0.747 0 0
24 0.7802 0 0
25 0.8134 0 0
26 0.8466 0 0
27 0.8798 0 0
28 0.913 0 0
29 0.9462 0.0937521 0.000875
30 0.9794 0.637532 0.00725
31 1.0126 1.263 0.02075
32 1.0458 2.11601 0.044875
33 1.079 2.31739 0.073
34 1.1122 2.31683 0.102875
35 1.1454 2.28501 0.134125
36 1.1786 2.21853 0.16625
37 1.2118 2.23746 0.2005
38 1.245 1.88764 0.231
39 1.2782 1.73214 0.2605
40 1.3114 1.70831 0.291125
41 1.3446 1.77091 0.3245
42 1.3778 1.57289 0.355625
43 1.411 1.40338 0.38475
44 1.4442 1.3396 0.413875
45 1.4774 1.38446 0.445375
46 1.5106 1.24019 0.474875
47 1.5438 1.20252 0.50475
48 1.577 1.20546 0.536
49 1.6102 1.19789 0.568375
50 1.6434 1.16774 0.60125
51 1.6766 1.19874 0.636375
52 1.7098 1.20597 0.673125
53 1.743 1.2552 0.712875
54 1.7762 1.23152 0.753375
55 1.8094 1.28564 0.79725
56 1.8426 1.37748 0.846
57 1.8758 1.27462 0.89275
58 1.909 1.257 0.9405
59 1.9422 1.24618 0.9895
60 1.9754 1.2323 1.03963
61 2.0086 1.19488 1.08988
62 2.0418 1.08442 1.137
63 2.075 1.19761 1.19075
64 2.1082 1.18447 1.24562
65 2.1414 1.16634 1.30138
66 2.1746 1.15636 1.35838
67 2.2078 1.10954 1.41475
68 2.241 1.16764 1.47588
69 2.2742 1.16858 1.53888
70 2.3074 1.06762 1.59813
71 2.3406 1.15357 1.664
72 2.3738 1.09386 1.72825
73 2.407 1.07631 1.79325
74 2.4402 1.10361 1.86175
75 2.4734 1.15259 1.93525
76 2.5066 1.14326 2.01013
77 2.5398 1.10985 2.08475
78 2.573 1.09769 2.1605
79 2.6062 1.12993 2.2405
80 2.6394 1.05349 2.317
81 2.6726 0.998935 2.39138
82 2.7058 1.04992 2.4715
83 2.739 1.09016 2.55675
84 2.7722 1.03299 2.6395
85 2.8054 1.02545 2.72363
86 2.8386 1.08197 2.8145
87 2.8718 1.02802 2.90288
88 2.905 1.07855 2.99775
89 2.9382 1.09043 3.09588
90 2.9714 1.09879 3.197
91 3.0046 1.03081 3.294
92 3.0378 1.04868 3.39488
93 3.071 1.01469 3.49463
94 3.1042 1.01052 3.59612
95 3.1374 0.998996 3.69863
96 3.1706 1.04022 3.80763
97 3.2038 1.01994 3.91675
98 3.237 1.01057 4.02712
99 3.2702 0.978939 4.13625
100 3.3034 1.022 4.2525
9000 100
1 0.0166 0 0
2 0.0498 0 0
3 0.083 0 0
4 0.1162 0 0
5 0.1494 0 0
6 0.1826 0 0
7 0.2158 0 0
8 0.249 0 0
9 0.2822 0 0
10 0.3154 0 0
11 0.3486 0 0
12 0.3818 0 0
13 0.415 0 0
14 0.4482 0 0
15 0.4814 0 0
16 0.5146 0 0
17 0.5478 0 0
18 0.581 0 0
19 0.6142 0 0
20 0.6474 0 0
21 0.6806 0 0
22 0.7138 0 0
23 0.747 0 0
24 0.7802 0 0
25 0.8134 0 0
26 0.8466 0 0
27 0.8798 0 0
28 0.913 0.0143848 0.000125
29 0.9462 0.107145 0.001125
30 0.9794 0.475024 0.005875
31 1.0126 1.263 0.019375
32 1.0458 1.65553 0.03825
33 1.079 2.28649 0.066
34 1.1122 2.28774 0.0955
35 1.1454 2.34899 0.127625
36 1.1786 2.24443 0.160125
37 1.2118 2.23746 0.194375
38 1.245 1.965 0.226125
39 1.2782 1.76884 0.25625
40 1.3114 1.70134 0.28675
41 1.3446 1.49234 0.314875
42 1.3778 1.33285 0.34125
43 1.411 1.30701 0.368375
44 1.4442 1.24761 0.3955
45 1.4774 1.38446 0.427
46 1.5106 1.31902 0.458375
47 1.5438 1.06667 0.484875
48 1.577 1.24404 0.517125
49 1.6102 1.13777 0.547875
50 1.6434 1.22103 0.58225
51 1.6766 1.12622 0.61525
52 1.7098 1.14034 0.65
53 1.743 1.19204 0.68775
54 1.7762 1.19351 0.727
55 1.8094 1.29297 0.771125
56 1.8426 1.28211 0.8165
57 1.8758 1.20305 0.860625
58 1.909 1.42811 0.914875
59 1.9422 1.27797 0.965125
60 1.9754 1.26918 1.01675
61 2.0086 1.26621 1.07
62 2.0418 1.24838 1.12425
63 2.075 1.21154 1.17862
64 2.1082 1.16829 1.23275
65 2.1414 1.23695 1.29187
66 2.1746 1.20961 1.3515
67 2.2078 1.22025 1.4135
68 2.241 1.13899 1.47313
69 2.2742 1.20104 1.53788
70 2.3074 1.28836 1.60938
71 2.3406 1.12073 1.67338
72 2.3738 1.11301 1.73875
73 2.407 0.997658 1.799
74 2.4402 1.14389 1.87
75 2.4734 1.16239 1.94413
76 2.5066 1.06119 2.01363
77 2.5398 1.11728 2.08875
78 2.573 1.12305 2.16625
79 2.6062 1.06284 2.2415
80 2.6394 1.08103 2.32
81 2.6726 1.06105 2.399
82 2.7058 1.09414 2.4825
83 2.739 1.15729 2.573
84 2.7722 1.05952 2.65787
85 2.8054 1.04983 2.744
86 2.8386 1.09536 2.836
87 2.8718 1.1138 2.93175
88 2.905 1.09418 3.028
89 2.9382 1.15154 3.13162
90 2.9714 1.06076 3.22925
91 3.0046 1.0494 3.328
92 3.0378 1.03439 3.4275
93 3.071 1.07572 3.53325
94 3.1042 1.02546 3.63625
95 3.1374 1.12326 3.7515
96 3.1706 1.04857 3.86138
97 3.2038 1.00008 3.96838
98 3.237 1.06436 4.08463
99 3.2702 1.05743 4.2025
100 3.3034 1.05826 4.32288
9500 100
1 0.0166 0 0
2 0.0498 0 0
3 0.083 0 0
4 0.1162 0 0
5 0.1494 0 0
6 0.1826 0 0
7 0.2158 0 0
8 0.249 0 0
9 0.2822 0 0
10 0.3154 0 0
11 0.3486 0 0
12 0.3818 0 0
13 0.415 0 0
14 0.4482 0 0
15 0.4814 0 0
16 0.5146 0 0
17 0.5478 0 0
18 0.581 0 0
19 0.6142 0 0
20 0.6474 0 0
21 0.6806 0 0
22 0.7138 0 0
23 0.747 0 0
24 0.7802 0 0
25 0.8134 0 0
26 0.8466 0 0
27 0.8798 0 0
28 0.913 0 0
29 0.9462 0.120538 0.001125
30 0.9794 0.500025 0.006125
31 1.0126 1.22791 0.01925
32 1.0458 1.71035 0.03875
33 1.079 2.38949 0.06775
34 1.1122 2.28774 0.09725
35 1.1454 2.5318 0.131875
36 1.1786 2.46887 0.167625
37 1.2118 1.86183 0.196125
38 1.245 2.1352 0.230625
39 1.2782 1.91563 0.26325
40 1.3114 1.75712 0.29475
41 1.3446 1.61836 0.32525
42 1.3778 1.44656 0.353875
43 1.411 1.37327 0.382375
44 1.4442 1.21312 0.40875
45 1.4774 1.26359 0.4375
46 1.5106 1.26647 0.467625
47 1.5438 1.24277 0.4985
48 1.577 1.07527 0.526375
49 1.6102 1.14702 0.557375
50 1.6434 1.0301 0.586375
51 1.6766 1.19448 0.621375
52 1.7098 1.08291 0.654375
53 1.743 1.20389 0.6925
54 1.7762 1.23912 0.73325
55 1.8094 1.15012 0.7725
56 1.8426 1.14083 0.812875
57 1.8758 1.21668 0.8575
58 1.909 1.3952 0.9105
59 1.9422 1.2589 0.96
60 1.9754 1.18006 1.008
61 2.0086 1.08787 1.05375
62 2.0418 1.24263 1.10775
63 2.075 1.19204 1.16125
64 2.1082 1.21415 1.2175
65 2.1414 1.22387 1.276
66 2.1746 1.21468 1.33588
67 2.2078 1.1735 1.3955
68 2.241 1.2154 1.45912
69 2.2742 1.11062 1.519
70 2.3074 1.13069 1.58175
71 2.3406 1.12949 1.64625
72 2.3738 1.04066 1.70738
73 2.407 1.12392 1.77525
74 2.4402 1.06132 1.84113
75 2.4734 1.00754 1.90537
76 2.5066 1.065 1.97512
77 2.5398 1.03548 2.04475
78 2.573 1.13573 2.12312
79 2.6062 1.14406 2.20412
80 2.6394 1.03972 2.27963
81 2.6726 1.05937 2.3585
82 2.7058 1.05319 2.43888
83 2.739 1.10774 2.5255
84 2.7722 1.1391 2.61675
85 2.8054 1.11382 2.70812
86 2.8386 1.06113 2.79725
87 2.8718 1.04837 2.88738
88 2.905 1.02313 2.97737
89 2.9382 0.982077 3.06575
90 2.9714 1.07299 3.1645
91 3.0046 1.04276 3.26262
92 3.0378 1.07467 3.366
93 3.071 1.12277 3.47637
94 3.1042 1.06528 3.58337
95 3.1374 1.05016 3.69113
96 3.1706 1.05334 3.8015
97 3.2038 1.04564 3.91337
98 3.237 0.973944 4.01975
99 3.2702 1.08322 4.1405
100 3.3034 1.09453 4.265
10000 100
1 0.0166 0 0
2 0.0498 0 0
3 0.083 0 0
4 0.1162 0 0
5 0.1494 0 0
6 0.1826 0 0
7 0.2158 0 0
8 0.249 0 0
9 0.2822 0 0
10 0.3154 0 0
11 0.3486 0 0
12 0.3818 0 0
13 0.415 0 0
14 0.4482 0 0
15 0.4814 0 0
16 0.5146 0 0
17 0.5478 0 0
18 0.581 0 0
19 0.6142 0 0
20 0.6474 0 0
21 0.6806 0 0
22 0.7138 0 0
23 0.747 0 0
24 0.7802 0 0
25 0.8134 0 0
26 0.8466 0 0
27 0.8798 0 0
28 0.913 0 0
29 0.9462 0.120538 0.001125
30 0.9794 0.512526 0.00625
31 1.0126 1.28639 0.02
32 1.0458 1.8748 0.041375
33 1.079 2.59548 0.072875
34 1.1122 2.40407 0.103875
35 1.1454 2.45867 0.1375
36 1.1786 2.23579 0.169875
37 1.2118 2.16397 0.203
38 1.245 1.84896 0.232875
39 1.2782 1.92297 0.265625
40 1.3114 1.75712 0.297125
41 1.3446 1.66479 0.3285
42 1.3778 1.54763 0.359125
43 1.411 1.41543 0.3885
44 1.4442 1.21887 0.415
45 1.4774 1.2581 0.443625
46 1.5106 1.22968 0.472875
47 1.5438 1.22768 0.503375
48 1.577 1.12831 0.532625
49 1.6102 1.06377 0.561375
50 1.6434 1.12334 0.593
51 1.6766 1.11342 0.625625
52 1.7098 1.16905 0.66125
53 1.743 1.19599 0.699125
54 1.7762 1.23152 0.739625
55 1.8094 1.20872 0.780875
56 1.8426 1.26445 0.825625
57 1.8758 1.19964 0.869625
58 1.909 1.26687 0.91775
59 1.9422 1.25254 0.967
60 1.9754 1.28455 1.01925
61 2.0086 1.23352 1.07112
62 2.0418 1.15058 1.12112
63 2.075 1.15862 1.17313
64 2.1082 1.25732 1.23137
65 2.1414 1.22125 1.28975
66 2.1746 1.16396 1.34713
67 2.2078 1.20303 1.40825
68 2.241 1.15809 1.46888
69 2.2742 1.1083 1.52863
70 2.3074 1.21178 1.59587
71 2.3406 1.19297 1.664
72 2.3738 1.09599 1.72838
73 2.407 1.09908 1.79475
74 2.4402 1.04118 1.85938
75 2.4734 1.05066 1.92637
76 2.5066 1.04019 1.9945
77 2.5398 1.06523 2.06613
78 2.573 1.03973 2.13787
79 2.6062 1.05755 2.21275
80 2.6394 1.02939 2.2875
81 2.6726 1.05602 2.36613
82 2.7058 1.0188 2.44387
83 2.739 1.01663 2.52337
84 2.7722 0.997103 2.60325
85 2.8054 1.04678 2.68913
86 2.8386 1.02541 2.77525
87 2.8718 0.955313 2.85738
88 2.905 1.02313 2.94738
89 2.9382 1.06403 3.04312
90 2.9714 0.961612 3.13162
91 3.0046 1.0959 3.23475
92 3.0378 0.973313 3.32837
93 3.071 1.06428 3.433
94 3.1042 1.03915 3.53737
95 3.1374 1.02092 3.64213
96 3.1706 0.991306 3.746
97 3.2038 1.03629 3.85688
98 3.237 1.13531 3.98087
99 3.2702 1.05295 4.09825
100 3.3034 1.03519 4.216
