# Time-averaged data for fix rdf
# TimeStep Number-of-rows
# Row c_myRDF[1] c_myRDF[2] c_myRDF[3]
1000 100
1 0.0176 0 0
2 0.0528 0 0
3 0.088 0 0
4 0.1232 0 0
5 0.1584 0 0
6 0.1936 0 0
7 0.2288 0 0
8 0.264 0 0
9 0.2992 0 0
10 0.3344 0 0
11 0.3696 0 0
12 0.4048 0 0
13 0.44 0 0
14 0.4752 0 0
15 0.5104 0 0
16 0.5456 0 0
17 0.5808 0 0
18 0.616 0 0
19 0.6512 0 0
20 0.6864 0 0
21 0.7216 0 0
22 0.7568 0 0
23 0.792 0 0
24 0.8272 0 0
25 0.8624 0 0
26 0.8976 0.0422955 0.003
27 0.9328 0.156656 0.015
28 0.968 1.17589 0.112
29 1.0032 2.91202 0.37
30 1.0384 4.58261 0.805
31 1.0736 5.381 1.351
32 1.1088 5.51602 1.948
33 1.144 5.43353 2.574
34 1.1792 4.68103 3.147
35 1.2144 3.98227 3.664
36 1.2496 3.47738 4.142
37 1.2848 3.31698 4.624
38 1.32 2.81647 5.056
39 1.3552 2.54836 5.468
40 1.3904 2.26819 5.854
41 1.4256 2.0849 6.227
42 1.4608 1.8845 6.581
43 1.496 1.81209 6.938
44 1.5312 1.64737 7.278
45 1.5664 1.66676 7.638
46 1.6016 1.69173 8.02
47 1.6368 1.45863 8.364
48 1.672 1.58479 8.754
49 1.7072 1.67212 9.183
50 1.7424 1.6277 9.618
51 1.7776 1.77239 10.111
52 1.8128 1.85633 10.648
53 1.848 1.84616 11.203
54 1.8832 1.89311 11.794
55 1.9184 1.97244 12.433
56 1.9536 2.06274 13.126
57 1.9888 2.18855 13.888
58 2.024 2.14914 14.663
59 2.0592 2.1781 15.476
60 2.0944 2.15989 16.31
61 2.1296 2.11413 17.154
62 2.1648 2.06048 18.004
63 2.2 1.89415 18.811
64 2.2352 1.92136 19.656
65 2.2704 1.87988 20.509
66 2.3056 1.76308 21.334
67 2.3408 1.85144 22.227
68 2.376 1.80705 23.125
69 2.4112 1.70192 23.996
70 2.4464 1.56408 24.82
71 2.4816 1.62886 25.703
72 2.5168 1.61769 26.605
73 2.552 1.56989 27.505
74 2.5872 1.5071 28.393
75 2.6224 1.46526 29.28
76 2.6576 1.47013 30.194
77 2.6928 1.42411 31.103
78 2.728 1.54788 32.117
79 2.7632 1.45216 33.093
80 2.7984 1.54061 34.155
81 2.8336 1.50682 35.22
82 2.8688 1.38587 36.224
83 2.904 1.49392 37.333
84 2.9392 1.48728 38.464
85 2.9744 1.50622 39.637
86 3.0096 1.48123 40.818
87 3.0448 1.54276 42.077
88 3.08 1.34962 43.204
89 3.1152 1.41529 44.413
90 3.1504 1.40673 45.642
91 3.1856 1.30305 46.806
92 3.2208 1.37109 48.058
93 3.256 1.31696 49.287
94 3.2912 1.27741 50.505
95 3.3264 1.22998 51.703
96 3.3616 1.26769 52.964
97 3.3968 1.26026 54.244
98 3.432 1.23647 55.526
99 3.4672 1.1822 56.777
100 3.5024 1.25765 58.135
1500 100
1 0.0176 0 0
2 0.0528 0 0
3 0.088 0 0
4 0.1232 0 0
5 0.1584 0 0
6 0.1936 0 0
7 0.2288 0 0
8 0.264 0 0
9 0.2992 0 0
10 0.3344 0 0
11 0.3696 0 0
12 0.4048 0 0
13 0.44 0 0
14 0.4752 0 0
15 0.5104 0 0
16 0.5456 0 0
17 0.5808 0 0
18 0.616 0 0
19 0.6512 0 0
20 0.6864 0 0
21 0.7216 0 0
22 0.7568 0 0
23 0.792 0 0
24 0.8272 0 0
25 0.8624 0 0
26 0.8976 0.0140985 0.001
27 0.9328 0.0652733 0.006
28 0.968 0.981931 0.087
29 1.0032 2.59599 0.317
30 1.0384 3.31844 0.632
31 1.0736 4.53344 1.092
32 1.1088 4.68446 1.599
33 1.144 4.34856 2.1
34 1.1792 3.88044 2.575
35 1.2144 3.97457 3.091
36 1.2496 3.20093 3.531
37 1.2848 2.52559 3.898
38 1.32 2.39921 4.266
39 1.3552 2.55454 4.679
40 1.3904 2.08015 5.033
41 1.4256 2.06813 5.403
42 1.4608 1.84723 5.75
43 1.496 1.83747 6.112
44 1.5312 1.64737 6.452
45 1.5664 1.57879 6.793
46 1.6016 1.60316 7.155
47 1.6368 1.60704 7.534
48 1.672 1.56853 7.92
49 1.7072 1.63704 8.34
50 1.7424 1.56408 8.758
51 1.7776 1.59263 9.201
52 1.8128 1.51756 9.64
53 1.848 1.65323 10.137
54 1.8832 1.65928 10.655
55 1.9184 1.77489 11.23
56 1.9536 1.75616 11.82
57 1.9888 1.78358 12.441
58 2.024 1.93838 13.14
59 2.0592 2.04682 13.904
60 2.0944 1.88537 14.632
61 2.1296 1.8937 15.388
62 2.1648 2.09926 16.254
63 2.2 1.78383 17.014
64 2.2352 1.76902 17.792
65 2.2704 1.80054 18.609
66 2.3056 1.68401 19.397
67 2.3408 1.83485 20.282
68 2.376 1.72052 21.137
69 2.4112 1.67065 21.992
70 2.4464 1.63431 22.853
71 2.4816 1.60488 23.723
72 2.5168 1.5352 24.579
73 2.552 1.55593 25.471
74 2.5872 1.5037 26.357
75 2.6224 1.46526 27.244
76 2.6576 1.4653 28.155
77 2.6928 1.41314 29.057
78 2.728 1.41813 29.986
79 2.7632 1.38074 30.914
80 2.7984 1.39264 31.874
81 2.8336 1.37241 32.844
82 2.8688 1.40243 33.86
83 2.904 1.38346 34.887
84 2.9392 1.46493 36.001
85 2.9744 1.42789 37.113
86 3.0096 1.3533 38.192
87 3.0448 1.40797 39.341
88 3.08 1.36998 40.485
89 3.1152 1.35558 41.643
90 3.1504 1.41131 42.876
91 3.1856 1.39149 44.119
92 3.2208 1.32729 45.331
93 3.256 1.26338 46.51
94 3.2912 1.28475 47.735
95 3.3264 1.31622 49.017
96 3.3616 1.23653 50.247
97 3.3968 1.26518 51.532
98 3.432 1.23165 52.809
99 3.4672 1.18598 54.064
100 3.5024 1.2206 55.382
2000 100
1 0.0176 0 0
2 0.0528 0 0
3 0.088 0 0
4 0.1232 0 0
5 0.1584 0 0
6 0.1936 0 0
7 0.2288 0 0
8 0.264 0 0
9 0.2992 0 0
10 0.3344 0 0
11 0.3696 0 0
12 0.4048 0 0
13 0.44 0 0
14 0.4752 0 0
15 0.5104 0 0
16 0.5456 0 0
17 0.5808 0 0
18 0.616 0 0
19 0.6512 0 0
20 0.6864 0 0
21 0.7216 0 0
22 0.7568 0 0
23 0.792 0 0
24 0.8272 0 0
25 0.8624 0 0
26 0.8976 0 0
27 0.9328 0.143601 0.011
28 0.968 0.800092 0.077
29 1.0032 2.5847 0.306
30 1.0384 3.39218 0.628
31 1.0736 4.09981 1.044
32 1.1088 4.40727 1.521
33 1.144 4.15761 2
34 1.1792 3.61902 2.443
35 1.2144 3.30444 2.872
36 1.2496 3.34643 3.332
37 1.2848 2.80085 3.739
38 1.32 2.3275 4.096
39 1.3552 2.24528 4.459
40 1.3904 2.00964 4.801
41 1.4256 1.84455 5.131
42 1.4608 1.67688 5.446
43 1.496 1.75625 5.792
44 1.5312 1.79757 6.163
45 1.5664 1.5649 6.501
46 1.6016 1.59873 6.862
47 1.6368 1.53495 7.224
48 1.672 1.31253 7.547
49 1.7072 1.43436 7.915
50 1.7424 1.60524 8.344
51 1.7776 1.53871 8.772
52 1.8128 1.61781 9.24
53 1.848 1.63327 9.731
54 1.8832 1.5888 10.227
55 1.9184 1.72859 10.787
56 1.9536 1.73234 11.369
57 1.9888 1.78645 11.991
58 2.024 1.88569 12.671
59 2.0592 1.83517 13.356
60 2.0944 1.81803 14.058
61 2.1296 1.77847 14.768
62 2.1648 1.89806 15.551
63 2.2 1.89884 16.36
64 2.2352 1.91909 17.204
65 2.2704 1.61321 17.936
66 2.3056 1.74812 18.754
67 2.3408 1.6524 19.551
68 2.376 1.5535 20.323
69 2.4112 1.51043 21.096
70 2.4464 1.55079 21.913
71 2.4816 1.63624 22.8
72 2.5168 1.52085 23.648
73 2.552 1.51756 24.518
74 2.5872 1.3815 25.332
75 2.6224 1.51812 26.251
76 2.6576 1.3897 27.115
77 2.6928 1.35674 27.981
78 2.728 1.40134 28.899
79 2.7632 1.41496 29.85
80 2.7984 1.4086 30.821
81 2.8336 1.3809 31.797
82 2.8688 1.35826 32.781
83 2.904 1.29455 33.742
84 2.9392 1.32948 34.753
85 2.9744 1.38552 35.832
86 3.0096 1.31567 36.881
87 3.0448 1.39081 38.016
88 3.08 1.36998 39.16
89 3.1152 1.3708 40.331
90 3.1504 1.30486 41.471
91 3.1856 1.34559 42.673
92 3.2208 1.27253 43.835
93 3.256 1.30303 45.051
94 3.2912 1.26797 46.26
95 3.3264 1.33676 47.562
96 3.3616 1.24758 48.803
97 3.3968 1.15983 49.981
98 3.432 1.22876 51.255
99 3.4672 1.24362 52.571
100 3.5024 1.18078 53.846
2500 100
1 0.0176 0 0
2 0.0528 0 0
3 0.088 0 0
4 0.1232 0 0
5 0.1584 0 0
6 0.1936 0 0
7 0.2288 0 0
8 0.264 0 0
9 0.2992 0 0
10 0.3344 0 0
11 0.3696 0 0
12 0.4048 0 0
13 0.44 0 0
14 0.4752 0 0
15 0.5104 0 0
16 0.5456 0 0
17 0.5808 0 0
18 0.616 0 0
19 0.6512 0 0
20 0.6864 0 0
21 0.7216 0 0
22 0.7568 0 0
23 0.792 0 0
24 0.8272 0 0
25 0.8624 0 0
26 0.8976 0 0
27 0.9328 0.130547 0.01
28 0.968 0.800092 0.076
29 1.0032 1.79462 0.235
30 1.0384 3.06561 0.526
31 1.0736 3.75487 0.907
32 1.1088 3.97301 1.337
33 1.144 3.55002 1.746
34 1.1792 3.97847 2.233
35 1.2144 3.1812 2.646
36 1.2496 2.94631 3.051
37 1.2848 2.52559 3.418
38 1.32 2.5296 3.806
39 1.3552 2.0659 4.14
40 1.3904 1.78047 4.443
41 1.4256 1.68804 4.745
42 1.4608 1.72479 5.069
43 1.496 1.50246 5.365
44 1.5312 1.53593 5.682
45 1.5664 1.45379 5.996
46 1.6016 1.36402 6.304
47 1.6368 1.37383 6.628
48 1.672 1.48726 6.994
49 1.7072 1.34861 7.34
50 1.7424 1.37325 7.707
51 1.7776 1.4668 8.115
52 1.8128 1.42768 8.528
53 1.848 1.4104 8.952
54 1.8832 1.64326 9.465
55 1.9184 1.56808 9.973
56 1.9536 1.69663 10.543
57 1.9888 1.55381 11.084
58 2.024 1.60007 11.661
59 2.0592 1.62888 12.269
60 2.0944 1.71444 12.931
61 2.1296 1.80352 13.651
62 2.1648 1.71383 14.358
63 2.2 1.76505 15.11
64 2.2352 1.67124 15.845
65 2.2704 1.69916 16.616
66 2.3056 1.68187 17.403
67 2.3408 1.62545 18.187
68 2.376 1.56758 18.966
69 2.4112 1.54364 19.756
70 2.4464 1.40653 20.497
71 2.4816 1.48313 21.301
72 2.5168 1.41145 22.088
73 2.552 1.41464 22.899
74 2.5872 1.42902 23.741
75 2.6224 1.30998 24.534
76 2.6576 1.35593 25.377
77 2.6928 1.31288 26.215
78 2.728 1.32959 27.086
79 2.7632 1.33908 27.986
80 2.7984 1.29255 28.877
81 2.8336 1.24932 29.76
82 2.8688 1.28924 30.694
83 2.904 1.36056 31.704
84 2.9392 1.34395 32.726
85 2.9744 1.27637 33.72
86 3.0096 1.22035 34.693
87 3.0448 1.37243 35.813
88 3.08 1.34244 36.934
89 3.1152 1.35675 38.093
90 3.1504 1.24763 39.183
91 3.1856 1.27058 40.318
92 3.2208 1.22654 41.438
93 3.256 1.23231 42.588
94 3.2912 1.26377 43.793
95 3.3264 1.24743 45.008
96 3.3616 1.21542 46.217
97 3.3968 1.17362 47.409
98 3.432 1.17957 48.632
99 3.4672 1.16613 49.866
100 3.5024 1.12799 51.084
3000 100
1 0.0176 0 0
2 0.0528 0 0
3 0.088 0 0
4 0.1232 0 0
5 0.1584 0 0
6 0.1936 0 0
7 0.2288 0 0
8 0.264 0 0
9 0.2992 0 0
10 0.3344 0 0
11 0.3696 0 0
12 0.4048 0 0
13 0.44 0 0
14 0.4752 0 0
15 0.5104 0 0
16 0.5456 0 0
17 0.5808 0 0
18 0.616 0 0
19 0.6512 0 0
20 0.6864 0 0
21 0.7216 0 0
22 0.7568 0 0
23 0.792 0 0
24 0.8272 0 0
25 0.8624 0 0
26 0.8976 0.0140985 0.001
27 0.9328 0.078328 0.007
28 0.968 0.703111 0.065
29 1.0032 1.8059 0.225
30 1.0384 2.81277 0.492
31 1.0736 3.39023 0.836
32 1.1088 3.60343 1.226
33 1.144 3.62814 1.644
34 1.1792 3.32492 2.051
35 1.2144 2.98863 2.439
36 1.2496 2.94631 2.844
37 1.2848 2.30537 3.179
38 1.32 2.04715 3.493
39 1.3552 2.12157 3.836
40 1.3904 2.08603 4.191
41 1.4256 1.8166 4.516
42 1.4608 1.62897 4.822
43 1.496 1.51769 5.121
44 1.5312 1.56015 5.443
45 1.5664 1.301 5.724
46 1.6016 1.52345 6.068
47 1.6368 1.43743 6.407
48 1.672 1.36942 6.744
49 1.7072 1.30963 7.08
50 1.7424 1.33957 7.438
51 1.7776 1.33379 7.809
52 1.8128 1.52102 8.249
53 1.848 1.53015 8.709
54 1.8832 1.45747 9.164
55 1.9184 1.52486 9.658
56 1.9536 1.66686 10.218
57 1.9888 1.48201 10.734
58 2.024 1.52242 11.283
59 2.0592 1.5753 11.871
60 2.0944 1.68336 12.521
61 2.1296 1.58309 13.153
62 2.1648 1.62172 13.822
63 2.2 1.65239 14.526
64 2.2352 1.59848 15.229
65 2.2704 1.59558 15.953
66 2.3056 1.65836 16.729
67 2.3408 1.50313 17.454
68 2.376 1.52331 18.211
69 2.4112 1.52997 18.994
70 2.4464 1.50714 19.788
71 2.4816 1.4407 20.569
72 2.5168 1.35764 21.326
73 2.552 1.51756 22.196
74 2.5872 1.27458 22.947
75 2.6224 1.36779 23.775
76 2.6576 1.3511 24.615
77 2.6928 1.38808 25.501
78 2.728 1.37386 26.401
79 2.7632 1.34503 27.305
80 2.7984 1.35638 28.24
81 2.8336 1.39222 29.224
82 2.8688 1.31961 30.18
83 2.904 1.35517 31.186
84 2.9392 1.35315 32.215
85 2.9744 1.26225 33.198
86 3.0096 1.29811 34.233
87 3.0448 1.29768 35.292
88 3.08 1.35082 36.42
89 3.1152 1.34271 37.567
90 3.1504 1.27624 38.682
91 3.1856 1.27282 39.819
92 3.2208 1.2791 40.987
93 3.256 1.19587 42.103
94 3.2912 1.20294 43.25
95 3.3264 1.23409 44.452
96 3.3616 1.20134 45.647
97 3.3968 1.20119 46.867
98 3.432 1.20079 48.112
99 3.4672 1.20204 49.384
100 3.5024 1.19282 50.672
3500 100
1 0.0176 0 0
2 0.0528 0 0
3 0.088 0 0
4 0.1232 0 0
5 0.1584 0 0
6 0.1936 0 0
7 0.2288 0 0
8 0.264 0 0
9 0.2992 0 0
10 0.3344 0 0
11 0.3696 0 0
12 0.4048 0 0
13 0.44 0 0
14 0.4752 0 0
15 0.5104 0 0
16 0.5456 0 0
17 0.5808 0 0
18 0.616 0 0
19 0.6512 0 0
20 0.6864 0 0
21 0.7216 0 0
22 0.7568 0 0
23 0.792 0 0
24 0.8272 0 0
25 0.8624 0 0
26 0.8976 0 0
27 0.9328 0.0522187 0.004
28 0.968 0.60613 0.054
29 1.0032 1.67046 0.202
30 1.0384 2.97079 0.484
31 1.0736 3.73516 0.863
32 1.1088 3.86214 1.281
33 1.144 4.18365 1.763
34 1.1792 3.25957 2.162
35 1.2144 2.95012 2.545
36 1.2496 2.56074 2.897
37 1.2848 2.26408 3.226
38 1.32 1.98848 3.531
39 1.3552 2.08446 3.868
40 1.3904 1.8216 4.178
41 1.4256 1.6601 4.475
42 1.4608 1.73544 4.801
43 1.496 1.53292 5.103
44 1.5312 1.32758 5.377
45 1.5664 1.40286 5.68
46 1.6016 1.44373 6.006
47 1.6368 1.40351 6.337
48 1.672 1.34504 6.668
49 1.7072 1.47723 7.047
50 1.7424 1.41067 7.424
51 1.7776 1.33738 7.796
52 1.8128 1.52102 8.236
53 1.848 1.45697 8.674
54 1.8832 1.39341 9.109
55 1.9184 1.5403 9.608
56 1.9536 1.53292 10.123
57 1.9888 1.62274 10.688
58 2.024 1.58343 11.259
59 2.0592 1.71194 11.898
60 2.0944 1.77142 12.582
61 2.1296 1.73088 13.273
62 2.1648 1.58778 13.928
63 2.2 1.79087 14.691
64 2.2352 1.64396 15.414
65 2.2704 1.53608 16.111
66 2.3056 1.60066 16.86
67 2.3408 1.48861 17.578
68 2.376 1.44081 18.294
69 2.4112 1.39514 19.008
70 2.4464 1.37996 19.735
71 2.4816 1.40196 20.495
72 2.5168 1.29846 21.219
73 2.552 1.37627 22.008
74 2.5872 1.43581 22.854
75 2.6224 1.44378 23.728
76 2.6576 1.25942 24.511
77 2.6928 1.41471 25.414
78 2.728 1.34943 26.298
79 2.7632 1.31974 27.185
80 2.7984 1.31141 28.089
81 2.8336 1.34553 29.04
82 2.8688 1.39415 30.05
83 2.904 1.31745 31.028
84 2.9392 1.3571 32.06
85 2.9744 1.30205 33.074
86 3.0096 1.30187 34.112
87 3.0448 1.30503 35.177
88 3.08 1.27537 36.242
89 3.1152 1.28769 37.342
90 3.1504 1.2213 38.409
91 3.1856 1.26499 39.539
92 3.2208 1.24625 40.677
93 3.256 1.20659 41.803
94 3.2912 1.26377 43.008
95 3.3264 1.23511 44.211
96 3.3616 1.20436 45.409
97 3.3968 1.23466 46.663
98 3.432 1.21139 47.919
99 3.4672 1.14345 49.129
100 3.5024 1.16041 50.382
4000 100
1 0.0176 0 0
2 0.0528 0 0
3 0.088 0 0
4 0.1232 0 0
5 0.1584 0 0
6 0.1936 0 0
7 0.2288 0 0
8 0.264 0 0
9 0.2992 0 0
10 0.3344 0 0
11 0.3696 0 0
12 0.4048 0 0
13 0.44 0 0
14 0.4752 0 0
15 0.5104 0 0
16 0.5456 0 0
17 0.5808 0 0
18 0.616 0 0
19 0.6512 0 0
20 0.6864 0 0
21 0.7216 0 0
22 0.7568 0 0
23 0.792 0 0
24 0.8272 0 0
25 0.8624 0 0
26 0.8976 0 0
27 0.9328 0.117492 0.009
28 0.968 0.618253 0.06
29 1.0032 1.78333 0.218
30 1.0384 2.92866 0.496
31 1.0736 3.82386 0.884
32 1.1088 3.8991 1.306
33 1.144 3.30699 1.687
34 1.1792 3.23506 2.083
35 1.2144 2.56498 2.416
36 1.2496 2.50255 2.76
37 1.2848 2.3329 3.099
38 1.32 2.04063 3.412
39 1.3552 1.73808 3.693
40 1.3904 1.51017 3.95
41 1.4256 1.79425 4.271
42 1.4608 1.55444 4.563
43 1.496 1.472 4.853
44 1.5312 1.6619 5.196
45 1.5664 1.36119 5.49
46 1.6016 1.49245 5.827
47 1.6368 1.35262 6.146
48 1.672 1.42224 6.496
49 1.7072 1.39538 6.854
50 1.7424 1.36203 7.218
51 1.7776 1.49916 7.635
52 1.8128 1.29286 8.009
53 1.848 1.54346 8.473
54 1.8832 1.55998 8.96
55 1.9184 1.48165 9.44
56 1.9536 1.58054 9.971
57 1.9888 1.6371 10.541
58 2.024 1.49469 11.08
59 2.0592 1.59138 11.674
60 2.0944 1.63675 12.306
61 2.1296 1.58058 12.937
62 2.1648 1.54172 13.573
63 2.2 1.54912 14.233
64 2.2352 1.51663 14.9
65 2.2704 1.56693 15.611
66 2.3056 1.57288 16.347
67 2.3408 1.46166 17.052
68 2.376 1.45288 17.774
69 2.4112 1.36192 18.471
70 2.4464 1.41223 19.215
71 2.4816 1.35216 19.948
72 2.5168 1.40786 20.733
73 2.552 1.34662 21.505
74 2.5872 1.3832 22.32
75 2.6224 1.31824 23.118
76 2.6576 1.43313 24.009
77 2.6928 1.28781 24.831
78 2.728 1.40134 25.749
79 2.7632 1.28105 26.61
80 2.7984 1.33317 27.529
81 2.8336 1.31016 28.455
82 2.8688 1.29477 29.393
83 2.904 1.29455 30.354
84 2.9392 1.28346 31.33
85 2.9744 1.28022 32.327
86 3.0096 1.24167 33.317
87 3.0448 1.28175 34.363
88 3.08 1.32926 35.473
89 3.1152 1.20691 36.504
90 3.1504 1.26251 37.607
91 3.1856 1.2717 38.743
92 3.2208 1.21121 39.849
93 3.256 1.20445 40.973
94 3.2912 1.23546 42.151
95 3.3264 1.14476 43.266
96 3.3616 1.14102 44.401
97 3.3968 1.16968 45.589
98 3.432 1.13713 46.768
99 3.4672 1.2011 48.039
100 3.5024 1.20486 49.34
4500 100
1 0.0176 0 0
2 0.0528 0 0
3 0.088 0 0
4 0.1232 0 0
5 0.1584 0 0
6 0.1936 0 0
7 0.2288 0 0
8 0.264 0 0
9 0.2992 0 0
10 0.3344 0 0
11 0.3696 0 0
12 0.4048 0 0
13 0.44 0 0
14 0.4752 0 0
15 0.5104 0 0
16 0.5456 0 0
17 0.5808 0 0
18 0.616 0 0
19 0.6512 0 0
20 0.6864 0 0
21 0.7216 0 0
22 0.7568 0 0
23 0.792 0 0
24 0.8272 0 0
25 0.8624 0 0
26 0.8976 0 0
27 0.9328 0.0913827 0.007
28 0.968 0.424291 0.042
29 1.0032 1.53502 0.178
30 1.0384 2.68636 0.433
31 1.0736 3.23254 0.761
32 1.1088 3.44636 1.134
33 1.144 3.15944 1.498
34 1.1792 3.10435 1.878
35 1.2144 2.84228 2.247
36 1.2496 2.50982 2.592
37 1.2848 2.14709 2.904
38 1.32 2.00804 3.212
39 1.3552 1.8556 3.512
40 1.3904 1.59243 3.783
41 1.4256 1.82219 4.109
42 1.4608 1.66091 4.421
43 1.496 1.5989 4.736
44 1.5312 1.35666 5.016
45 1.5664 1.2547 5.287
46 1.6016 1.24887 5.569
47 1.6368 1.24238 5.862
48 1.672 1.14999 6.145
49 1.7072 1.34471 6.49
50 1.7424 1.36203 6.854
51 1.7776 1.38771 7.24
52 1.8128 1.3378 7.627
53 1.848 1.27402 8.01
54 1.8832 1.31973 8.422
55 1.9184 1.42917 8.885
56 1.9536 1.38111 9.349
57 1.9888 1.3901 9.833
58 2.024 1.47528 10.365
59 2.0592 1.48689 10.92
60 2.0944 1.52539 11.509
61 2.1296 1.57808 12.139
62 2.1648 1.44961 12.737
63 2.2 1.49044 13.372
64 2.2352 1.63259 14.09
65 2.2704 1.46776 14.756
66 2.3056 1.41688 15.419
67 2.3408 1.42227 16.105
68 2.376 1.5052 16.853
69 2.4112 1.36192 17.55
70 2.4464 1.3401 18.256
71 2.4816 1.34478 18.985
72 2.5168 1.27514 19.696
73 2.552 1.28731 20.434
74 2.5872 1.30343 21.202
75 2.6224 1.27033 21.971
76 2.6576 1.21438 22.726
77 2.6928 1.23611 23.515
78 2.728 1.28379 24.356
79 2.7632 1.23047 25.183
80 2.7984 1.17359 25.992
81 2.8336 1.25215 26.877
82 2.8688 1.21609 27.758
83 2.904 1.24471 28.682
84 2.9392 1.16379 29.567
85 2.9744 1.21987 30.517
86 3.0096 1.18398 31.461
87 3.0448 1.24744 32.479
88 3.08 1.25741 33.529
89 3.1152 1.16594 34.525
90 3.1504 1.19383 35.568
91 3.1856 1.23924 36.675
92 3.2208 1.1444 37.72
93 3.256 1.11872 38.764
94 3.2912 1.19875 39.907
95 3.3264 1.20637 41.082
96 3.3616 1.20536 42.281
97 3.3968 1.1874 43.487
98 3.432 1.12459 44.653
99 3.4672 1.18787 45.91
100 3.5024 1.15022 47.152
5000 100
1 0.0176 0 0
2 0.0528 0 0
3 0.088 0 0
4 0.1232 0 0
5 0.1584 0 0
6 0.1936 0 0
7 0.2288 0 0
8 0.264 0 0
9 0.2992 0 0
10 0.3344 0 0
11 0.3696 0 0
12 0.4048 0 0
13 0.44 0 0
14 0.4752 0 0
15 0.5104 0 0
16 0.5456 0 0
17 0.5808 0 0
18 0.616 0 0
19 0.6512 0 0
20 0.6864 0 0
21 0.7216 0 0
22 0.7568 0 0
23 0.792 0 0
24 0.8272 0 0
25 0.8624 0 0
26 0.8976 0 0
27 0.9328 0.078328 0.006
28 0.968 0.618253 0.057
29 1.0032 1.58017 0.197
30 1.0384 2.33871 0.419
31 1.0736 3.11428 0.735
32 1.1088 3.27081 1.089
33 1.144 3.02924 1.438
34 1.1792 2.90829 1.794
35 1.2144 2.45715 2.113
36 1.2496 2.50255 2.457
37 1.2848 2.17462 2.773
38 1.32 1.81897 3.052
39 1.3552 1.89271 3.358
40 1.3904 1.70408 3.648
41 1.4256 1.62097 3.938
42 1.4608 1.62365 4.243
43 1.496 1.42632 4.524
44 1.5312 1.52139 4.838
45 1.5664 1.29637 5.118
46 1.6016 1.2843 5.408
47 1.6368 1.19998 5.691
48 1.672 1.25157 5.999
49 1.7072 1.29794 6.332
50 1.7424 1.25725 6.668
51 1.7776 1.29424 7.028
52 1.8128 1.26521 7.394
53 1.848 1.28733 7.781
54 1.8832 1.25247 8.172
55 1.9184 1.31496 8.598
56 1.9536 1.34837 9.051
57 1.9888 1.30107 9.504
58 2.024 1.54738 10.062
59 2.0592 1.39313 10.582
60 2.0944 1.4218 11.131
61 2.1296 1.50544 11.732
62 2.1648 1.50536 12.353
63 2.2 1.38012 12.941
64 2.2352 1.4325 13.571
65 2.2704 1.42589 14.218
66 2.3056 1.49808 14.919
67 2.3408 1.37873 15.584
68 2.376 1.35428 16.257
69 2.4112 1.34238 16.944
70 2.4464 1.26607 17.611
71 2.4816 1.28944 18.31
72 2.5168 1.29846 19.034
73 2.552 1.22975 19.739
74 2.5872 1.17275 20.43
75 2.6224 1.14478 21.123
76 2.6576 1.16291 21.846
77 2.6928 1.26744 22.655
78 2.728 1.1861 23.432
79 2.7632 1.26469 24.282
80 2.7984 1.16489 25.085
81 2.8336 1.19555 25.93
82 2.8688 1.11118 26.735
83 2.904 1.16254 27.598
84 2.9392 1.16905 28.487
85 2.9744 1.12357 29.362
86 3.0096 1.15011 30.279
87 3.0448 1.11878 31.192
88 3.08 1.13526 32.14
89 3.1152 1.19989 33.165
90 3.1504 1.13889 34.16
91 3.1856 1.18215 35.216
92 3.2208 1.13345 36.251
93 3.256 1.17123 37.344
94 3.2912 1.10855 38.401
95 3.3264 1.15709 39.528
96 3.3616 1.15007 40.672
97 3.3968 1.1618 41.852
98 3.432 1.14581 43.04
99 3.4672 1.08014 44.183
100 3.5024 1.11873 45.391
5500 100
1 0.0176 0 0
2 0.0528 0 0
3 0.088 0 0
4 0.1232 0 0
5 0.1584 0 0
6 0.1936 0 0
7 0.2288 0 0
8 0.264 0 0
9 0.2992 0 0
10 0.3344 0 0
11 0.3696 0 0
12 0.4048 0 0
13 0.44 0 0
14 0.4752 0 0
15 0.5104 0 0
16 0.5456 0 0
17 0.5808 0 0
18 0.616 0 0
19 0.6512 0 0
20 0.6864 0 0
21 0.7216 0 0
22 0.7568 0 0
23 0.792 0 0
24 0.8272 0 0
25 0.8624 0 0
26 0.8976 0 0
27 0.9328 0.078328 0.006
28 0.968 0.533394 0.05
29 1.0032 1.48987 0.182
30 1.0384 2.71796 0.44
31 1.0736 3.34095 0.779
32 1.1088 3.4094 1.148
33 1.144 3.10736 1.506
34 1.1792 3.34126 1.915
35 1.2144 2.9039 2.292
36 1.2496 2.35705 2.616
37 1.2848 2.3329 2.955
38 1.32 2.02108 3.265
39 1.3552 1.81849 3.559
40 1.3904 1.53367 3.82
41 1.4256 1.65451 4.116
42 1.4608 1.38942 4.377
43 1.496 1.34511 4.642
44 1.5312 1.35666 4.922
45 1.5664 1.29637 5.202
46 1.6016 1.27102 5.489
47 1.6368 1.12789 5.755
48 1.672 1.17437 6.044
49 1.7072 1.21999 6.357
50 1.7424 1.25351 6.692
51 1.7776 1.30143 7.054
52 1.8128 1.29286 7.428
53 1.848 1.26737 7.809
54 1.8832 1.34856 8.23
55 1.9184 1.23162 8.629
56 1.9536 1.34837 9.082
57 1.9888 1.37861 9.562
58 2.024 1.47251 10.093
59 2.0592 1.4226 10.624
60 2.0944 1.47618 11.194
61 2.1296 1.4854 11.787
62 2.1648 1.51263 12.411
63 2.2 1.41533 13.014
64 2.2352 1.39157 13.626
65 2.2704 1.46335 14.29
66 2.3056 1.33139 14.913
67 2.3408 1.3497 15.564
68 2.376 1.28989 16.205
69 2.4112 1.35997 16.901
70 2.4464 1.21292 17.54
71 2.4816 1.22303 18.203
72 2.5168 1.20341 18.874
73 2.552 1.25242 19.592
74 2.5872 1.2016 20.3
75 2.6224 1.13652 20.988
76 2.6576 1.16935 21.715
77 2.6928 1.20634 22.485
78 2.728 1.21052 23.278
79 2.7632 1.17244 24.066
80 2.7984 1.1852 24.883
81 2.8336 1.19272 25.726
82 2.8688 1.21471 26.606
83 2.904 1.19217 27.491
84 2.9392 1.14143 28.359
85 2.9744 1.18007 29.278
86 3.0096 1.17144 30.212
87 3.0448 1.16411 31.162
88 3.08 1.13407 32.109
89 3.1152 1.14019 33.083
90 3.1504 1.18238 34.116
91 3.1856 1.12617 35.122
92 3.2208 1.11593 36.141
93 3.256 1.13801 37.203
94 3.2912 1.10855 38.26
95 3.3264 1.14784 39.378
96 3.3616 1.1169 40.489
97 3.3968 1.12144 41.628
98 3.432 1.08312 42.751
99 3.4672 1.08392 43.898
100 3.5024 1.09558 45.081
6000 100
1 0.0176 0 0
2 0.0528 0 0
3 0.088 0 0
4 0.1232 0 0
5 0.1584 0 0
6 0.1936 0 0
7 0.2288 0 0
8 0.264 0 0
9 0.2992 0 0
10 0.3344 0 0
11 0.3696 0 0
12 0.4048 0 0
13 0.44 0 0
14 0.4752 0 0
15 0.5104 0 0
16 0.5456 0 0
17 0.5808 0 0
18 0.616 0 0
19 0.6512 0 0
20 0.6864 0 0
21 0.7216 0 0
22 0.7568 0 0
23 0.792 0 0
24 0.8272 0 0
25 0.8624 0 0
26 0.8976 0.0140985 0.001
27 0.9328 0.104437 0.009
28 0.968 0.569762 0.056
29 1.0032 1.33185 0.174
30 1.0384 2.71796 0.432
31 1.0736 3.20298 0.757
32 1.1088 3.35396 1.12
33 1.144 3.28963 1.499
34 1.1792 3.03083 1.87
35 1.2144 2.70363 2.221
36 1.2496 2.69169 2.591
37 1.2848 2.20903 2.912
38 1.32 1.83853 3.194
39 1.3552 1.71334 3.471
40 1.3904 1.82748 3.782
41 1.4256 1.50359 4.051
42 1.4608 1.46927 4.327
43 1.496 1.36034 4.595
44 1.5312 1.34212 4.872
45 1.5664 1.36582 5.167
46 1.6016 1.3153 5.464
47 1.6368 1.28478 5.767
48 1.672 1.18249 6.058
49 1.7072 1.33692 6.401
50 1.7424 1.23106 6.73
51 1.7776 1.31221 7.095
52 1.8128 1.32052 7.477
53 1.848 1.35053 7.883
54 1.8832 1.38059 8.314
55 1.9184 1.48782 8.796
56 1.9536 1.4466 9.282
57 1.9888 1.35276 9.753
58 2.024 1.41427 10.263
59 2.0592 1.32079 10.756
60 2.0944 1.45805 11.319
61 2.1296 1.42528 11.888
62 2.1648 1.39385 12.463
63 2.2 1.42472 13.07
64 2.2352 1.40294 13.687
65 2.2704 1.33773 14.294
66 2.3056 1.36986 14.935
67 2.3408 1.3186 15.571
68 2.376 1.36434 16.249
69 2.4112 1.37169 16.951
70 2.4464 1.26987 17.62
71 2.4816 1.34662 18.35
72 2.5168 1.25542 19.05
73 2.552 1.32568 19.81
74 2.5872 1.26779 20.557
75 2.6224 1.2885 21.337
76 2.6576 1.28676 22.137
77 2.6928 1.19538 22.9
78 2.728 1.27464 23.735
79 2.7632 1.2513 24.576
80 2.7984 1.16779 25.381
81 2.8336 1.19414 26.225
82 2.8688 1.23955 27.123
83 2.904 1.16792 27.99
84 2.9392 1.17694 28.885
85 2.9744 1.20575 29.824
86 3.0096 1.20655 30.786
87 3.0448 1.25602 31.811
88 3.08 1.17119 32.789
89 3.1152 1.12731 33.752
90 3.1504 1.19955 34.8
91 3.1856 1.15752 35.834
92 3.2208 1.10388 36.842
93 3.256 1.17123 37.935
94 3.2912 1.14211 39.024
95 3.3264 1.1961 40.189
96 3.3616 1.10785 41.291
97 3.3968 1.12734 42.436
98 3.432 1.09566 43.572
99 3.4672 1.11794 44.755
100 3.5024 1.13818 45.984
6500 100
1 0.0176 0 0
2 0.0528 0 0
3 0.088 0 0
4 0.1232 0 0
5 0.1584 0 0
6 0.1936 0 0
7 0.2288 0 0
8 0.264 0 0
9 0.2992 0 0
10 0.3344 0 0
11 0.3696 0 0
12 0.4048 0 0
13 0.44 0 0
14 0.4752 0 0
15 0.5104 0 0
16 0.5456 0 0
17 0.5808 0 0
18 0.616 0 0
19 0.6512 0 0
20 0.6864 0 0
21 0.7216 0 0
22 0.7568 0 0
23 0.792 0 0
24 0.8272 0 0
25 0.8624 0 0
26 0.8976 0.0140985 0.001
27 0.9328 0.0522187 0.005
28 0.968 0.509149 0.047
29 1.0032 1.55759 0.185
30 1.0384 2.4862 0.421
31 1.0736 3.40008 0.766
32 1.1088 3.53875 1.149
33 1.144 3.20283 1.518
34 1.1792 3.03083 1.889
35 1.2144 2.76525 2.248
36 1.2496 2.76444 2.628
37 1.2848 2.20215 2.948
38 1.32 1.87764 3.236
39 1.3552 1.71952 3.514
40 1.3904 1.6747 3.799
41 1.4256 1.60979 4.087
42 1.4608 1.46927 4.363
43 1.496 1.39587 4.638
44 1.5312 1.31789 4.91
45 1.5664 1.43064 5.219
46 1.6016 1.31087 5.515
47 1.6368 1.3187 5.826
48 1.672 1.18656 6.118
49 1.7072 1.23558 6.435
50 1.7424 1.26848 6.774
51 1.7776 1.35895 7.152
52 1.8128 1.32743 7.536
53 1.848 1.36051 7.945
54 1.8832 1.29731 8.35
55 1.9184 1.39213 8.801
56 1.9536 1.47934 9.298
57 1.9888 1.41021 9.789
58 2.024 1.35881 10.279
59 2.0592 1.52172 10.847
60 2.0944 1.40626 11.39
61 2.1296 1.40524 11.951
62 2.1648 1.47627 12.56
63 2.2 1.37543 13.146
64 2.2352 1.50526 13.808
65 2.2704 1.32671 14.41
66 2.3056 1.372 15.052
67 2.3408 1.42227 15.738
68 2.376 1.30196 16.385
69 2.4112 1.29744 17.049
70 2.4464 1.45209 17.814
71 2.4816 1.39828 18.572
72 2.5168 1.32715 19.312
73 2.552 1.31173 20.064
74 2.5872 1.31701 20.84
75 2.6224 1.35953 21.663
76 2.6576 1.16291 22.386
77 2.6928 1.27684 23.201
78 2.728 1.27006 24.033
79 2.7632 1.31081 24.914
80 2.7984 1.19971 25.741
81 2.8336 1.17291 26.57
82 2.8688 1.32927 27.533
83 2.904 1.26357 28.471
84 2.9392 1.25452 29.425
85 2.9744 1.28793 30.428
86 3.0096 1.2191 31.4
87 3.0448 1.18372 32.366
88 3.08 1.17598 33.348
89 3.1152 1.21277 34.384
90 3.1504 1.20184 35.434
91 3.1856 1.19222 36.499
92 3.2208 1.20573 37.6
93 3.256 1.17873 38.7
94 3.2912 1.15889 39.805
95 3.3264 1.14887 40.924
96 3.3616 1.19832 42.116
97 3.3968 1.1362 43.27
98 3.432 1.14195 44.454
99 3.4672 1.11132 45.63
100 3.5024 1.17337 46.897
7000 100
1 0.0176 0 0
2 0.0528 0 0
3 0.088 0 0
4 0.1232 0 0
5 0.1584 0 0
6 0.1936 0 0
7 0.2288 0 0
8 0.264 0 0
9 0.2992 0 0
10 0.3344 0 0
11 0.3696 0 0
12 0.4048 0 0
13 0.44 0 0
14 0.4752 0 0
15 0.5104 0 0
16 0.5456 0 0
17 0.5808 0 0
18 0.616 0 0
19 0.6512 0 0
20 0.6864 0 0
21 0.7216 0 0
22 0.7568 0 0
23 0.792 0 0
24 0.8272 0 0
25 0.8624 0 0
26 0.8976 0 0
27 0.9328 0.117492 0.009
28 0.968 0.521272 0.052
29 1.0032 1.29799 0.167
30 1.0384 2.61261 0.415
31 1.0736 3.25225 0.745
32 1.1088 3.53875 1.128
33 1.144 3.41115 1.521
34 1.1792 2.96547 1.884
35 1.2144 2.84228 2.253
36 1.2496 2.41525 2.585
37 1.2848 2.18838 2.903
38 1.32 1.87764 3.191
39 1.3552 1.8556 3.491
40 1.3904 1.69233 3.779
41 1.4256 1.58184 4.062
42 1.4608 1.59703 4.362
43 1.496 1.47708 4.653
44 1.5312 1.34212 4.93
45 1.5664 1.3473 5.221
46 1.6016 1.36402 5.529
47 1.6368 1.22966 5.819
48 1.672 1.23938 6.124
49 1.7072 1.17711 6.426
50 1.7424 1.33583 6.783
51 1.7776 1.2511 7.131
52 1.8128 1.22027 7.484
53 1.848 1.25073 7.86
54 1.8832 1.34536 8.28
55 1.9184 1.29336 8.699
56 1.9536 1.30372 9.137
57 1.9888 1.45329 9.643
58 2.024 1.48914 10.18
59 2.0592 1.63156 10.789
60 2.0944 1.46582 11.355
61 2.1296 1.54301 11.971
62 2.1648 1.53687 12.605
63 2.2 1.4787 13.235
64 2.2352 1.4666 13.88
65 2.2704 1.46115 14.543
66 2.3056 1.33994 15.17
67 2.3408 1.45751 15.873
68 2.376 1.41867 16.578
69 2.4112 1.32871 17.258
70 2.4464 1.41602 18.004
71 2.4816 1.28759 18.702
72 2.5168 1.28411 19.418
73 2.552 1.27161 20.147
74 2.5872 1.32719 20.929
75 2.6224 1.17287 21.639
76 2.6576 1.20312 22.387
77 2.6928 1.28311 23.206
78 2.728 1.1922 23.987
79 2.7632 1.17095 24.774
80 2.7984 1.24613 25.633
81 2.8336 1.13754 26.437
82 2.8688 1.21609 27.318
83 2.904 1.18274 28.196
84 2.9392 1.19798 29.107
85 2.9744 1.1852 30.03
86 3.0096 1.26801 31.041
87 3.0448 1.16166 31.989
88 3.08 1.26699 33.047
89 3.1152 1.22096 34.09
90 3.1504 1.23618 35.17
91 3.1856 1.25603 36.292
92 3.2208 1.18383 37.373
93 3.256 1.21838 38.51
94 3.2912 1.18826 39.643
95 3.3264 1.13142 40.745
96 3.3616 1.15309 41.892
97 3.3968 1.17953 43.09
98 3.432 1.15353 44.286
99 3.4672 1.1151 45.466
100 3.5024 1.16226 46.721
7500 100
1 0.0176 0 0
2 0.0528 0 0
3 0.088 0 0
4 0.1232 0 0
5 0.1584 0 0
6 0.1936 0 0
7 0.2288 0 0
8 0.264 0 0
9 0.2992 0 0
10 0.3344 0 0
11 0.3696 0 0
12 0.4048 0 0
13 0.44 0 0
14 0.4752 0 0
15 0.5104 0 0
16 0.5456 0 0
17 0.5808 0 0
18 0.616 0 0
19 0.6512 0 0
20 0.6864 0 0
21 0.7216 0 0
22 0.7568 0 0
23 0.792 0 0
24 0.8272 0 0
25 0.8624 0 0
26 0.8976 0 0
27 0.9328 0.130547 0.01
28 0.968 0.630375 0.062
29 1.0032 1.62531 0.206
30 1.0384 2.77063 0.469
31 1.0736 3.065 0.78
32 1.1088 3.29852 1.137
33 1.144 3.30699 1.518
34 1.1792 3.01449 1.887
35 1.2144 3.02714 2.28
36 1.2496 2.08788 2.567
37 1.2848 2.03699 2.863
38 1.32 2.10583 3.186
39 1.3552 1.81849 3.48
40 1.3904 1.77459 3.782
41 1.4256 1.58184 4.065
42 1.4608 1.49056 4.345
43 1.496 1.34003 4.609
44 1.5312 1.48748 4.916
45 1.5664 1.3473 5.207
46 1.6016 1.30644 5.502
47 1.6368 1.2763 5.803
48 1.672 1.28002 6.118
49 1.7072 1.14983 6.413
50 1.7424 1.24977 6.747
51 1.7776 1.36255 7.126
52 1.8128 1.362 7.52
53 1.848 1.27735 7.904
54 1.8832 1.52474 8.38
55 1.9184 1.46004 8.853
56 1.9536 1.39897 9.323
57 1.9888 1.48201 9.839
58 2.024 1.53074 10.391
59 2.0592 1.48957 10.947
60 2.0944 1.53316 11.539
61 2.1296 1.53299 12.151
62 2.1648 1.49809 12.769
63 2.2 1.41768 13.373
64 2.2352 1.45523 14.013
65 2.2704 1.42148 14.658
66 2.3056 1.47458 15.348
67 2.3408 1.358 16.003
68 2.376 1.35227 16.675
69 2.4112 1.3033 17.342
70 2.4464 1.342 18.049
71 2.4816 1.38352 18.799
72 2.5168 1.19623 19.466
73 2.552 1.20881 20.159
74 2.5872 1.24743 20.894
75 2.6224 1.22903 21.638
76 2.6576 1.28194 22.435
77 2.6928 1.17188 23.183
78 2.728 1.21205 23.977
79 2.7632 1.21559 24.794
80 2.7984 1.22001 25.635
81 2.8336 1.20263 26.485
82 2.8688 1.27682 27.41
83 2.904 1.24875 28.337
84 2.9392 1.23874 29.279
85 2.9744 1.22372 30.232
86 3.0096 1.25421 31.232
87 3.0448 1.25602 32.257
88 3.08 1.21909 33.275
89 3.1152 1.32047 34.403
90 3.1504 1.15949 35.416
91 3.1856 1.21349 36.5
92 3.2208 1.20463 37.6
93 3.256 1.12622 38.651
94 3.2912 1.18511 39.781
95 3.3264 1.12731 40.879
96 3.3616 1.08573 41.959
97 3.3968 1.1175 43.094
98 3.432 1.11302 44.248
99 3.4672 1.14156 45.456
100 3.5024 1.07057 46.612
8000 100
1 0.0176 0 0
2 0.0528 0 0
3 0.088 0 0
4 0.1232 0 0
5 0.1584 0 0
6 0.1936 0 0
7 0.2288 0 0
8 0.264 0 0
9 0.2992 0 0
10 0.3344 0 0
11 0.3696 0 0
12 0.4048 0 0
13 0.44 0 0
14 0.4752 0 0
15 0.5104 0 0
16 0.5456 0 0
17 0.5808 0 0
18 0.616 0 0
19 0.6512 0 0
20 0.6864 0 0
21 0.7216 0 0
22 0.7568 0 0
23 0.792 0 0
24 0.8272 0 0
25 0.8624 0 0
26 0.8976 0 0
27 0.9328 0.117492 0.009
28 0.968 0.787969 0.074
29 1.0032 1.76076 0.23
30 1.0384 3.02347 0.517
31 1.0736 3.2424 0.846
32 1.1088 3.79746 1.257
33 1.144 3.74098 1.688
34 1.1792 3.57 2.125
35 1.2144 2.6035 2.463
36 1.2496 2.60439 2.821
37 1.2848 2.2572 3.149
38 1.32 2.21014 3.488
39 1.3552 1.71334 3.765
40 1.3904 1.85098 4.08
41 1.4256 1.53154 4.354
42 1.4608 1.56509 4.648
43 1.496 1.49738 4.943
44 1.5312 1.43902 5.24
45 1.5664 1.35193 5.532
46 1.6016 1.43045 5.855
47 1.6368 1.2127 6.141
48 1.672 1.30846 6.463
49 1.7072 1.39148 6.82
50 1.7424 1.32087 7.173
51 1.7776 1.27626 7.528
52 1.8128 1.44151 7.945
53 1.848 1.33722 8.347
54 1.8832 1.36138 8.772
55 1.9184 1.49091 9.255
56 1.9536 1.46148 9.746
57 1.9888 1.51935 10.275
58 2.024 1.56124 10.838
59 2.0592 1.63692 11.449
60 2.0944 1.60049 12.067
61 2.1296 1.59812 12.705
62 2.1648 1.61445 13.371
63 2.2 1.66882 14.082
64 2.2352 1.51663 14.749
65 2.2704 1.47217 15.417
66 2.3056 1.4703 16.105
67 2.3408 1.39946 16.78
68 2.376 1.36032 17.456
69 2.4112 1.34043 18.142
70 2.4464 1.36857 18.863
71 2.4816 1.30235 19.569
72 2.5168 1.36123 20.328
73 2.552 1.32917 21.09
74 2.5872 1.23045 21.815
75 2.6224 1.3777 22.649
76 2.6576 1.2739 23.441
77 2.6928 1.31758 24.282
78 2.728 1.26242 25.109
79 2.7632 1.3361 26.007
80 2.7984 1.19245 26.829
81 2.8336 1.30733 27.753
82 2.8688 1.22851 28.643
83 2.904 1.30937 29.615
84 2.9392 1.21376 30.538
85 2.9744 1.26867 31.526
86 3.0096 1.30815 32.569
87 3.0448 1.28298 33.616
88 3.08 1.22628 34.64
89 3.1152 1.26545 35.721
90 3.1504 1.2007 36.77
91 3.1856 1.2717 37.906
92 3.2208 1.24187 39.04
93 3.256 1.15515 40.118
94 3.2912 1.18407 41.247
95 3.3264 1.11088 42.329
96 3.3616 1.15108 43.474
97 3.3968 1.15294 44.645
98 3.432 1.14388 45.831
99 3.4672 1.08581 46.98
100 3.5024 1.18356 48.258
8500 100
1 0.0176 0 0
2 0.0528 0 0
3 0.088 0 0
4 0.1232 0 0
5 0.1584 0 0
6 0.1936 0 0
7 0.2288 0 0
8 0.264 0 0
9 0.2992 0 0
10 0.3344 0 0
11 0.3696 0 0
12 0.4048 0 0
13 0.44 0 0
14 0.4752 0 0
15 0.5104 0 0
16 0.5456 0 0
17 0.5808 0 0
18 0.616 0 0
19 0.6512 0 0
20 0.6864 0 0
21 0.7216 0 0
22 0.7568 0 0
23 0.792 0 0
24 0.8272 0 0
25 0.8624 0 0
26 0.8976 0 0
27 0.9328 0.19582 0.015
28 0.968 0.594007 0.064
29 1.0032 1.65917 0.211
30 1.0384 2.78117 0.475
31 1.0736 3.77459 0.858
32 1.1088 3.78822 1.268
33 1.144 3.47191 1.668
34 1.1792 3.2514 2.066
35 1.2144 2.95782 2.45
36 1.2496 2.77899 2.832
37 1.2848 2.27785 3.163
38 1.32 1.9624 3.464
39 1.3552 2.08446 3.801
40 1.3904 1.78634 4.105
41 1.4256 1.51477 4.376
42 1.4608 1.55977 4.669
43 1.496 1.38571 4.942
44 1.5312 1.38573 5.228
45 1.5664 1.50471 5.553
46 1.6016 1.24444 5.834
47 1.6368 1.20422 6.118
48 1.672 1.33285 6.446
49 1.7072 1.26286 6.77
50 1.7424 1.26474 7.108
51 1.7776 1.27986 7.464
52 1.8128 1.35163 7.855
53 1.848 1.43701 8.287
54 1.8832 1.47669 8.748
55 1.9184 1.45078 9.218
56 1.9536 1.42874 9.698
57 1.9888 1.5854 10.25
58 2.024 1.53074 10.802
59 2.0592 1.56459 11.386
60 2.0944 1.66783 12.03
61 2.1296 1.57307 12.658
62 2.1648 1.49567 13.275
63 2.2 1.55146 13.936
64 2.2352 1.58484 14.633
65 2.2704 1.51404 15.32
66 2.3056 1.47671 16.011
67 2.3408 1.54045 16.754
68 2.376 1.45288 17.476
69 2.4112 1.40882 18.197
70 2.4464 1.41413 18.942
71 2.4816 1.38536 19.693
72 2.5168 1.32357 20.431
73 2.552 1.37104 21.217
74 2.5872 1.37132 22.025
75 2.6224 1.26042 22.788
76 2.6576 1.2369 23.557
77 2.6928 1.26431 24.364
78 2.728 1.26395 25.192
79 2.7632 1.28849 26.058
80 2.7984 1.25048 26.92
81 2.8336 1.29742 27.837
82 2.8688 1.22989 28.728
83 2.904 1.21103 29.627
84 2.9392 1.28346 30.603
85 2.9744 1.25326 31.579
86 3.0096 1.37337 32.674
87 3.0448 1.29646 33.732
88 3.08 1.22508 34.755
89 3.1152 1.18936 35.771
90 3.1504 1.20986 36.828
91 3.1856 1.25043 37.945
92 3.2208 1.22763 39.066
93 3.256 1.18837 40.175
94 3.2912 1.17463 41.295
95 3.3264 1.15606 42.421
96 3.3616 1.20335 43.618
97 3.3968 1.1559 44.792
98 3.432 1.16992 46.005
99 3.4672 1.1066 47.176
100 3.5024 1.10391 48.368
9000 100
1 0.0176 0 0
2 0.0528 0 0
3 0.088 0 0
4 0.1232 0 0
5 0.1584 0 0
6 0.1936 0 0
7 0.2288 0 0
8 0.264 0 0
9 0.2992 0 0
10 0.3344 0 0
11 0.3696 0 0
12 0.4048 0 0
13 0.44 0 0
14 0.4752 0 0
15 0.5104 0 0
16 0.5456 0 0
17 0.5808 0 0
18 0.616 0 0
19 0.6512 0 0
20 0.6864 0 0
21 0.7216 0 0
22 0.7568 0 0
23 0.792 0 0
24 0.8272 0 0
25 0.8624 0 0
26 0.8976 0 0
27 0.9328 0.130547 0.01
28 0.968 0.60613 0.06
29 1.0032 1.73818 0.214
30 1.0384 2.93919 0.493
31 1.0736 3.31139 0.829
32 1.1088 3.65887 1.225
33 1.144 3.59342 1.639
34 1.1792 3.07984 2.016
35 1.2144 2.81147 2.381
36 1.2496 2.52437 2.728
37 1.2848 2.34666 3.069
38 1.32 2.22318 3.41
39 1.3552 1.89271 3.716
40 1.3904 1.6982 4.005
41 1.4256 1.54831 4.282
42 1.4608 1.75141 4.611
43 1.496 1.53799 4.914
44 1.5312 1.52139 5.228
45 1.5664 1.36119 5.522
46 1.6016 1.35516 5.828
47 1.6368 1.1703 6.104
48 1.672 1.36535 6.44
49 1.7072 1.43826 6.809
50 1.7424 1.27971 7.151
51 1.7776 1.23312 7.494
52 1.8128 1.26867 7.861
53 1.848 1.30396 8.253
54 1.8832 1.30692 8.661
55 1.9184 1.52178 9.154
56 1.9536 1.41683 9.63
57 1.9888 1.41595 10.123
58 2.024 1.55292 10.683
59 2.0592 1.51368 11.248
60 2.0944 1.6756 11.895
61 2.1296 1.46536 12.48
62 2.1648 1.56354 13.125
63 2.2 1.58902 13.802
64 2.2352 1.63714 14.522
65 2.2704 1.46556 15.187
66 2.3056 1.52373 15.9
67 2.3408 1.40568 16.578
68 2.376 1.48709 17.317
69 2.4112 1.36583 18.016
70 2.4464 1.27936 18.69
71 2.4816 1.31342 19.402
72 2.5168 1.28949 20.121
73 2.552 1.29254 20.862
74 2.5872 1.25082 21.599
75 2.6224 1.32319 22.4
76 2.6576 1.24816 23.176
77 2.6928 1.18284 23.931
78 2.728 1.23647 24.741
79 2.7632 1.2141 25.557
80 2.7984 1.25773 26.424
81 2.8336 1.24507 27.304
82 2.8688 1.20642 28.178
83 2.904 1.21507 29.08
84 2.9392 1.18351 29.98
85 2.9744 1.24555 30.95
86 3.0096 1.25421 31.95
87 3.0448 1.16657 32.902
88 3.08 1.22268 33.923
89 3.1152 1.22096 34.966
90 3.1504 1.24534 36.054
91 3.1856 1.2829 37.2
92 3.2208 1.22544 38.319
93 3.256 1.11015 39.355
94 3.2912 1.18197 40.482
95 3.3264 1.14784 41.6
96 3.3616 1.12896 42.723
97 3.3968 1.16673 43.908
98 3.432 1.16799 45.119
99 3.4672 1.134 46.319
100 3.5024 1.08261 47.488
9500 100
1 0.0176 0 0
2 0.0528 0 0
3 0.088 0 0
4 0.1232 0 0
5 0.1584 0 0
6 0.1936 0 0
7 0.2288 0 0
8 0.264 0 0
9 0.2992 0 0
10 0.3344 0 0
11 0.3696 0 0
12 0.4048 0 0
13 0.44 0 0
14 0.4752 0 0
15 0.5104 0 0
16 0.5456 0 0
17 0.5808 0 0
18 0.616 0 0
19 0.6512 0 0
20 0.6864 0 0
21 0.7216 0 0
22 0.7568 0 0
23 0.792 0 0
24 0.8272 0 0
25 0.8624 0 0
26 0.8976 0 0
27 0.9328 0.078328 0.006
28 0.968 0.715233 0.065
29 1.0032 1.69304 0.215
30 1.0384 2.61261 0.463
31 1.0736 3.40994 0.809
32 1.1088 3.75126 1.215
33 1.144 3.35907 1.602
34 1.1792 3.10435 1.982
35 1.2144 2.66512 2.328
36 1.2496 2.50255 2.672
37 1.2848 2.35354 3.014
38 1.32 2.13843 3.342
39 1.3552 1.83704 3.639
40 1.3904 1.73346 3.934
41 1.4256 1.46446 4.196
42 1.4608 1.51186 4.48
43 1.496 1.49231 4.774
44 1.5312 1.24522 5.031
45 1.5664 1.3936 5.332
46 1.6016 1.35073 5.637
47 1.6368 1.41199 5.97
48 1.672 1.3938 6.313
49 1.7072 1.34861 6.659
50 1.7424 1.27596 7
51 1.7776 1.30862 7.364
52 1.8128 1.34472 7.753
53 1.848 1.36383 8.163
54 1.8832 1.38059 8.594
55 1.9184 1.37361 9.039
56 1.9536 1.5091 9.546
57 1.9888 1.44467 10.049
58 2.024 1.58897 10.622
59 2.0592 1.49493 11.18
60 2.0944 1.45287 11.741
61 2.1296 1.52798 12.351
62 2.1648 1.35507 12.91
63 2.2 1.48574 13.543
64 2.2352 1.60758 14.25
65 2.2704 1.40605 14.888
66 2.3056 1.35063 15.52
67 2.3408 1.49691 16.242
68 2.376 1.46697 16.971
69 2.4112 1.39514 17.685
70 2.4464 1.3401 18.391
71 2.4816 1.30973 19.101
72 2.5168 1.33074 19.843
73 2.552 1.2908 20.583
74 2.5872 1.18293 21.28
75 2.6224 1.1993 22.006
76 2.6576 1.22403 22.767
77 2.6928 1.26274 23.573
78 2.728 1.24258 24.387
79 2.7632 1.24088 25.221
80 2.7984 1.20551 26.052
81 2.8336 1.28327 26.959
82 2.8688 1.22437 27.846
83 2.904 1.24606 28.771
84 2.9392 1.18088 29.669
85 2.9744 1.25454 30.646
86 3.0096 1.18774 31.593
87 3.0448 1.17024 32.548
88 3.08 1.20831 33.557
89 3.1152 1.13199 34.524
90 3.1504 1.18238 35.557
91 3.1856 1.14409 36.579
92 3.2208 1.18054 37.657
93 3.256 1.17123 38.75
94 3.2912 1.18092 39.876
95 3.3264 1.17454 41.02
96 3.3616 1.13499 42.149
97 3.3968 1.1175 43.284
98 3.432 1.14967 44.476
99 3.4672 1.13684 45.679
100 3.5024 1.10391 46.871
10000 100
1 0.0176 0 0
2 0.0528 0 0
3 0.088 0 0
4 0.1232 0 0
5 0.1584 0 0
6 0.1936 0 0
7 0.2288 0 0
8 0.264 0 0
9 0.2992 0 0
10 0.3344 0 0
11 0.3696 0 0
12 0.4048 0 0
13 0.44 0 0
14 0.4752 0 0
15 0.5104 0 0
16 0.5456 0 0
17 0.5808 0 0
18 0.616 0 0
19 0.6512 0 0
20 0.6864 0 0
21 0.7216 0 0
22 0.7568 0 0
23 0.792 0 0
24 0.8272 0 0
25 0.8624 0 0
26 0.8976 0 0
27 0.9328 0.0652733 0.005
28 0.968 0.412168 0.039
29 1.0032 1.36572 0.16
30 1.0384 2.61261 0.408
31 1.0736 3.57748 0.771
32 1.1088 3.317 1.13
33 1.144 3.26359 1.506
34 1.1792 3.21872 1.9
35 1.2144 2.48796 2.223
36 1.2496 2.3425 2.545
37 1.2848 2.13333 2.855
38 1.32 1.8646 3.141
39 1.3552 1.83086 3.437
40 1.3904 1.76284 3.737
41 1.4256 1.59302 4.022
42 1.4608 1.49056 4.302
43 1.496 1.4517 4.588
44 1.5312 1.32274 4.861
45 1.5664 1.32878 5.148
46 1.6016 1.24887 5.43
47 1.6368 1.33142 5.744
48 1.672 1.35316 6.077
49 1.7072 1.16931 6.377
50 1.7424 1.12629 6.678
51 1.7776 1.19717 7.011
52 1.8128 1.32397 7.394
53 1.848 1.33722 7.796
54 1.8832 1.36778 8.223
55 1.9184 1.39522 8.675
56 1.9536 1.32158 9.119
57 1.9888 1.42169 9.614
58 2.024 1.41704 10.125
59 2.0592 1.43867 10.662
60 2.0944 1.57977 11.272
61 2.1296 1.52047 11.879
62 2.1648 1.4787 12.489
63 2.2 1.49983 13.128
64 2.2352 1.40748 13.747
65 2.2704 1.45674 14.408
66 2.3056 1.38054 15.054
67 2.3408 1.32275 15.692
68 2.376 1.35428 16.365
69 2.4112 1.41859 17.091
70 2.4464 1.25848 17.754
71 2.4816 1.25254 18.433
72 2.5168 1.29487 19.155
73 2.552 1.20184 19.844
74 2.5872 1.19651 20.549
75 2.6224 1.19599 21.273
76 2.6576 1.20152 22.02
77 2.6928 1.28468 22.84
78 2.728 1.17083 23.607
79 2.7632 1.15905 24.386
80 2.7984 1.14313 25.174
81 2.8336 1.10217 25.953
82 2.8688 1.16087 26.794
83 2.904 1.28512 27.748
84 2.9392 1.1388 28.614
85 2.9744 1.21474 29.56
86 3.0096 1.24669 30.554
87 3.0448 1.19965 31.533
88 3.08 1.19754 32.533
89 3.1152 1.21979 33.575
90 3.1504 1.20184 34.625
91 3.1856 1.18551 35.684
92 3.2208 1.20682 36.786
93 3.256 1.22802 37.932
94 3.2912 1.10855 38.989
95 3.3264 1.17762 40.136
96 3.3616 1.12594 41.256
97 3.3968 1.18642 42.461
98 3.432 1.10916 43.611
99 3.4672 1.134 44.811
100 3.5024 1.11503 46.015
