# Time-averaged data for fix rdf
# TimeStep Number-of-rows
# Row c_myRDF[1] c_myRDF[2] c_myRDF[3]
1000 100
1 0.0146 0 0
2 0.0438 0 0
3 0.073 0 0
4 0.1022 0 0
5 0.1314 0 0
6 0.1606 0 0
7 0.1898 0 0
8 0.219 0 0
9 0.2482 0 0
10 0.2774 0 0
11 0.3066 0 0
12 0.3358 0 0
13 0.365 0 0
14 0.3942 0 0
15 0.4234 0 0
16 0.4526 0 0
17 0.4818 0 0
18 0.511 0 0
19 0.5402 0 0
20 0.5694 0 0
21 0.5986 0 0
22 0.6278 0 0
23 0.657 0 0
24 0.6862 0 0
25 0.7154 0 0
26 0.7446 0 0
27 0.7738 0 0
28 0.803 0 0
29 0.8322 0 0
30 0.8614 0 0
31 0.8906 0 0
32 0.9198 0.0323714 0.002
33 0.949 0.471356 0.033
34 0.9782 1.41678 0.132
35 1.0074 3.30587 0.377
36 1.0366 4.8172 0.755
37 1.0658 5.72624 1.23
38 1.095 5.89318 1.746
39 1.1242 6.03529 2.303
40 1.1534 5.5483 2.842
41 1.1826 4.60208 3.312
42 1.2118 4.07524 3.749
43 1.241 4.17915 4.219
44 1.2702 3.48845 4.63
45 1.2994 3.0739 5.009
46 1.3286 2.88597 5.381
47 1.3578 2.29522 5.69
48 1.387 2.22807 6.003
49 1.4162 2.36247 6.349
50 1.4454 2.07789 6.666
51 1.4746 1.81378 6.954
52 1.5038 1.74403 7.242
53 1.533 1.6083 7.518
54 1.5622 1.45895 7.778
55 1.5914 1.54109 8.063
56 1.6206 1.57991 8.366
57 1.6498 1.57983 8.68
58 1.679 1.56908 9.003
59 1.7082 1.68954 9.363
60 1.7374 1.70582 9.739
61 1.7666 1.7947 10.148
62 1.7958 1.94064 10.605
63 1.825 1.73102 11.026
64 1.8542 1.8721 11.496
65 1.8834 2.00368 12.015
66 1.9126 2.04779 12.562
67 1.9418 2.09199 13.138
68 1.971 2.10097 13.734
69 2.0002 2.23176 14.386
70 2.0294 2.33426 15.088
71 2.0586 2.09724 15.737
72 2.0878 2.34687 16.484
73 2.117 2.15119 17.188
74 2.1462 2.27738 17.954
75 2.1754 2.20219 18.715
76 2.2046 2.23159 19.507
77 2.2338 2.1105 20.276
78 2.263 2.07243 21.051
79 2.2922 2.01476 21.824
80 2.3214 1.8297 22.544
81 2.3506 1.86632 23.297
82 2.3798 1.76519 24.027
83 2.409 1.75569 24.771
84 2.4382 1.68625 25.503
85 2.4674 1.70056 26.259
86 2.4966 1.55116 26.965
87 2.5258 1.45969 27.645
88 2.555 1.50414 28.362
89 2.5842 1.53391 29.11
90 2.6134 1.5299 29.873
91 2.6426 1.44529 30.61
92 2.6718 1.38509 31.332
93 2.701 1.4548 32.107
94 2.7302 1.41098 32.875
95 2.7594 1.47301 33.694
96 2.7886 1.59377 34.599
97 2.8178 1.55574 35.501
98 2.847 1.60678 36.452
99 2.8762 1.61239 37.426
100 2.9054 1.5185 38.362
1500 100
1 0.0146 0 0
2 0.0438 0 0
3 0.073 0 0
4 0.1022 0 0
5 0.1314 0 0
6 0.1606 0 0
7 0.1898 0 0
8 0.219 0 0
9 0.2482 0 0
10 0.2774 0 0
11 0.3066 0 0
12 0.3358 0 0
13 0.365 0 0
14 0.3942 0 0
15 0.4234 0 0
16 0.4526 0 0
17 0.4818 0 0
18 0.511 0 0
19 0.5402 0 0
20 0.5694 0 0
21 0.5986 0 0
22 0.6278 0 0
23 0.657 0 0
24 0.6862 0 0
25 0.7154 0 0
26 0.7446 0 0
27 0.7738 0 0
28 0.803 0 0
29 0.8322 0 0
30 0.8614 0 0
31 0.8906 0 0
32 0.9198 0.0809284 0.005
33 0.949 0.197665 0.018
34 0.9782 1.25936 0.106
35 1.0074 2.56374 0.296
36 1.0366 3.53007 0.573
37 1.0658 4.11083 0.914
38 1.095 4.33994 1.294
39 1.1242 4.25829 1.687
40 1.1534 3.88072 2.064
41 1.1826 3.90687 2.463
42 1.2118 3.48773 2.837
43 1.241 3.23662 3.201
44 1.2702 2.98768 3.553
45 1.2994 2.57915 3.871
46 1.3286 2.21878 4.157
47 1.3578 2.34722 4.473
48 1.387 2.07147 4.764
49 1.4162 1.88451 5.04
50 1.4454 1.73048 5.304
51 1.4746 1.7445 5.581
52 1.5038 1.78642 5.876
53 1.533 1.70736 6.169
54 1.5622 1.60485 6.455
55 1.5914 1.58976 6.749
56 1.6206 1.71548 7.078
57 1.6498 1.46411 7.369
58 1.679 1.62737 7.704
59 1.7082 1.47366 8.018
60 1.7374 1.61054 8.373
61 1.7666 1.60601 8.739
62 1.7958 1.47353 9.086
63 1.825 1.59122 9.473
64 1.8542 1.64506 9.886
65 1.8834 1.55584 10.289
66 1.9126 1.7745 10.763
67 1.9418 1.64526 11.216
68 1.971 1.66738 11.689
69 2.0002 1.94765 12.258
70 2.0294 1.74903 12.784
71 2.0586 1.77086 13.332
72 2.0878 2.12067 14.007
73 2.117 1.93729 14.641
74 2.1462 1.86115 15.267
75 2.1754 1.79127 15.886
76 2.2046 1.94982 16.578
77 2.2338 1.90467 17.272
78 2.263 1.7248 17.917
79 2.2922 1.65507 18.552
80 2.3214 1.78904 19.256
81 2.3506 1.78453 19.976
82 2.3798 1.63945 20.654
83 2.409 1.54567 21.309
84 2.4382 1.67934 22.038
85 2.4674 1.53185 22.719
86 2.4966 1.45668 23.382
87 2.5258 1.52838 24.094
88 2.555 1.55238 24.834
89 2.5842 1.62209 25.625
90 2.6134 1.4898 26.368
91 2.6426 1.47863 27.122
92 2.6718 1.46183 27.884
93 2.701 1.4135 28.637
94 2.7302 1.4165 29.408
95 2.7594 1.46222 30.221
96 2.7886 1.31376 30.967
97 2.8178 1.32289 31.734
98 2.847 1.42262 32.576
99 2.8762 1.37401 33.406
100 2.9054 1.42927 34.287
2000 100
1 0.0146 0 0
2 0.0438 0 0
3 0.073 0 0
4 0.1022 0 0
5 0.1314 0 0
6 0.1606 0 0
7 0.1898 0 0
8 0.219 0 0
9 0.2482 0 0
10 0.2774 0 0
11 0.3066 0 0
12 0.3358 0 0
13 0.365 0 0
14 0.3942 0 0
15 0.4234 0 0
16 0.4526 0 0
17 0.4818 0 0
18 0.511 0 0
19 0.5402 0 0
20 0.5694 0 0
21 0.5986 0 0
22 0.6278 0 0
23 0.657 0 0
24 0.6862 0 0
25 0.7154 0 0
26 0.7446 0 0
27 0.7738 0 0
28 0.803 0 0
29 0.8322 0 0
30 0.8614 0 0
31 0.8906 0 0
32 0.9198 0.0323714 0.002
33 0.949 0.410536 0.029
34 0.9782 0.858653 0.089
35 1.0074 2.07798 0.243
36 1.0366 3.08403 0.485
37 1.0658 3.76123 0.797
38 1.095 4.06584 1.153
39 1.1242 4.01991 1.524
40 1.1534 3.52044 1.866
41 1.1826 3.70125 2.244
42 1.2118 3.3292 2.601
43 1.241 2.85427 2.922
44 1.2702 2.767 3.248
45 1.2994 2.37639 3.541
46 1.3286 2.08689 3.81
47 1.3578 1.90897 4.067
48 1.387 1.95045 4.341
49 1.4162 1.905 4.62
50 1.4454 1.86158 4.904
51 1.4746 1.78859 5.188
52 1.5038 1.51997 5.439
53 1.533 1.73067 5.736
54 1.5622 1.56557 6.015
55 1.5914 1.4762 6.288
56 1.6206 1.55384 6.586
57 1.6498 1.37355 6.859
58 1.679 1.48649 7.165
59 1.7082 1.38918 7.461
60 1.7374 1.49259 7.79
61 1.7666 1.4261 8.115
62 1.7958 1.53298 8.476
63 1.825 1.38564 8.813
64 1.8542 1.55345 9.203
65 1.8834 1.5211 9.597
66 1.9126 1.79696 10.077
67 1.9418 1.57262 10.51
68 1.971 1.57573 10.957
69 2.0002 1.63959 11.436
70 2.0294 1.76566 11.967
71 2.0586 1.81933 12.53
72 2.0878 1.69025 13.068
73 2.117 1.7509 13.641
74 2.1462 1.81061 14.25
75 2.1754 1.72471 14.846
76 2.2046 1.72441 15.458
77 2.2338 1.74823 16.095
78 2.263 1.75154 16.75
79 2.2922 1.79061 17.437
80 2.3214 1.71789 18.113
81 2.3506 1.58377 18.752
82 2.3798 1.63219 19.427
83 2.409 1.55747 20.087
84 2.4382 1.58259 20.774
85 2.4674 1.46437 21.425
86 2.4966 1.40395 22.064
87 2.5258 1.44252 22.736
88 2.555 1.41812 23.412
89 2.5842 1.38216 24.086
90 2.6134 1.36748 24.768
91 2.6426 1.44725 25.506
92 2.6718 1.51555 26.296
93 2.701 1.37033 27.026
94 2.7302 1.37608 27.775
95 2.7594 1.39207 28.549
96 2.7886 1.3032 29.289
97 2.8178 1.36429 30.08
98 2.847 1.36179 30.886
99 2.8762 1.31607 31.681
100 2.9054 1.27677 32.468
2500 100
1 0.0146 0 0
2 0.0438 0 0
3 0.073 0 0
4 0.1022 0 0
5 0.1314 0 0
6 0.1606 0 0
7 0.1898 0 0
8 0.219 0 0
9 0.2482 0 0
10 0.2774 0 0
11 0.3066 0 0
12 0.3358 0 0
13 0.365 0 0
14 0.3942 0 0
15 0.4234 0 0
16 0.4526 0 0
17 0.4818 0 0
18 0.511 0 0
19 0.5402 0 0
20 0.5694 0 0
21 0.5986 0 0
22 0.6278 0 0
23 0.657 0 0
24 0.6862 0 0
25 0.7154 0 0
26 0.7446 0 0
27 0.7738 0 0
28 0.803 0 0
29 0.8322 0 0
30 0.8614 0 0
31 0.8906 0 0
32 0.9198 0.0971141 0.006
33 0.949 0.273691 0.024
34 0.9782 0.95883 0.091
35 1.0074 1.8216 0.226
36 1.0366 2.84189 0.449
37 1.0658 3.35135 0.727
38 1.095 3.56332 1.039
39 1.1242 3.88989 1.398
40 1.1534 3.47927 1.736
41 1.1826 3.06479 2.049
42 1.2118 3.10539 2.382
43 1.241 2.47193 2.66
44 1.2702 2.51236 2.956
45 1.2994 2.24662 3.233
46 1.3286 1.94725 3.484
47 1.3578 1.87183 3.736
48 1.387 1.63012 3.965
49 1.4162 1.55677 4.193
50 1.4454 1.6256 4.441
51 1.4746 1.43591 4.669
52 1.5038 1.54419 4.924
53 1.533 1.40434 5.165
54 1.5622 1.31306 5.399
55 1.5914 1.37887 5.654
56 1.6206 1.55906 5.953
57 1.6498 1.3987 6.231
58 1.679 1.49621 6.539
59 1.7082 1.32817 6.822
60 1.7374 1.39278 7.129
61 1.7666 1.29885 7.425
62 1.7958 1.38435 7.751
63 1.825 1.37741 8.086
64 1.8542 1.34632 8.424
65 1.8834 1.39756 8.786
66 1.9126 1.48998 9.184
67 1.9418 1.55083 9.611
68 1.971 1.34659 9.993
69 2.0002 1.60194 10.461
70 2.0294 1.52957 10.921
71 2.0586 1.68361 11.442
72 2.0878 1.51432 11.924
73 2.117 1.6745 12.472
74 2.1462 1.67385 13.035
75 2.1754 1.53661 13.566
76 2.2046 1.47927 14.091
77 2.2338 1.57807 14.666
78 2.263 1.59644 15.263
79 2.2922 1.56385 15.863
80 2.3214 1.38498 16.408
81 2.3506 1.44002 16.989
82 2.3798 1.43633 17.583
83 2.409 1.46072 18.202
84 2.4382 1.3384 18.783
85 2.4674 1.40364 19.407
86 2.4966 1.42592 20.056
87 2.5258 1.37812 20.698
88 2.555 1.31743 21.326
89 2.5842 1.33909 21.979
90 2.6134 1.32939 22.642
91 2.6426 1.359 23.335
92 2.6718 1.28725 24.006
93 2.701 1.28022 24.688
94 2.7302 1.32096 25.407
95 2.7594 1.30934 26.135
96 2.7886 1.42471 26.944
97 2.8178 1.2884 27.691
98 2.847 1.32293 28.474
99 2.8762 1.31111 29.266
100 2.9054 1.24108 30.031
3000 100
1 0.0146 0 0
2 0.0438 0 0
3 0.073 0 0
4 0.1022 0 0
5 0.1314 0 0
6 0.1606 0 0
7 0.1898 0 0
8 0.219 0 0
9 0.2482 0 0
10 0.2774 0 0
11 0.3066 0 0
12 0.3358 0 0
13 0.365 0 0
14 0.3942 0 0
15 0.4234 0 0
16 0.4526 0 0
17 0.4818 0 0
18 0.511 0 0
19 0.5402 0 0
20 0.5694 0 0
21 0.5986 0 0
22 0.6278 0 0
23 0.657 0 0
24 0.6862 0 0
25 0.7154 0 0
26 0.7446 0 0
27 0.7738 0 0
28 0.803 0 0
29 0.8322 0 0
30 0.8614 0 0
31 0.8906 0 0
32 0.9198 0 0
33 0.949 0.334511 0.022
34 0.9782 1.03038 0.094
35 1.0074 1.94304 0.238
36 1.0366 2.29391 0.418
37 1.0658 3.55629 0.713
38 1.095 3.609 1.029
39 1.1242 3.17476 1.322
40 1.1534 3.43809 1.656
41 1.1826 2.81021 1.943
42 1.2118 2.67641 2.23
43 1.241 2.4986 2.511
44 1.2702 2.38505 2.792
45 1.2994 2.01953 3.041
46 1.3286 2.00931 3.3
47 1.3578 1.82726 3.546
48 1.387 1.71555 3.787
49 1.4162 1.77526 4.047
50 1.4454 1.59283 4.29
51 1.4746 1.51778 4.531
52 1.5038 1.3928 4.761
53 1.533 1.45096 5.01
54 1.5622 1.18961 5.222
55 1.5914 1.52487 5.504
56 1.6206 1.41306 5.775
57 1.6498 1.38864 6.051
58 1.679 1.31647 6.322
59 1.7082 1.3751 6.615
60 1.7374 1.47444 6.94
61 1.7666 1.3164 7.24
62 1.7958 1.39284 7.568
63 1.825 1.32807 7.891
64 1.8542 1.36624 8.234
65 1.8834 1.36667 8.588
66 1.9126 1.47875 8.983
67 1.9418 1.53994 9.407
68 1.971 1.32192 9.782
69 2.0002 1.51294 10.224
70 2.0294 1.45309 10.661
71 2.0586 1.67714 11.18
72 2.0878 1.58343 11.684
73 2.117 1.47283 12.166
74 2.1462 1.62925 12.714
75 2.1754 1.51925 13.239
76 2.2046 1.43137 13.747
77 2.2338 1.43536 14.27
78 2.263 1.47878 14.823
79 2.2922 1.44917 15.379
80 2.3214 1.47139 15.958
81 2.3506 1.3731 16.512
82 2.3798 1.42424 17.101
83 2.409 1.31913 17.66
84 2.4382 1.39369 18.265
85 2.4674 1.31591 18.85
86 2.4966 1.3688 19.473
87 2.5258 1.33733 20.096
88 2.555 1.38246 20.755
89 2.5842 1.33909 21.408
90 2.6134 1.20908 22.011
91 2.6426 1.25114 22.649
92 2.6718 1.24121 23.296
93 2.701 1.26896 23.972
94 2.7302 1.24196 24.648
95 2.7594 1.24279 25.339
96 2.7886 1.23275 26.039
97 2.8178 1.26425 26.772
98 2.847 1.30941 27.547
99 2.8762 1.24323 28.298
100 2.9054 1.34491 29.127
3500 100
1 0.0146 0 0
2 0.0438 0 0
3 0.073 0 0
4 0.1022 0 0
5 0.1314 0 0
6 0.1606 0 0
7 0.1898 0 0
8 0.219 0 0
9 0.2482 0 0
10 0.2774 0 0
11 0.3066 0 0
12 0.3358 0 0
13 0.365 0 0
14 0.3942 0 0
15 0.4234 0 0
16 0.4526 0 0
17 0.4818 0 0
18 0.511 0 0
19 0.5402 0 0
20 0.5694 0 0
21 0.5986 0 0
22 0.6278 0 0
23 0.657 0 0
24 0.6862 0 0
25 0.7154 0 0
26 0.7446 0 0
27 0.7738 0 0
28 0.803 0 0
29 0.8322 0 0
30 0.8614 0 0
31 0.8906 0 0
32 0.9198 0.048557 0.003
33 0.949 0.212871 0.017
34 0.9782 0.830032 0.075
35 1.0074 1.49776 0.186
36 1.0366 2.15372 0.355
37 1.0658 3.08614 0.611
38 1.095 3.36916 0.906
39 1.1242 3.15308 1.197
40 1.1534 3.04693 1.493
41 1.1826 2.80042 1.779
42 1.2118 2.4526 2.042
43 1.241 2.57863 2.332
44 1.2702 2.18134 2.589
45 1.2994 2.36828 2.881
46 1.3286 1.83088 3.117
47 1.3578 1.81241 3.361
48 1.387 1.58741 3.584
49 1.4162 1.59774 3.818
50 1.4454 1.61905 4.065
51 1.4746 1.54927 4.311
52 1.5038 1.51997 4.562
53 1.533 1.46262 4.813
54 1.5622 1.46457 5.074
55 1.5914 1.45457 5.343
56 1.6206 1.32963 5.598
57 1.6498 1.40876 5.878
58 1.679 1.35533 6.157
59 1.7082 1.33755 6.442
60 1.7374 1.41546 6.754
61 1.7666 1.2462 7.038
62 1.7958 1.40558 7.369
63 1.825 1.31574 7.689
64 1.8542 1.31047 8.018
65 1.8834 1.37825 8.375
66 1.9126 1.32526 8.729
67 1.9418 1.47819 9.136
68 1.971 1.39947 9.533
69 2.0002 1.43421 9.952
70 2.0294 1.38326 10.368
71 2.0586 1.36692 10.791
72 2.0878 1.49232 11.266
73 2.117 1.65923 11.809
74 2.1462 1.69466 12.379
75 2.1754 1.46427 12.885
76 2.2046 1.62297 13.461
77 2.2338 1.48751 14.003
78 2.263 1.51087 14.568
79 2.2922 1.49087 15.14
80 2.3214 1.27571 15.642
81 2.3506 1.44993 16.227
82 2.3798 1.27432 16.754
83 2.409 1.35453 17.328
84 2.4382 1.47662 17.969
85 2.4674 1.38114 18.583
86 2.4966 1.38198 19.212
87 2.5258 1.25576 19.797
88 2.555 1.38456 20.457
89 2.5842 1.30013 21.091
90 2.6134 1.26723 21.723
91 2.6426 1.25899 22.365
92 2.6718 1.26232 23.023
93 2.701 1.31964 23.726
94 2.7302 1.15929 24.357
95 2.7594 1.2356 25.044
96 2.7886 1.2081 25.73
97 2.8178 1.27978 26.472
98 2.847 1.26718 27.222
99 2.8762 1.18529 27.938
100 2.9054 1.20701 28.682
4000 100
1 0.0146 0 0
2 0.0438 0 0
3 0.073 0 0
4 0.1022 0 0
5 0.1314 0 0
6 0.1606 0 0
7 0.1898 0 0
8 0.219 0 0
9 0.2482 0 0
10 0.2774 0 0
11 0.3066 0 0
12 0.3358 0 0
13 0.365 0 0
14 0.3942 0 0
15 0.4234 0 0
16 0.4526 0 0
17 0.4818 0 0
18 0.511 0 0
19 0.5402 0 0
20 0.5694 0 0
21 0.5986 0 0
22 0.6278 0 0
23 0.657 0 0
24 0.6862 0 0
25 0.7154 0 0
26 0.7446 0 0
27 0.7738 0 0
28 0.803 0 0
29 0.8322 0 0
30 0.8614 0 0
31 0.8906 0 0
32 0.9198 0.048557 0.003
33 0.949 0.319306 0.024
34 0.9782 0.80141 0.08
35 1.0074 1.51126 0.192
36 1.0366 2.23019 0.367
37 1.0658 3.04997 0.62
38 1.095 3.12933 0.894
39 1.1242 3.19643 1.189
40 1.1534 2.73812 1.455
41 1.1826 2.65354 1.726
42 1.2118 2.57383 2.002
43 1.241 2.63198 2.298
44 1.2702 2.43597 2.585
45 1.2994 1.93842 2.824
46 1.3286 1.96277 3.077
47 1.3578 1.81983 3.322
48 1.387 1.70131 3.561
49 1.4162 1.58408 3.793
50 1.4454 1.53384 4.027
51 1.4746 1.41701 4.252
52 1.5038 1.65319 4.525
53 1.533 1.61995 4.803
54 1.5622 1.40284 5.053
55 1.5914 1.44917 5.321
56 1.6206 1.26706 5.564
57 1.6498 1.40373 5.843
58 1.679 1.22903 6.096
59 1.7082 1.27654 6.368
60 1.7374 1.20224 6.633
61 1.7666 1.34273 6.939
62 1.7958 1.31216 7.248
63 1.825 1.40208 7.589
64 1.8542 1.21089 7.893
65 1.8834 1.22383 8.21
66 1.9126 1.27285 8.55
67 1.9418 1.38376 8.931
68 1.971 1.39242 9.326
69 2.0002 1.36918 9.726
70 2.0294 1.42316 10.154
71 2.0586 1.41862 10.593
72 2.0878 1.56144 11.09
73 2.117 1.46061 11.568
74 2.1462 1.52222 12.08
75 2.1754 1.47005 12.588
76 2.2046 1.44828 13.102
77 2.2338 1.47653 13.64
78 2.263 1.57505 14.229
79 2.2922 1.40486 14.768
80 2.3214 1.3367 15.294
81 2.3506 1.4078 15.862
82 2.3798 1.35653 16.423
83 2.409 1.41824 17.024
84 2.4382 1.45358 17.655
85 2.4674 1.35415 18.257
86 2.4966 1.26773 18.834
87 2.5258 1.25576 19.419
88 2.555 1.35519 20.065
89 2.5842 1.43547 20.765
90 2.6134 1.2171 21.372
91 2.6426 1.23938 22.004
92 2.6718 1.16831 22.613
93 2.701 1.25019 23.279
94 2.7302 1.23461 23.951
95 2.7594 1.24639 24.644
96 2.7886 1.17111 25.309
97 2.8178 1.19354 26.001
98 2.847 1.24859 26.74
99 2.8762 1.24489 27.492
100 2.9054 1.24757 28.261
4500 100
1 0.0146 0 0
2 0.0438 0 0
3 0.073 0 0
4 0.1022 0 0
5 0.1314 0 0
6 0.1606 0 0
7 0.1898 0 0
8 0.219 0 0
9 0.2482 0 0
10 0.2774 0 0
11 0.3066 0 0
12 0.3358 0 0
13 0.365 0 0
14 0.3942 0 0
15 0.4234 0 0
16 0.4526 0 0
17 0.4818 0 0
18 0.511 0 0
19 0.5402 0 0
20 0.5694 0 0
21 0.5986 0 0
22 0.6278 0 0
23 0.657 0 0
24 0.6862 0 0
25 0.7154 0 0
26 0.7446 0 0
27 0.7738 0 0
28 0.803 0 0
29 0.8322 0 0
30 0.8614 0 0
31 0.8906 0 0
32 0.9198 0.048557 0.003
33 0.949 0.18246 0.015
34 0.9782 0.64399 0.06
35 1.0074 1.65968 0.183
36 1.0366 2.33214 0.366
37 1.0658 2.94148 0.61
38 1.095 3.04938 0.877
39 1.1242 3.30478 1.182
40 1.1534 2.84106 1.458
41 1.1826 2.67312 1.731
42 1.2118 2.51788 2.001
43 1.241 2.15182 2.243
44 1.2702 2.1389 2.495
45 1.2994 2.27906 2.776
46 1.3286 1.54384 2.975
47 1.3578 1.73813 3.209
48 1.387 1.63724 3.439
49 1.4162 1.50897 3.66
50 1.4454 1.60594 3.905
51 1.4746 1.54297 4.15
52 1.5038 1.38069 4.378
53 1.533 1.32859 4.606
54 1.5622 1.37478 4.851
55 1.5914 1.42754 5.115
56 1.6206 1.44956 5.393
57 1.6498 1.23267 5.638
58 1.679 1.2096 5.887
59 1.7082 1.33286 6.171
60 1.7374 1.34741 6.468
61 1.7666 1.27691 6.759
62 1.7958 1.35038 7.077
63 1.825 1.28696 7.39
64 1.8542 1.33836 7.726
65 1.8834 1.23541 8.046
66 1.9126 1.25039 8.38
67 1.9418 1.28933 8.735
68 1.971 1.30782 9.106
69 2.0002 1.29387 9.484
70 2.0294 1.35666 9.892
71 2.0586 1.34753 10.309
72 2.0878 1.29439 10.721
73 2.117 1.37505 11.171
74 2.1462 1.29924 11.608
75 2.1754 1.44112 12.106
76 2.2046 1.36938 12.592
77 2.2338 1.22953 13.04
78 2.263 1.37984 13.556
79 2.2922 1.33709 14.069
80 2.3214 1.22743 14.552
81 2.3506 1.34088 15.093
82 2.3798 1.19211 15.586
83 2.409 1.36868 16.166
84 2.4382 1.34531 16.75
85 2.4674 1.24843 17.305
86 2.4966 1.30508 17.899
87 2.5258 1.2944 18.502
88 2.555 1.28806 19.116
89 2.5842 1.25501 19.728
90 2.6134 1.27124 20.362
91 2.6426 1.20212 20.975
92 2.6718 1.23546 21.619
93 2.701 1.34217 22.334
94 2.7302 1.22543 23.001
95 2.7594 1.16186 23.647
96 2.7886 1.17992 24.317
97 2.8178 1.21941 25.024
98 2.847 1.15566 25.708
99 2.8762 1.19854 26.432
100 2.9054 1.15834 27.146
5000 100
1 0.0146 0 0
2 0.0438 0 0
3 0.073 0 0
4 0.1022 0 0
5 0.1314 0 0
6 0.1606 0 0
7 0.1898 0 0
8 0.219 0 0
9 0.2482 0 0
10 0.2774 0 0
11 0.3066 0 0
12 0.3358 0 0
13 0.365 0 0
14 0.3942 0 0
15 0.4234 0 0
16 0.4526 0 0
17 0.4818 0 0
18 0.511 0 0
19 0.5402 0 0
20 0.5694 0 0
21 0.5986 0 0
22 0.6278 0 0
23 0.657 0 0
24 0.6862 0 0
25 0.7154 0 0
26 0.7446 0 0
27 0.7738 0 0
28 0.803 0 0
29 0.8322 0 0
30 0.8614 0 0
31 0.8906 0 0
32 0.9198 0.0161857 0.001
33 0.949 0.15205 0.011
34 0.9782 0.772788 0.065
35 1.0074 1.37632 0.167
36 1.0366 2.17921 0.338
37 1.0658 2.97764 0.585
38 1.095 3.12933 0.859
39 1.1242 3.14225 1.149
40 1.1534 3.16016 1.456
41 1.1826 2.77104 1.739
42 1.2118 2.8536 2.045
43 1.241 2.31187 2.305
44 1.2702 2.11344 2.554
45 1.2994 2.10063 2.813
46 1.3286 1.7533 3.039
47 1.3578 1.71584 3.27
48 1.387 1.58741 3.493
49 1.4162 1.39973 3.698
50 1.4454 1.64527 3.949
51 1.4746 1.23438 4.145
52 1.5038 1.29591 4.359
53 1.533 1.36355 4.593
54 1.5622 1.52068 4.864
55 1.5914 1.3302 5.11
56 1.6206 1.22535 5.345
57 1.6498 1.26286 5.596
58 1.679 1.27761 5.859
59 1.7082 1.25777 6.127
60 1.7374 1.31566 6.417
61 1.7666 1.32518 6.719
62 1.7958 1.2697 7.018
63 1.825 1.17594 7.304
64 1.8542 1.19496 7.604
65 1.8834 1.17364 7.908
66 1.9126 1.30654 8.257
67 1.9418 1.31839 8.62
68 1.971 1.30077 8.989
69 2.0002 1.41368 9.402
70 2.0294 1.28351 9.788
71 2.0586 1.38631 10.217
72 2.0878 1.4829 10.689
73 2.117 1.29866 11.114
74 2.1462 1.42113 11.592
75 2.1754 1.39771 12.075
76 2.2046 1.34402 12.552
77 2.2338 1.31735 13.032
78 2.263 1.41995 13.563
79 2.2922 1.29799 14.061
80 2.3214 1.37736 14.603
81 2.3506 1.35822 15.151
82 2.3798 1.2453 15.666
83 2.409 1.34745 16.237
84 2.4382 1.26238 16.785
85 2.4674 1.21469 17.325
86 2.4966 1.26114 17.899
87 2.5258 1.25791 18.485
88 2.555 1.21044 19.062
89 2.5842 1.16068 19.628
90 2.6134 1.18101 20.217
91 2.6426 1.22761 20.843
92 2.6718 1.12419 21.429
93 2.701 1.25019 22.095
94 2.7302 1.19236 22.744
95 2.7594 1.25898 23.444
96 2.7886 1.15703 24.101
97 2.8178 1.20561 24.8
98 2.847 1.07456 25.436
99 2.8762 1.10086 26.101
100 2.9054 1.16159 26.817
5500 100
1 0.0146 0 0
2 0.0438 0 0
3 0.073 0 0
4 0.1022 0 0
5 0.1314 0 0
6 0.1606 0 0
7 0.1898 0 0
8 0.219 0 0
9 0.2482 0 0
10 0.2774 0 0
11 0.3066 0 0
12 0.3358 0 0
13 0.365 0 0
14 0.3942 0 0
15 0.4234 0 0
16 0.4526 0 0
17 0.4818 0 0
18 0.511 0 0
19 0.5402 0 0
20 0.5694 0 0
21 0.5986 0 0
22 0.6278 0 0
23 0.657 0 0
24 0.6862 0 0
25 0.7154 0 0
26 0.7446 0 0
27 0.7738 0 0
28 0.803 0 0
29 0.8322 0 0
30 0.8614 0 0
31 0.8906 0 0
32 0.9198 0.0161857 0.001
33 0.949 0.18246 0.013
34 0.9782 0.787099 0.068
35 1.0074 1.48427 0.178
36 1.0366 2.25567 0.355
37 1.0658 2.70037 0.579
38 1.095 3.11791 0.852
39 1.1242 3.17476 1.145
40 1.1534 3.16016 1.452
41 1.1826 2.79062 1.737
42 1.2118 2.39665 1.994
43 1.241 2.57863 2.284
44 1.2702 2.12193 2.534
45 1.2994 1.97086 2.777
46 1.3286 1.80761 3.01
47 1.3578 1.71584 3.241
48 1.387 1.55894 3.46
49 1.4162 1.42021 3.668
50 1.4454 1.44862 3.889
51 1.4746 1.47999 4.124
52 1.5038 1.3383 4.345
53 1.533 1.05472 4.526
54 1.5622 1.32989 4.763
55 1.5914 1.29235 5.002
56 1.6206 1.35049 5.261
57 1.6498 1.09682 5.479
58 1.679 1.2096 5.728
59 1.7082 1.32347 6.01
60 1.7374 1.25214 6.286
61 1.7666 1.24181 6.569
62 1.7958 1.22723 6.858
63 1.825 1.22939 7.157
64 1.8542 1.19894 7.458
65 1.8834 1.17364 7.762
66 1.9126 1.23915 8.093
67 1.9418 1.23485 8.433
68 1.971 1.38537 8.826
69 2.0002 1.42737 9.243
70 2.0294 1.20703 9.606
71 2.0586 1.38954 10.036
72 2.0878 1.31953 10.456
73 2.117 1.32005 10.888
74 2.1462 1.33789 11.338
75 2.1754 1.38324 11.816
76 2.2046 1.33839 12.291
77 2.2338 1.23227 12.74
78 2.263 1.43065 13.275
79 2.2922 1.28496 13.768
80 2.3214 1.34687 14.298
81 2.3506 1.31609 14.829
82 2.3798 1.2719 15.355
83 2.409 1.19406 15.861
84 2.4382 1.17715 16.372
85 2.4674 1.25293 16.929
86 2.4966 1.2172 17.483
87 2.5258 1.19566 18.04
88 2.555 1.22093 18.622
89 2.5842 1.11967 19.168
90 2.6134 1.10481 19.719
91 2.6426 1.24722 20.355
92 2.6718 1.21052 20.986
93 2.701 1.19387 21.622
94 2.7302 1.13908 22.242
95 2.7594 1.21042 22.915
96 2.7886 1.16583 23.577
97 2.8178 1.08315 24.205
98 2.847 1.09484 24.853
99 2.8762 1.09755 25.516
100 2.9054 1.26379 26.295
6000 100
1 0.0146 0 0
2 0.0438 0 0
3 0.073 0 0
4 0.1022 0 0
5 0.1314 0 0
6 0.1606 0 0
7 0.1898 0 0
8 0.219 0 0
9 0.2482 0 0
10 0.2774 0 0
11 0.3066 0 0
12 0.3358 0 0
13 0.365 0 0
14 0.3942 0 0
15 0.4234 0 0
16 0.4526 0 0
17 0.4818 0 0
18 0.511 0 0
19 0.5402 0 0
20 0.5694 0 0
21 0.5986 0 0
22 0.6278 0 0
23 0.657 0 0
24 0.6862 0 0
25 0.7154 0 0
26 0.7446 0 0
27 0.7738 0 0
28 0.803 0 0
29 0.8322 0 0
30 0.8614 0 0
31 0.8906 0 0
32 0.9198 0.0323714 0.002
33 0.949 0.212871 0.016
34 0.9782 0.744166 0.068
35 1.0074 1.28187 0.163
36 1.0366 2.34488 0.347
37 1.0658 3.07408 0.602
38 1.095 3.17501 0.88
39 1.1242 3.29394 1.184
40 1.1534 3.00576 1.476
41 1.1826 2.59479 1.741
42 1.2118 2.57383 2.017
43 1.241 2.36522 2.283
44 1.2702 1.79091 2.494
45 1.2994 2.12496 2.756
46 1.3286 2.00156 3.014
47 1.3578 1.80498 3.257
48 1.387 1.76537 3.505
49 1.4162 1.46118 3.719
50 1.4454 1.46829 3.943
51 1.4746 1.39182 4.164
52 1.5038 1.32013 4.382
53 1.533 1.29946 4.605
54 1.5622 1.22328 4.823
55 1.5914 1.23828 5.052
56 1.6206 1.16799 5.276
57 1.6498 1.30311 5.535
58 1.679 1.1173 5.765
59 1.7082 1.2343 6.028
60 1.7374 1.12058 6.275
61 1.7666 1.2462 6.559
62 1.7958 1.15504 6.831
63 1.825 1.21706 7.127
64 1.8542 1.24674 7.44
65 1.8834 1.07326 7.718
66 1.9126 1.28033 8.06
67 1.9418 1.28933 8.415
68 1.971 1.32544 8.791
69 2.0002 1.43421 9.21
70 2.0294 1.32009 9.607
71 2.0586 1.37338 10.032
72 2.0878 1.35723 10.464
73 2.117 1.28032 10.883
74 2.1462 1.51627 11.393
75 2.1754 1.38613 11.872
76 2.2046 1.40038 12.369
77 2.2338 1.27069 12.832
78 2.263 1.33705 13.332
79 2.2922 1.32145 13.839
80 2.3214 1.35957 14.374
81 2.3506 1.27643 14.889
82 2.3798 1.28157 15.419
83 2.409 1.13742 15.901
84 2.4382 1.27851 16.456
85 2.4674 1.14945 16.967
86 2.4966 1.22379 17.524
87 2.5258 1.17419 18.071
88 2.555 1.1496 18.619
89 2.5842 1.16273 19.186
90 2.6134 1.10883 19.739
91 2.6426 1.0825 20.291
92 2.6718 1.1146 20.872
93 2.701 1.12629 21.472
94 2.7302 1.0711 22.055
95 2.7594 1.14927 22.694
96 2.7886 1.17816 23.363
97 2.8178 1.15042 24.03
98 2.847 1.16242 24.718
99 2.8762 1.1886 25.436
100 2.9054 1.19403 26.172
6500 100
1 0.0146 0 0
2 0.0438 0 0
3 0.073 0 0
4 0.1022 0 0
5 0.1314 0 0
6 0.1606 0 0
7 0.1898 0 0
8 0.219 0 0
9 0.2482 0 0
10 0.2774 0 0
11 0.3066 0 0
12 0.3358 0 0
13 0.365 0 0
14 0.3942 0 0
15 0.4234 0 0
16 0.4526 0 0
17 0.4818 0 0
18 0.511 0 0
19 0.5402 0 0
20 0.5694 0 0
21 0.5986 0 0
22 0.6278 0 0
23 0.657 0 0
24 0.6862 0 0
25 0.7154 0 0
26 0.7446 0 0
27 0.7738 0 0
28 0.803 0 0
29 0.8322 0 0
30 0.8614 0 0
31 0.8906 0 0
32 0.9198 0.0161857 0.001
33 0.949 0.273691 0.019
34 0.9782 0.64399 0.064
35 1.0074 1.38982 0.167
36 1.0366 2.07726 0.33
37 1.0658 2.7727 0.56
38 1.095 3.12933 0.834
39 1.1242 3.10974 1.121
40 1.1534 2.72783 1.386
41 1.1826 2.42833 1.634
42 1.2118 2.64844 1.918
43 1.241 2.13404 2.158
44 1.2702 1.97764 2.391
45 1.2994 1.89787 2.625
46 1.3286 1.79209 2.856
47 1.3578 1.47815 3.055
48 1.387 1.53758 3.271
49 1.4162 1.31779 3.464
50 1.4454 1.37652 3.674
51 1.4746 1.48629 3.91
52 1.5038 1.36858 4.136
53 1.533 1.28197 4.356
54 1.5622 1.26817 4.582
55 1.5914 1.30858 4.824
56 1.6206 1.3192 5.077
57 1.6498 1.20248 5.316
58 1.679 1.22903 5.569
59 1.7082 1.24369 5.834
60 1.7374 1.22038 6.103
61 1.7666 1.21548 6.38
62 1.7958 1.206 6.664
63 1.825 1.17183 6.949
64 1.8542 1.30649 7.277
65 1.8834 1.22383 7.594
66 1.9126 1.16054 7.904
67 1.9418 1.24575 8.247
68 1.971 1.33954 8.627
69 2.0002 1.32126 9.013
70 2.0294 1.27686 9.397
71 2.0586 1.27967 9.793
72 2.0878 1.25041 10.191
73 2.117 1.28032 10.61
74 2.1462 1.32897 11.057
75 2.1754 1.41218 11.545
76 2.2046 1.38065 12.035
77 2.2338 1.31735 12.515
78 2.263 1.37984 13.031
79 2.2922 1.18852 13.487
80 2.3214 1.30621 14.001
81 2.3506 1.26404 14.511
82 2.3798 1.26223 15.033
83 2.409 1.20586 15.544
84 2.4382 1.32228 16.118
85 2.4674 1.20569 16.654
86 2.4966 1.11833 17.163
87 2.5258 1.19351 17.719
88 2.555 1.14541 18.265
89 2.5842 1.15043 18.826
90 2.6134 1.23114 19.44
91 2.6426 1.16094 20.032
92 2.6718 1.17982 20.647
93 2.701 1.21264 21.293
94 2.7302 1.14091 21.914
95 2.7594 1.13128 22.543
96 2.7886 1.10772 23.172
97 2.8178 1.16767 23.849
98 2.847 1.20635 24.563
99 2.8762 1.13563 25.249
100 2.9054 1.16159 25.965
7000 100
1 0.0146 0 0
2 0.0438 0 0
3 0.073 0 0
4 0.1022 0 0
5 0.1314 0 0
6 0.1606 0 0
7 0.1898 0 0
8 0.219 0 0
9 0.2482 0 0
10 0.2774 0 0
11 0.3066 0 0
12 0.3358 0 0
13 0.365 0 0
14 0.3942 0 0
15 0.4234 0 0
16 0.4526 0 0
17 0.4818 0 0
18 0.511 0 0
19 0.5402 0 0
20 0.5694 0 0
21 0.5986 0 0
22 0.6278 0 0
23 0.657 0 0
24 0.6862 0 0
25 0.7154 0 0
26 0.7446 0 0
27 0.7738 0 0
28 0.803 0 0
29 0.8322 0 0
30 0.8614 0 0
31 0.8906 0 0
32 0.9198 0.0161857 0.001
33 0.949 0.136845 0.01
34 0.9782 0.744166 0.062
35 1.0074 1.47078 0.171
36 1.0366 1.89884 0.32
37 1.0658 2.43516 0.522
38 1.095 2.98085 0.783
39 1.1242 2.62215 1.025
40 1.1534 2.88223 1.305
41 1.1826 2.53604 1.564
42 1.2118 2.17284 1.797
43 1.241 2.33855 2.06
44 1.2702 1.8673 2.28
45 1.2994 1.81676 2.504
46 1.3286 1.72227 2.726
47 1.3578 1.47815 2.925
48 1.387 1.72266 3.167
49 1.4162 1.57725 3.398
50 1.4454 1.33719 3.602
51 1.4746 1.27846 3.805
52 1.5038 1.12029 3.99
53 1.533 1.24118 4.203
54 1.5622 1.15033 4.408
55 1.5914 1.14095 4.619
56 1.6206 1.23056 4.855
57 1.6498 1.04651 5.063
58 1.679 1.20474 5.311
59 1.7082 1.12167 5.55
60 1.7374 1.07521 5.787
61 1.7666 1.08823 6.035
62 1.7958 1.09559 6.293
63 1.825 1.19239 6.583
64 1.8542 1.16708 6.876
65 1.8834 1.12731 7.168
66 1.9126 1.20546 7.49
67 1.9418 1.14406 7.805
68 1.971 1.09984 8.117
69 2.0002 1.16722 8.458
70 2.0294 1.29681 8.848
71 2.0586 1.25059 9.235
72 2.0878 1.29439 9.647
73 2.117 1.28032 10.066
74 2.1462 1.2487 10.486
75 2.1754 1.29064 10.932
76 2.2046 1.23413 11.37
77 2.2338 1.23501 11.82
78 2.263 1.24613 12.286
79 2.2922 1.31624 12.791
80 2.3214 1.29604 13.301
81 2.3506 1.18969 13.781
82 2.3798 1.20903 14.281
83 2.409 1.18934 14.785
84 2.4382 1.14951 15.284
85 2.4674 1.26192 15.845
86 2.4966 1.11833 16.354
87 2.5258 1.19995 16.913
88 2.555 1.2503 17.509
89 2.5842 1.19349 18.091
90 2.6134 1.23916 18.709
91 2.6426 1.057 19.248
92 2.6718 1.08966 19.816
93 2.701 1.13193 20.419
94 2.7302 1.15929 21.05
95 2.7594 1.06294 21.641
96 2.7886 1.12004 22.277
97 2.8178 1.17284 22.957
98 2.847 1.08808 23.601
99 2.8762 1.17867 24.313
100 2.9054 1.061 24.967
7500 100
1 0.0146 0 0
2 0.0438 0 0
3 0.073 0 0
4 0.1022 0 0
5 0.1314 0 0
6 0.1606 0 0
7 0.1898 0 0
8 0.219 0 0
9 0.2482 0 0
10 0.2774 0 0
11 0.3066 0 0
12 0.3358 0 0
13 0.365 0 0
14 0.3942 0 0
15 0.4234 0 0
16 0.4526 0 0
17 0.4818 0 0
18 0.511 0 0
19 0.5402 0 0
20 0.5694 0 0
21 0.5986 0 0
22 0.6278 0 0
23 0.657 0 0
24 0.6862 0 0
25 0.7154 0 0
26 0.7446 0 0
27 0.7738 0 0
28 0.803 0 0
29 0.8322 0 0
30 0.8614 0 0
31 0.8906 0 0
32 0.9198 0.0161857 0.001
33 0.949 0.197665 0.014
34 0.9782 0.715545 0.064
35 1.0074 1.25488 0.157
36 1.0366 1.80964 0.299
37 1.0658 2.67626 0.521
38 1.095 3.0037 0.784
39 1.1242 2.5138 1.016
40 1.1534 2.47049 1.256
41 1.1826 2.38917 1.5
42 1.2118 1.99565 1.714
43 1.241 2.01844 1.941
44 1.2702 2.15588 2.195
45 1.2994 1.96275 2.437
46 1.3286 1.49729 2.63
47 1.3578 1.53757 2.837
48 1.387 1.57318 3.058
49 1.4162 1.42021 3.266
50 1.4454 1.40929 3.481
51 1.4746 1.29735 3.687
52 1.5038 1.34435 3.909
53 1.533 1.30528 4.133
54 1.5622 1.184 4.344
55 1.5914 1.20584 4.567
56 1.6206 1.08978 4.776
57 1.6498 1.24776 5.024
58 1.679 1.19017 5.269
59 1.7082 1.07943 5.499
60 1.7374 1.14326 5.751
61 1.7666 1.08823 5.999
62 1.7958 1.05313 6.247
63 1.825 1.08137 6.51
64 1.8542 1.13521 6.795
65 1.8834 1.01921 7.059
66 1.9126 1.19423 7.378
67 1.9418 1.16585 7.699
68 1.971 1.16329 8.029
69 2.0002 1.26307 8.398
70 2.0294 1.25026 8.774
71 2.0586 1.28613 9.172
72 2.0878 1.13731 9.534
73 2.117 1.29866 9.959
74 2.1462 1.26653 10.385
75 2.1754 1.15463 10.784
76 2.2046 1.40601 11.283
77 2.2338 1.35577 11.777
78 2.263 1.21939 12.233
79 2.2922 1.20156 12.694
80 2.3214 1.22743 13.177
81 2.3506 1.11781 13.628
82 2.3798 1.08087 14.075
83 2.409 1.1563 14.565
84 2.4382 1.18176 15.078
85 2.4674 1.23043 15.625
86 2.4966 1.21939 16.18
87 2.5258 1.15916 16.72
88 2.555 1.03632 17.214
89 2.5842 1.15863 17.779
90 2.6134 1.15895 18.357
91 2.6426 1.09818 18.917
92 2.6718 1.13954 19.511
93 2.701 1.16947 20.134
94 2.7302 1.13173 20.75
95 2.7594 1.10251 21.363
96 2.7886 1.13765 22.009
97 2.8178 1.02451 22.603
98 2.847 1.11342 23.262
99 2.8762 1.16874 23.968
100 2.9054 1.11129 24.653
8000 100
1 0.0146 0 0
2 0.0438 0 0
3 0.073 0 0
4 0.1022 0 0
5 0.1314 0 0
6 0.1606 0 0
7 0.1898 0 0
8 0.219 0 0
9 0.2482 0 0
10 0.2774 0 0
11 0.3066 0 0
12 0.3358 0 0
13 0.365 0 0
14 0.3942 0 0
15 0.4234 0 0
16 0.4526 0 0
17 0.4818 0 0
18 0.511 0 0
19 0.5402 0 0
20 0.5694 0 0
21 0.5986 0 0
22 0.6278 0 0
23 0.657 0 0
24 0.6862 0 0
25 0.7154 0 0
26 0.7446 0 0
27 0.7738 0 0
28 0.803 0 0
29 0.8322 0 0
30 0.8614 0 0
31 0.8906 0 0
32 0.9198 0.048557 0.003
33 0.949 0.167255 0.014
34 0.9782 0.80141 0.07
35 1.0074 1.47078 0.179
36 1.0366 1.94982 0.332
37 1.0658 2.68832 0.555
38 1.095 2.47833 0.772
39 1.1242 2.78468 1.029
40 1.1534 2.41902 1.264
41 1.1826 2.41854 1.511
42 1.2118 2.14486 1.741
43 1.241 2.05401 1.972
44 1.2702 2.0031 2.208
45 1.2994 1.75999 2.425
46 1.3286 1.69124 2.643
47 1.3578 1.47072 2.841
48 1.387 1.47352 3.048
49 1.4162 1.52263 3.271
50 1.4454 1.46173 3.494
51 1.4746 1.25957 3.694
52 1.5038 1.24746 3.9
53 1.533 1.15378 4.098
54 1.5622 1.25133 4.321
55 1.5914 1.17339 4.538
56 1.6206 1.17842 4.764
57 1.6498 1.04651 4.972
58 1.679 1.13673 5.206
59 1.7082 1.05596 5.431
60 1.7374 1.12511 5.679
61 1.7666 1.19354 5.951
62 1.7958 1.206 6.235
63 1.825 1.18828 6.524
64 1.8542 1.26666 6.842
65 1.8834 1.13117 7.135
66 1.9126 1.15305 7.443
67 1.9418 1.17674 7.767
68 1.971 1.30782 8.138
69 2.0002 1.22541 8.496
70 2.0294 1.2037 8.858
71 2.0586 1.27321 9.252
72 2.0878 1.20957 9.637
73 2.117 1.28032 10.056
74 2.1462 1.2041 10.461
75 2.1754 1.26459 10.898
76 2.2046 1.25104 11.342
77 2.2338 1.1911 11.776
78 2.263 1.28357 12.256
79 2.2922 1.23283 12.729
80 2.3214 1.17406 13.191
81 2.3506 1.10542 13.637
82 2.3798 1.15342 14.114
83 2.409 1.16102 14.606
84 2.4382 1.1449 15.103
85 2.4674 1.03023 15.561
86 2.4966 1.12052 16.071
87 2.5258 1.20424 16.632
88 2.555 1.24191 17.224
89 2.5842 1.12582 17.773
90 2.6134 1.14091 18.342
91 2.6426 1.1374 18.922
92 2.6718 1.08774 19.489
93 2.701 1.04745 20.047
94 2.7302 1.07661 20.633
95 2.7594 1.09891 21.244
96 2.7886 1.10772 21.873
97 2.8178 1.11592 22.52
98 2.847 1.04077 23.136
99 2.8762 1.08265 23.79
100 2.9054 1.10805 24.473
8500 100
1 0.0146 0 0
2 0.0438 0 0
3 0.073 0 0
4 0.1022 0 0
5 0.1314 0 0
6 0.1606 0 0
7 0.1898 0 0
8 0.219 0 0
9 0.2482 0 0
10 0.2774 0 0
11 0.3066 0 0
12 0.3358 0 0
13 0.365 0 0
14 0.3942 0 0
15 0.4234 0 0
16 0.4526 0 0
17 0.4818 0 0
18 0.511 0 0
19 0.5402 0 0
20 0.5694 0 0
21 0.5986 0 0
22 0.6278 0 0
23 0.657 0 0
24 0.6862 0 0
25 0.7154 0 0
26 0.7446 0 0
27 0.7738 0 0
28 0.803 0 0
29 0.8322 0 0
30 0.8614 0 0
31 0.8906 0 0
32 0.9198 0.048557 0.003
33 0.949 0.15205 0.013
34 0.9782 0.701234 0.062
35 1.0074 1.52475 0.175
36 1.0366 1.73317 0.311
37 1.0658 2.51954 0.52
38 1.095 2.28418 0.72
39 1.1242 2.53547 0.954
40 1.1534 2.63518 1.21
41 1.1826 2.32062 1.447
42 1.2118 2.14486 1.677
43 1.241 2.1785 1.922
44 1.2702 1.99461 2.157
45 1.2994 1.79243 2.378
46 1.3286 1.83088 2.614
47 1.3578 1.597 2.829
48 1.387 1.50199 3.04
49 1.4162 1.35876 3.239
50 1.4454 1.37652 3.449
51 1.4746 1.36033 3.665
52 1.5038 1.35041 3.888
53 1.533 1.18291 4.091
54 1.5622 1.12788 4.292
55 1.5914 1.18421 4.511
56 1.6206 1.13149 4.728
57 1.6498 1.09682 4.946
58 1.679 1.15616 5.184
59 1.7082 1.06066 5.41
60 1.7374 1.08428 5.649
61 1.7666 1.14527 5.91
62 1.7958 1.14655 6.18
63 1.825 1.16361 6.463
64 1.8542 1.22284 6.77
65 1.8834 1.20066 7.081
66 1.9126 1.22044 7.407
67 1.9418 1.03873 7.693
68 1.971 1.18444 8.029
69 2.0002 1.18092 8.374
70 2.0294 1.21701 8.74
71 2.0586 1.27967 9.136
72 2.0878 1.25669 9.536
73 2.117 1.16115 9.916
74 2.1462 1.25464 10.338
75 2.1754 1.23566 10.765
76 2.2046 1.29049 11.223
77 2.2338 1.29539 11.695
78 2.263 1.25148 12.163
79 2.2922 1.20938 12.627
80 2.3214 1.24267 13.116
81 2.3506 1.23182 13.613
82 2.3798 1.1776 14.1
83 2.409 1.18226 14.601
84 2.4382 1.14259 15.097
85 2.4674 1.18769 15.625
86 2.4966 1.01287 16.086
87 2.5258 1.22142 16.655
88 2.555 1.1559 17.206
89 2.5842 1.07455 17.73
90 2.6134 1.19705 18.327
91 2.6426 1.09426 18.885
92 2.6718 1.15488 19.487
93 2.701 1.09251 20.069
94 2.7302 1.07294 20.653
95 2.7594 1.05574 21.24
96 2.7886 1.11652 21.874
97 2.8178 1.15214 22.542
98 2.847 1.02388 23.148
99 2.8762 1.14391 23.839
100 2.9054 1.06911 24.498
9000 100
1 0.0146 0 0
2 0.0438 0 0
3 0.073 0 0
4 0.1022 0 0
5 0.1314 0 0
6 0.1606 0 0
7 0.1898 0 0
8 0.219 0 0
9 0.2482 0 0
10 0.2774 0 0
11 0.3066 0 0
12 0.3358 0 0
13 0.365 0 0
14 0.3942 0 0
15 0.4234 0 0
16 0.4526 0 0
17 0.4818 0 0
18 0.511 0 0
19 0.5402 0 0
20 0.5694 0 0
21 0.5986 0 0
22 0.6278 0 0
23 0.657 0 0
24 0.6862 0 0
25 0.7154 0 0
26 0.7446 0 0
27 0.7738 0 0
28 0.803 0 0
29 0.8322 0 0
30 0.8614 0 0
31 0.8906 0 0
32 0.9198 0.0323714 0.002
33 0.949 0.197665 0.015
34 0.9782 0.457948 0.047
35 1.0074 1.11995 0.13
36 1.0366 2.05177 0.291
37 1.0658 2.21816 0.475
38 1.095 2.64965 0.707
39 1.1242 2.48129 0.936
40 1.1534 2.62489 1.191
41 1.1826 2.585 1.455
42 1.2118 2.18216 1.689
43 1.241 2.0629 1.921
44 1.2702 2.02856 2.16
45 1.2994 1.88165 2.392
46 1.3286 1.76882 2.62
47 1.3578 1.52272 2.825
48 1.387 1.50199 3.036
49 1.4162 1.2222 3.215
50 1.4454 1.33064 3.418
51 1.4746 1.32884 3.629
52 1.5038 1.20507 3.828
53 1.533 1.03723 4.006
54 1.5622 1.10544 4.203
55 1.5914 1.11391 4.409
56 1.6206 1.1367 4.627
57 1.6498 1.0616 4.838
58 1.679 1.14645 5.074
59 1.7082 1.12167 5.313
60 1.7374 1.03891 5.542
61 1.7666 1.11017 5.795
62 1.7958 1.0786 6.049
63 1.825 1.01147 6.295
64 1.8542 1.05156 6.559
65 1.8834 1.07326 6.837
66 1.9126 1.0969 7.13
67 1.9418 1.22759 7.468
68 1.971 1.12451 7.787
69 2.0002 1.16722 8.128
70 2.0294 1.28683 8.515
71 2.0586 1.23766 8.898
72 2.0878 1.18129 9.274
73 2.117 1.17643 9.659
74 2.1462 1.2814 10.09
75 2.1754 1.25012 10.522
76 2.2046 1.22005 10.955
77 2.2338 1.32009 11.436
78 2.263 1.23544 11.898
79 2.2922 1.18592 12.353
80 2.3214 1.33924 12.88
81 2.3506 1.20456 13.366
82 2.3798 1.10264 13.822
83 2.409 1.13978 14.305
84 2.4382 1.13108 14.796
85 2.4674 1.13596 15.301
86 2.4966 1.14469 15.822
87 2.5258 1.05613 16.314
88 2.555 1.17688 16.875
89 2.5842 1.13402 17.428
90 2.6134 1.21109 18.032
91 2.6426 1.18839 18.638
92 2.6718 1.03211 19.176
93 2.701 1.09626 19.76
94 2.7302 1.15561 20.389
95 2.7594 1.17805 21.044
96 2.7886 1.09891 21.668
97 2.8178 1.08833 22.299
98 2.847 1.10329 22.952
99 2.8762 1.06445 23.595
100 2.9054 1.00909 24.217
9500 100
1 0.0146 0 0
2 0.0438 0 0
3 0.073 0 0
4 0.1022 0 0
5 0.1314 0 0
6 0.1606 0 0
7 0.1898 0 0
8 0.219 0 0
9 0.2482 0 0
10 0.2774 0 0
11 0.3066 0 0
12 0.3358 0 0
13 0.365 0 0
14 0.3942 0 0
15 0.4234 0 0
16 0.4526 0 0
17 0.4818 0 0
18 0.511 0 0
19 0.5402 0 0
20 0.5694 0 0
21 0.5986 0 0
22 0.6278 0 0
23 0.657 0 0
24 0.6862 0 0
25 0.7154 0 0
26 0.7446 0 0
27 0.7738 0 0
28 0.803 0 0
29 0.8322 0 0
30 0.8614 0 0
31 0.8906 0 0
32 0.9198 0.0161857 0.001
33 0.949 0.18246 0.013
34 0.9782 0.701234 0.062
35 1.0074 1.28187 0.157
36 1.0366 2.02628 0.316
37 1.0658 2.68832 0.539
38 1.095 2.74102 0.779
39 1.1242 2.698 1.028
40 1.1534 2.64548 1.285
41 1.1826 2.51646 1.542
42 1.2118 1.98633 1.755
43 1.241 2.30298 2.014
44 1.2702 1.8673 2.234
45 1.2994 1.63022 2.435
46 1.3286 1.59038 2.64
47 1.3578 1.44844 2.835
48 1.387 1.53047 3.05
49 1.4162 1.50215 3.27
50 1.4454 1.38308 3.481
51 1.4746 1.1525 3.664
52 1.5038 1.2838 3.876
53 1.533 1.21788 4.085
54 1.5622 1.17839 4.295
55 1.5914 1.14636 4.507
56 1.6206 1.09499 4.717
57 1.6498 1.09682 4.935
58 1.679 1.08329 5.158
59 1.7082 1.20145 5.414
60 1.7374 1.09789 5.656
61 1.7666 1.17599 5.924
62 1.7958 1.12956 6.19
63 1.825 1.12249 6.463
64 1.8542 1.16309 6.755
65 1.8834 1.1775 7.06
66 1.9126 1.14182 7.365
67 1.9418 1.17311 7.688
68 1.971 1.15624 8.016
69 2.0002 1.30414 8.397
70 2.0294 1.18708 8.754
71 2.0586 1.29583 9.155
72 2.0878 1.20014 9.537
73 2.117 1.18254 9.924
74 2.1462 1.21896 10.334
75 2.1754 1.27906 10.776
76 2.2046 1.27922 11.23
77 2.2338 1.33107 11.715
78 2.263 1.1365 12.14
79 2.2922 1.30581 12.641
80 2.3214 1.23505 13.127
81 2.3506 1.1649 13.597
82 2.3798 1.16067 14.077
83 2.409 1.10911 14.547
84 2.4382 1.12186 15.034
85 2.4674 1.1472 15.544
86 2.4966 1.14469 16.065
87 2.5258 1.1055 16.58
88 2.555 0.985974 17.05
89 2.5842 1.07661 17.575
90 2.6134 1.11083 18.129
91 2.6426 1.05896 18.669
92 2.6718 1.14721 19.267
93 2.701 1.05684 19.83
94 2.7302 1.1501 20.456
95 2.7594 1.15107 21.096
96 2.7886 1.04256 21.688
97 2.8178 1.09005 22.32
98 2.847 1.05936 22.947
99 2.8762 1.09093 23.606
100 2.9054 1.07398 24.268
10000 100
1 0.0146 0 0
2 0.0438 0 0
3 0.073 0 0
4 0.1022 0 0
5 0.1314 0 0
6 0.1606 0 0
7 0.1898 0 0
8 0.219 0 0
9 0.2482 0 0
10 0.2774 0 0
11 0.3066 0 0
12 0.3358 0 0
13 0.365 0 0
14 0.3942 0 0
15 0.4234 0 0
16 0.4526 0 0
17 0.4818 0 0
18 0.511 0 0
19 0.5402 0 0
20 0.5694 0 0
21 0.5986 0 0
22 0.6278 0 0
23 0.657 0 0
24 0.6862 0 0
25 0.7154 0 0
26 0.7446 0 0
27 0.7738 0 0
28 0.803 0 0
29 0.8322 0 0
30 0.8614 0 0
31 0.8906 0 0
32 0.9198 0.0323714 0.002
33 0.949 0.197665 0.015
34 0.9782 0.615368 0.058
35 1.0074 1.51126 0.17
36 1.0366 2.33214 0.353
37 1.0658 2.65215 0.573
38 1.095 3.01512 0.837
39 1.1242 2.5138 1.069
40 1.1534 3.18075 1.378
41 1.1826 2.66333 1.65
42 1.2118 2.71372 1.941
43 1.241 2.1785 2.186
44 1.2702 1.94369 2.415
45 1.2994 2.06819 2.67
46 1.3286 1.63693 2.881
47 1.3578 1.55986 3.091
48 1.387 1.5803 3.313
49 1.4162 1.5158 3.535
50 1.4454 1.42896 3.753
51 1.4746 1.47369 3.987
52 1.5038 1.28985 4.2
53 1.533 1.15378 4.398
54 1.5622 1.11666 4.597
55 1.5914 1.23287 4.825
56 1.6206 1.18363 5.052
57 1.6498 1.18236 5.287
58 1.679 1.23389 5.541
59 1.7082 1.31878 5.822
60 1.7374 1.20224 6.087
61 1.7666 1.25497 6.373
62 1.7958 1.29942 6.679
63 1.825 1.09782 6.946
64 1.8542 1.13123 7.23
65 1.8834 1.23155 7.549
66 1.9126 1.16802 7.861
67 1.9418 1.28933 8.216
68 1.971 1.21264 8.56
69 2.0002 1.22199 8.917
70 2.0294 1.22033 9.284
71 2.0586 1.32814 9.695
72 2.0878 1.22213 10.084
73 2.117 1.36588 10.531
74 2.1462 1.25464 10.953
75 2.1754 1.22987 11.378
76 2.2046 1.28203 11.833
77 2.2338 1.29265 12.304
78 2.263 1.31299 12.795
79 2.2922 1.33188 13.306
80 2.3214 1.25792 13.801
81 2.3506 1.19216 14.282
82 2.3798 1.18002 14.77
83 2.409 1.18934 15.274
84 2.4382 1.14029 15.769
85 2.4674 1.12471 16.269
86 2.4966 1.10075 16.77
87 2.5258 1.11623 17.29
88 2.555 1.18317 17.854
89 2.5842 1.15248 18.416
90 2.6134 1.08476 18.957
91 2.6426 1.1374 19.537
92 2.6718 1.16639 20.145
93 2.701 1.12066 20.742
94 2.7302 1.08396 21.332
95 2.7594 1.07373 21.929
96 2.7886 1.11652 22.563
97 2.8178 1.14524 23.227
98 2.847 1.08132 23.867
99 2.8762 1.1257 24.547
100 2.9054 1.17294 25.27
