# Time-averaged data for fix rdf
# TimeStep Number-of-rows
# Row c_myRDF[1] c_myRDF[2] c_myRDF[3]
1000 100
1 0.0186 0 0
2 0.0558 0 0
3 0.093 0 0
4 0.1302 0 0
5 0.1674 0 0
6 0.2046 0 0
7 0.2418 0 0
8 0.279 0 0
9 0.3162 0 0
10 0.3534 0 0
11 0.3906 0 0
12 0.4278 0 0
13 0.465 0 0
14 0.5022 0 0
15 0.5394 0 0
16 0.5766 0 0
17 0.6138 0 0
18 0.651 0 0
19 0.6882 0 0
20 0.7254 0 0
21 0.7626 0 0
22 0.7998 0 0
23 0.837 0 0
24 0.8742 0 0
25 0.9114 0.0258789 0.002
26 0.9486 0.513619 0.045
27 0.9858 2.01297 0.227
28 1.023 4.35473 0.651
29 1.0602 5.84272 1.262
30 1.0974 6.41729 1.981
31 1.1346 6.00342 2.7
32 1.1718 5.4796 3.4
33 1.209 4.37547 3.995
34 1.2462 3.66136 4.524
35 1.2834 3.26947 5.025
36 1.3206 3.03241 5.517
37 1.3578 2.5537 5.955
38 1.395 2.40275 6.39
39 1.4322 2.13807 6.798
40 1.4694 1.87188 7.174
41 1.5066 1.7285 7.539
42 1.5438 1.88524 7.957
43 1.581 1.68576 8.349
44 1.6182 1.63378 8.747
45 1.6554 1.67493 9.174
46 1.6926 1.82725 9.661
47 1.7298 1.62736 10.114
48 1.767 1.90728 10.668
49 1.8042 1.81293 11.217
50 1.8414 1.96868 11.838
51 1.8786 1.96763 12.484
52 1.9158 2.02668 13.176
53 1.953 2.20104 13.957
54 1.9902 2.2118 14.772
55 2.0274 2.42951 15.701
56 2.0646 2.48397 16.686
57 2.1018 2.36519 17.658
58 2.139 2.31653 18.644
59 2.1762 2.41279 19.707
60 2.2134 2.27752 20.745
61 2.2506 2.11796 21.743
62 2.2878 2.0517 22.742
63 2.325 2.08003 23.788
64 2.3622 1.93798 24.794
65 2.3994 1.74392 25.728
66 2.4366 1.78523 26.714
67 2.4738 1.75478 27.713
68 2.511 1.61793 28.662
69 2.5482 1.6207 29.641
70 2.5854 1.62264 30.65
71 2.6226 1.63164 31.694
72 2.6598 1.54225 32.709
73 2.697 1.49409 33.72
74 2.7342 1.5673 34.81
75 2.7714 1.59829 35.952
76 2.8086 1.65162 37.164
77 2.8458 1.61536 38.381
78 2.883 1.6024 39.62
79 2.9202 1.57066 40.866
80 2.9574 1.5953 42.164
81 2.9946 1.61465 43.511
82 3.0318 1.59398 44.874
83 3.069 1.64003 46.311
84 3.1062 1.61101 47.757
85 3.1434 1.48281 49.12
86 3.1806 1.47171 50.505
87 3.2178 1.49394 51.944
88 3.255 1.41839 53.342
89 3.2922 1.47082 54.825
90 3.3294 1.43037 56.3
91 3.3666 1.43119 57.809
92 3.4038 1.28688 59.196
93 3.441 1.38086 60.717
94 3.4782 1.2644 62.14
95 3.5154 1.23344 63.558
96 3.5526 1.30824 65.094
97 3.5898 1.23122 66.57
98 3.627 1.23224 68.078
99 3.6642 1.19454 69.57
100 3.7014 1.20988 71.112
1500 100
1 0.0186 0 0
2 0.0558 0 0
3 0.093 0 0
4 0.1302 0 0
5 0.1674 0 0
6 0.2046 0 0
7 0.2418 0 0
8 0.279 0 0
9 0.3162 0 0
10 0.3534 0 0
11 0.3906 0 0
12 0.4278 0 0
13 0.465 0 0
14 0.5022 0 0
15 0.5394 0 0
16 0.5766 0 0
17 0.6138 0 0
18 0.651 0 0
19 0.6882 0 0
20 0.7254 0 0
21 0.7626 0 0
22 0.7998 0 0
23 0.837 0 0
24 0.8742 0 0
25 0.9114 0 0
26 0.9486 0.418062 0.035
27 0.9858 1.5595 0.176
28 1.023 3.28659 0.496
29 1.0602 4.14059 0.929
30 1.0974 5.06957 1.497
31 1.1346 4.73427 2.064
32 1.1718 4.54807 2.645
33 1.209 3.87541 3.172
34 1.2462 3.27377 3.645
35 1.2834 2.95623 4.098
36 1.3206 2.73657 4.542
37 1.3578 2.56536 4.982
38 1.395 2.17629 5.376
39 1.4322 2.07519 5.772
40 1.4694 1.83206 6.14
41 1.5066 1.83742 6.528
42 1.5438 1.74543 6.915
43 1.581 1.72877 7.317
44 1.6182 1.58042 7.702
45 1.6554 1.63571 8.119
46 1.6926 1.5646 8.536
47 1.7298 1.59503 8.98
48 1.767 1.74203 9.486
49 1.8042 1.58178 9.965
50 1.8414 1.61362 10.474
51 1.8786 1.86407 11.086
52 1.9158 1.72795 11.676
53 1.953 1.86285 12.337
54 1.9902 1.96212 13.06
55 2.0274 2.08954 13.859
56 2.0646 2.08805 14.687
57 2.1018 2.00749 15.512
58 2.139 2.04165 16.381
59 2.1762 1.96564 17.247
60 2.2134 2.07127 18.191
61 2.2506 1.83571 19.056
62 2.2878 1.98803 20.024
63 2.325 1.90504 20.982
64 2.3622 1.89175 21.964
65 2.3994 1.7962 22.926
66 2.4366 1.60598 23.813
67 2.4738 1.63533 24.744
68 2.511 1.61793 25.693
69 2.5482 1.49157 26.594
70 2.5854 1.56796 27.569
71 2.6226 1.51755 28.54
72 2.6598 1.55745 29.565
73 2.697 1.52217 30.595
74 2.7342 1.52992 31.659
75 2.7714 1.52271 32.747
76 2.8086 1.49218 33.842
77 2.8458 1.46803 34.948
78 2.883 1.41746 36.044
79 2.9202 1.49502 37.23
80 2.9574 1.53016 38.475
81 2.9946 1.50677 39.732
82 3.0318 1.43143 40.956
83 3.069 1.51106 42.28
84 3.1062 1.48957 43.617
85 3.1434 1.48172 44.979
86 3.1806 1.45895 46.352
87 3.2178 1.44618 47.745
88 3.255 1.44071 49.165
89 3.2922 1.38354 50.56
90 3.3294 1.33922 51.941
91 3.3666 1.36385 53.379
92 3.4038 1.34162 54.825
93 3.441 1.33184 56.292
94 3.4782 1.30883 57.765
95 3.5154 1.27867 59.235
96 3.5526 1.26055 60.715
97 3.5898 1.27376 62.242
98 3.627 1.15707 63.658
99 3.6642 1.2698 65.244
100 3.7014 1.14476 66.703
2000 100
1 0.0186 0 0
2 0.0558 0 0
3 0.093 0 0
4 0.1302 0 0
5 0.1674 0 0
6 0.2046 0 0
7 0.2418 0 0
8 0.279 0 0
9 0.3162 0 0
10 0.3534 0 0
11 0.3906 0 0
12 0.4278 0 0
13 0.465 0 0
14 0.5022 0 0
15 0.5394 0 0
16 0.5766 0 0
17 0.6138 0 0
18 0.651 0 0
19 0.6882 0 0
20 0.7254 0 0
21 0.7626 0 0
22 0.7998 0 0
23 0.837 0 0
24 0.8742 0 0
25 0.9114 0.0129394 0.001
26 0.9486 0.370283 0.032
27 0.9858 1.22769 0.143
28 1.023 2.88603 0.424
29 1.0602 3.97802 0.84
30 1.0974 4.23952 1.315
31 1.1346 4.64242 1.871
32 1.1718 4.1097 2.396
33 1.209 3.76511 2.908
34 1.2462 3.31529 3.387
35 1.2834 2.91707 3.834
36 1.3206 2.39758 4.223
37 1.3578 2.2855 4.615
38 1.395 2.09343 4.994
39 1.4322 1.90226 5.357
40 1.4694 1.79223 5.717
41 1.5066 1.82321 6.102
42 1.5438 1.69131 6.477
43 1.581 1.59115 6.847
44 1.6182 1.59684 7.236
45 1.6554 1.61217 7.647
46 1.6926 1.57961 8.068
47 1.7298 1.54833 8.499
48 1.767 1.51137 8.938
49 1.8042 1.59829 9.422
50 1.8414 1.4456 9.878
51 1.8786 1.60213 10.404
52 1.9158 1.58737 10.946
53 1.953 1.85158 11.603
54 1.9902 1.83186 12.278
55 2.0274 1.94832 13.023
56 2.0646 1.97961 13.808
57 2.1018 1.88096 14.581
58 2.139 2.06045 15.458
59 2.1762 1.84988 16.273
60 2.2134 1.91548 17.146
61 2.2506 1.87603 18.03
62 2.2878 1.75391 18.884
63 2.325 1.72806 19.753
64 2.3622 1.63746 20.603
65 2.3994 1.68604 21.506
66 2.4366 1.66573 22.426
67 2.4738 1.6125 23.344
68 2.511 1.6094 24.288
69 2.5482 1.61904 25.266
70 2.5854 1.57922 26.248
71 2.6226 1.60038 27.272
72 2.6598 1.44956 28.226
73 2.697 1.48227 29.229
74 2.7342 1.4724 30.253
75 2.7714 1.43034 31.275
76 2.8086 1.5317 32.399
77 2.8458 1.49988 33.529
78 2.883 1.4084 34.618
79 2.9202 1.45468 35.772
80 2.9574 1.44413 36.947
81 2.9946 1.43485 38.144
82 3.0318 1.46768 39.399
83 3.069 1.5396 40.748
84 3.1062 1.3737 41.981
85 3.1434 1.45017 43.314
86 3.1806 1.4037 44.635
87 3.2178 1.37662 45.961
88 3.255 1.33621 47.278
89 3.2922 1.36668 48.656
90 3.3294 1.34213 50.04
91 3.3666 1.35721 51.471
92 3.4038 1.29523 52.867
93 3.441 1.29371 54.292
94 3.4782 1.31772 55.775
95 3.5154 1.20212 57.157
96 3.5526 1.25288 58.628
97 3.5898 1.23372 60.107
98 3.627 1.25757 61.646
99 3.6642 1.2706 63.233
100 3.7014 1.13613 64.681
2500 100
1 0.0186 0 0
2 0.0558 0 0
3 0.093 0 0
4 0.1302 0 0
5 0.1674 0 0
6 0.2046 0 0
7 0.2418 0 0
8 0.279 0 0
9 0.3162 0 0
10 0.3534 0 0
11 0.3906 0 0
12 0.4278 0 0
13 0.465 0 0
14 0.5022 0 0
15 0.5394 0 0
16 0.5766 0 0
17 0.6138 0 0
18 0.651 0 0
19 0.6882 0 0
20 0.7254 0 0
21 0.7626 0 0
22 0.7998 0 0
23 0.837 0 0
24 0.8742 0 0
25 0.9114 0.0258789 0.002
26 0.9486 0.382228 0.034
27 0.9858 1.38253 0.159
28 1.023 2.51629 0.404
29 1.0602 4.20752 0.844
30 1.0974 4.37339 1.334
31 1.1346 4.27503 1.846
32 1.1718 4.12535 2.373
33 1.209 3.4636 2.844
34 1.2462 3.08689 3.29
35 1.2834 2.74087 3.71
36 1.3206 2.34211 4.09
37 1.3578 2.23886 4.474
38 1.395 2.11553 4.857
39 1.4322 2.02278 5.243
40 1.4694 1.67275 5.579
41 1.5066 1.90372 5.981
42 1.5438 1.67778 6.353
43 1.581 1.55675 6.715
44 1.6182 1.49011 7.078
45 1.6554 1.54549 7.472
46 1.6926 1.45955 7.861
47 1.7298 1.50522 8.28
48 1.767 1.61465 8.749
49 1.8042 1.57187 9.225
50 1.8414 1.54704 9.713
51 1.8786 1.71178 10.275
52 1.9158 1.65766 10.841
53 1.953 1.78958 11.476
54 1.9902 1.74501 12.119
55 2.0274 1.86986 12.834
56 2.0646 1.93926 13.603
57 2.1018 1.87123 14.372
58 2.139 1.88424 15.174
59 2.1762 1.89982 16.011
60 2.2134 1.88038 16.868
61 2.2506 1.74445 17.69
62 2.2878 1.79498 18.564
63 2.325 1.85732 19.498
64 2.3622 1.70296 20.382
65 2.3994 1.6767 21.28
66 2.4366 1.472 22.093
67 2.4738 1.61601 23.013
68 2.511 1.46449 23.872
69 2.5482 1.5313 24.797
70 2.5854 1.55831 25.766
71 2.6226 1.51911 26.738
72 2.6598 1.4526 27.694
73 2.697 1.41724 28.653
74 2.7342 1.42208 29.642
75 2.7714 1.45413 30.681
76 2.8086 1.35591 31.676
77 2.8458 1.38175 32.717
78 2.883 1.50928 33.884
79 2.9202 1.42191 35.012
80 2.9574 1.39497 36.147
81 2.9946 1.41087 37.324
82 3.0318 1.38465 38.508
83 3.069 1.41634 39.749
84 3.1062 1.41158 41.016
85 3.1434 1.37511 42.28
86 3.1806 1.34951 43.55
87 3.2178 1.38077 44.88
88 3.255 1.37273 46.233
89 3.2922 1.28634 47.53
90 3.3294 1.30431 48.875
91 3.3666 1.28797 50.233
92 3.4038 1.3008 51.635
93 3.441 1.32185 53.091
94 3.4782 1.20843 54.451
95 3.5154 1.28302 55.926
96 3.5526 1.26225 57.408
97 3.5898 1.24207 58.897
98 3.627 1.15135 60.306
99 3.6642 1.11848 61.703
100 3.7014 1.21145 63.247
3000 100
1 0.0186 0 0
2 0.0558 0 0
3 0.093 0 0
4 0.1302 0 0
5 0.1674 0 0
6 0.2046 0 0
7 0.2418 0 0
8 0.279 0 0
9 0.3162 0 0
10 0.3534 0 0
11 0.3906 0 0
12 0.4278 0 0
13 0.465 0 0
14 0.5022 0 0
15 0.5394 0 0
16 0.5766 0 0
17 0.6138 0 0
18 0.651 0 0
19 0.6882 0 0
20 0.7254 0 0
21 0.7626 0 0
22 0.7998 0 0
23 0.837 0 0
24 0.8742 0 0
25 0.9114 0 0
26 0.9486 0.250837 0.021
27 0.9858 1.39359 0.147
28 1.023 2.56765 0.397
29 1.0602 3.66246 0.78
30 1.0974 4.15919 1.246
31 1.1346 4.03289 1.729
32 1.1718 3.49911 2.176
33 1.209 3.31653 2.627
34 1.2462 3.07997 3.072
35 1.2834 2.51247 3.457
36 1.3206 2.34827 3.838
37 1.3578 2.05812 4.191
38 1.395 2.16524 4.583
39 1.4322 1.95466 4.956
40 1.4694 1.70262 5.298
41 1.5066 1.63852 5.644
42 1.5438 1.52894 5.983
43 1.581 1.57825 6.35
44 1.6182 1.35054 6.679
45 1.6554 1.36505 7.027
46 1.6926 1.4708 7.419
47 1.7298 1.35434 7.796
48 1.767 1.54579 8.245
49 1.8042 1.50913 8.702
50 1.8414 1.5407 9.188
51 1.8786 1.48029 9.674
52 1.9158 1.55223 10.204
53 1.953 1.66276 10.794
54 1.9902 1.62018 11.391
55 2.0274 1.67634 12.032
56 2.0646 1.65178 12.687
57 2.1018 1.71793 13.393
58 2.139 1.8443 14.178
59 2.1762 1.70461 14.929
60 2.2134 1.6456 15.679
61 2.2506 1.64259 16.453
62 2.2878 1.65122 17.257
63 2.325 1.55307 18.038
64 2.3622 1.64517 18.892
65 2.3994 1.53667 19.715
66 2.4366 1.62409 20.612
67 2.4738 1.52292 21.479
68 2.511 1.49688 22.357
69 2.5482 1.47171 23.246
70 2.5854 1.47469 24.163
71 2.6226 1.34563 25.024
72 2.6598 1.41614 25.956
73 2.697 1.42611 26.921
74 2.7342 1.33149 27.847
75 2.7714 1.34917 28.811
76 2.8086 1.3382 29.793
77 2.8458 1.38175 30.834
78 2.883 1.37866 31.9
79 2.9202 1.4383 33.041
80 2.9574 1.33474 34.127
81 2.9946 1.34854 35.252
82 3.0318 1.28875 36.354
83 3.069 1.32161 37.512
84 3.1062 1.34585 38.72
85 3.1434 1.26414 39.882
86 3.1806 1.31019 41.115
87 3.2178 1.28215 42.35
88 3.255 1.26417 43.596
89 3.2922 1.24171 44.848
90 3.3294 1.29073 46.179
91 3.3666 1.26142 47.509
92 3.4038 1.18204 48.783
93 3.441 1.26919 50.181
94 3.4782 1.22086 51.555
95 3.5154 1.20734 52.943
96 3.5526 1.23925 54.398
97 3.5898 1.26792 55.918
98 3.627 1.11703 57.285
99 3.6642 1.24658 58.842
100 3.7014 1.18791 60.356
3500 100
1 0.0186 0 0
2 0.0558 0 0
3 0.093 0 0
4 0.1302 0 0
5 0.1674 0 0
6 0.2046 0 0
7 0.2418 0 0
8 0.279 0 0
9 0.3162 0 0
10 0.3534 0 0
11 0.3906 0 0
12 0.4278 0 0
13 0.465 0 0
14 0.5022 0 0
15 0.5394 0 0
16 0.5766 0 0
17 0.6138 0 0
18 0.651 0 0
19 0.6882 0 0
20 0.7254 0 0
21 0.7626 0 0
22 0.7998 0 0
23 0.837 0 0
24 0.8742 0 0
25 0.9114 0.0129394 0.001
26 0.9486 0.226948 0.02
27 0.9858 1.31617 0.139
28 1.023 2.78333 0.41
29 1.0602 3.6529 0.792
30 1.0974 3.57904 1.193
31 1.1346 3.79075 1.647
32 1.1718 3.38169 2.079
33 1.209 3.32388 2.531
34 1.2462 2.65085 2.914
35 1.2834 2.58425 3.31
36 1.3206 2.18802 3.665
37 1.3578 1.99398 4.007
38 1.395 1.86144 4.344
39 1.4322 1.77125 4.682
40 1.4694 1.85695 5.055
41 1.5066 1.55802 5.384
42 1.5438 1.56051 5.73
43 1.581 1.44494 6.066
44 1.6182 1.47779 6.426
45 1.6554 1.39251 6.781
46 1.6926 1.46705 7.172
47 1.7298 1.56988 7.609
48 1.767 1.41497 8.02
49 1.8042 1.44969 8.459
50 1.8414 1.39805 8.9
51 1.8786 1.44374 9.374
52 1.9158 1.66645 9.943
53 1.953 1.54721 10.492
54 1.9902 1.67445 11.109
55 2.0274 1.54035 11.698
56 2.0646 1.59378 12.33
57 2.1018 1.62789 12.999
58 2.139 1.75502 13.746
59 2.1762 1.69099 14.491
60 2.2134 1.70485 15.268
61 2.2506 1.58529 16.015
62 2.2878 1.61014 16.799
63 2.325 1.62465 17.616
64 2.3622 1.53536 18.413
65 2.3994 1.5348 19.235
66 2.4366 1.39958 20.008
67 2.4738 1.50535 20.865
68 2.511 1.4321 21.705
69 2.5482 1.50316 22.613
70 2.5854 1.39106 23.478
71 2.6226 1.49879 24.437
72 2.6598 1.39031 25.352
73 2.697 1.34631 26.263
74 2.7342 1.38038 27.223
75 2.7714 1.41635 28.235
76 2.8086 1.26325 29.162
77 2.8458 1.45343 30.257
78 2.883 1.34374 31.296
79 2.9202 1.31224 32.337
80 2.9574 1.33106 33.42
81 2.9946 1.36772 34.561
82 3.0318 1.30512 35.677
83 3.069 1.27139 36.791
84 3.1062 1.25784 37.92
85 3.1434 1.32398 39.137
86 3.1806 1.30275 40.363
87 3.2178 1.24166 41.559
88 3.255 1.24692 42.788
89 3.2922 1.28932 44.088
90 3.3294 1.25 45.377
91 3.3666 1.30979 46.758
92 3.4038 1.22379 48.077
93 3.441 1.20292 49.402
94 3.4782 1.20221 50.755
95 3.5154 1.18299 52.115
96 3.5526 1.1856 53.507
97 3.5898 1.19869 54.944
98 3.627 1.15298 56.355
99 3.6642 1.19694 57.85
100 3.7014 1.15574 59.323
4000 100
1 0.0186 0 0
2 0.0558 0 0
3 0.093 0 0
4 0.1302 0 0
5 0.1674 0 0
6 0.2046 0 0
7 0.2418 0 0
8 0.279 0 0
9 0.3162 0 0
10 0.3534 0 0
11 0.3906 0 0
12 0.4278 0 0
13 0.465 0 0
14 0.5022 0 0
15 0.5394 0 0
16 0.5766 0 0
17 0.6138 0 0
18 0.651 0 0
19 0.6882 0 0
20 0.7254 0 0
21 0.7626 0 0
22 0.7998 0 0
23 0.837 0 0
24 0.8742 0 0
25 0.9114 0.0388183 0.003
26 0.9486 0.226948 0.022
27 0.9858 1.33829 0.143
28 1.023 2.5471 0.391
29 1.0602 3.66246 0.774
30 1.0974 3.95391 1.217
31 1.1346 3.55696 1.643
32 1.1718 3.47563 2.087
33 1.209 3.05915 2.503
34 1.2462 2.42937 2.854
35 1.2834 2.40805 3.223
36 1.3206 2.11406 3.566
37 1.3578 2.06395 3.92
38 1.395 1.8283 4.251
39 1.4322 1.78697 4.592
40 1.4694 1.65781 4.925
41 1.5066 1.66694 5.277
42 1.5438 1.556 5.622
43 1.581 1.51805 5.975
44 1.6182 1.46548 6.332
45 1.6554 1.4435 6.7
46 1.6926 1.43328 7.082
47 1.7298 1.33278 7.453
48 1.767 1.38398 7.855
49 1.8042 1.4728 8.301
50 1.8414 1.49632 8.773
51 1.8786 1.53816 9.278
52 1.9158 1.47608 9.782
53 1.953 1.56412 10.337
54 1.9902 1.6446 10.943
55 2.0274 1.62926 11.566
56 2.0646 1.82578 12.29
57 2.1018 1.58166 12.94
58 2.139 1.68454 13.657
59 2.1762 1.65695 14.387
60 2.2134 1.62586 15.128
61 2.2506 1.68503 15.922
62 2.2878 1.50129 16.653
63 2.325 1.5471 17.431
64 2.3622 1.5893 18.256
65 2.3994 1.49372 19.056
66 2.4366 1.52813 19.9
67 2.4738 1.39118 20.692
68 2.511 1.41846 21.524
69 2.5482 1.42701 22.386
70 2.5854 1.44574 23.285
71 2.6226 1.33625 24.14
72 2.6598 1.41614 25.072
73 2.697 1.40837 26.025
74 2.7342 1.35737 26.969
75 2.7714 1.36316 27.943
76 2.8086 1.36136 28.942
77 2.8458 1.32468 29.94
78 2.883 1.31528 30.957
79 2.9202 1.28577 31.977
80 2.9574 1.31016 33.043
81 2.9946 1.31617 34.141
82 3.0318 1.34372 35.29
83 3.069 1.35927 36.481
84 3.1062 1.28569 37.635
85 3.1434 1.26849 38.801
86 3.1806 1.31231 40.036
87 3.2178 1.31226 41.3
88 3.255 1.24692 42.529
89 3.2922 1.31312 43.853
90 3.3294 1.3237 45.218
91 3.3666 1.20546 46.489
92 3.4038 1.26276 47.85
93 3.441 1.21291 49.186
94 3.4782 1.25552 50.599
95 3.5154 1.20647 51.986
96 3.5526 1.23925 53.441
97 3.5898 1.18951 54.867
98 3.627 1.20283 56.339
99 3.6642 1.19134 57.827
100 3.7014 1.16437 59.311
4500 100
1 0.0186 0 0
2 0.0558 0 0
3 0.093 0 0
4 0.1302 0 0
5 0.1674 0 0
6 0.2046 0 0
7 0.2418 0 0
8 0.279 0 0
9 0.3162 0 0
10 0.3534 0 0
11 0.3906 0 0
12 0.4278 0 0
13 0.465 0 0
14 0.5022 0 0
15 0.5394 0 0
16 0.5766 0 0
17 0.6138 0 0
18 0.651 0 0
19 0.6882 0 0
20 0.7254 0 0
21 0.7626 0 0
22 0.7998 0 0
23 0.837 0 0
24 0.8742 0 0
25 0.9114 0 0
26 0.9486 0.238892 0.02
27 0.9858 1.13921 0.123
28 1.023 2.60873 0.377
29 1.0602 3.32777 0.725
30 1.0974 3.67722 1.137
31 1.1346 3.50686 1.557
32 1.1718 3.36604 1.987
33 1.209 2.82383 2.371
34 1.2462 2.6993 2.761
35 1.2834 2.25143 3.106
36 1.3206 2.07708 3.443
37 1.3578 1.8249 3.756
38 1.395 1.82278 4.086
39 1.4322 1.54591 4.381
40 1.4694 1.64785 4.712
41 1.5066 1.64799 5.06
42 1.5438 1.53796 5.401
43 1.581 1.43204 5.734
44 1.6182 1.35875 6.065
45 1.6554 1.30621 6.398
46 1.6926 1.3845 6.767
47 1.7298 1.33638 7.139
48 1.767 1.40808 7.548
49 1.8042 1.41336 7.976
50 1.8414 1.46779 8.439
51 1.8786 1.4011 8.899
52 1.9158 1.58152 9.439
53 1.953 1.56412 9.994
54 1.9902 1.61204 10.588
55 2.0274 1.61096 11.204
56 2.0646 1.68204 11.871
57 2.1018 1.57193 12.517
58 2.139 1.67279 13.229
59 2.1762 1.56843 13.92
60 2.2134 1.58636 14.643
61 2.2506 1.65957 15.425
62 2.2878 1.56496 16.187
63 2.325 1.54312 16.963
64 2.3622 1.47949 17.731
65 2.3994 1.45078 18.508
66 2.4366 1.47381 19.322
67 2.4738 1.43509 20.139
68 2.511 1.33492 20.922
69 2.5482 1.4088 21.773
70 2.5854 1.33639 22.604
71 2.6226 1.3425 23.463
72 2.6598 1.43133 24.405
73 2.697 1.24138 25.245
74 2.7342 1.34874 26.183
75 2.7714 1.33657 27.138
76 2.8086 1.32048 28.107
77 2.8458 1.28353 29.074
78 2.883 1.35667 30.123
79 2.9202 1.35762 31.2
80 2.9574 1.31262 32.268
81 2.9946 1.36412 33.406
82 3.0318 1.25718 34.481
83 3.069 1.30906 35.628
84 3.1062 1.33805 36.829
85 3.1434 1.2859 38.011
86 3.1806 1.28681 39.222
87 3.2178 1.22401 40.401
88 3.255 1.26113 41.644
89 3.2922 1.25857 42.913
90 3.3294 1.21897 44.17
91 3.3666 1.24434 45.482
92 3.4038 1.19132 46.766
93 3.441 1.212 48.101
94 3.4782 1.15778 49.404
95 3.5154 1.18038 50.761
96 3.5526 1.20519 52.176
97 3.5898 1.15031 53.555
98 3.627 1.12193 54.928
99 3.6642 1.11528 56.321
100 3.7014 1.14319 57.778
5000 100
1 0.0186 0 0
2 0.0558 0 0
3 0.093 0 0
4 0.1302 0 0
5 0.1674 0 0
6 0.2046 0 0
7 0.2418 0 0
8 0.279 0 0
9 0.3162 0 0
10 0.3534 0 0
11 0.3906 0 0
12 0.4278 0 0
13 0.465 0 0
14 0.5022 0 0
15 0.5394 0 0
16 0.5766 0 0
17 0.6138 0 0
18 0.651 0 0
19 0.6882 0 0
20 0.7254 0 0
21 0.7626 0 0
22 0.7998 0 0
23 0.837 0 0
24 0.8742 0 0
25 0.9114 0 0
26 0.9486 0.250837 0.021
27 0.9858 1.10603 0.121
28 1.023 2.38277 0.353
29 1.0602 3.12696 0.68
30 1.0974 3.43624 1.065
31 1.1346 3.67386 1.505
32 1.1718 2.99029 1.887
33 1.209 3.05915 2.303
34 1.2462 2.8308 2.712
35 1.2834 2.25143 3.057
36 1.3206 2.1572 3.407
37 1.3578 2.20388 3.785
38 1.395 1.92773 4.134
39 1.4322 1.71884 4.462
40 1.4694 1.61301 4.786
41 1.5066 1.42542 5.087
42 1.5438 1.39364 5.396
43 1.581 1.48794 5.742
44 1.6182 1.34643 6.07
45 1.6554 1.26307 6.392
46 1.6926 1.41077 6.768
47 1.7298 1.38308 7.153
48 1.767 1.3048 7.532
49 1.8042 1.36053 7.944
50 1.8414 1.34732 8.369
51 1.8786 1.40415 8.83
52 1.9158 1.35308 9.292
53 1.953 1.50212 9.825
54 1.9902 1.65546 10.435
55 2.0274 1.51158 11.013
56 2.0646 1.45508 11.59
57 2.1018 1.48676 12.201
58 2.139 1.66809 12.911
59 2.1762 1.54119 13.59
60 2.2134 1.49201 14.27
61 2.2506 1.50464 14.979
62 2.2878 1.51772 15.718
63 2.325 1.46358 16.454
64 2.3622 1.4949 17.23
65 2.3994 1.48999 18.028
66 2.4366 1.49192 18.852
67 2.4738 1.42455 19.663
68 2.511 1.44062 20.508
69 2.5482 1.47998 21.402
70 2.5854 1.44896 22.303
71 2.6226 1.34407 23.163
72 2.6598 1.36903 24.064
73 2.697 1.29606 24.941
74 2.7342 1.30561 25.849
75 2.7714 1.26799 26.755
76 2.8086 1.23872 27.664
77 2.8458 1.32733 28.664
78 2.883 1.32046 29.685
79 2.9202 1.3009 30.717
80 2.9574 1.33352 31.802
81 2.9946 1.26703 32.859
82 3.0318 1.2408 33.92
83 3.069 1.25427 35.019
84 3.1062 1.22998 36.123
85 3.1434 1.24347 37.266
86 3.1806 1.23156 38.425
87 3.2178 1.2074 39.588
88 3.255 1.2317 40.802
89 3.2922 1.2308 42.043
90 3.3294 1.19376 43.274
91 3.3666 1.23201 44.573
92 3.4038 1.21822 45.886
93 3.441 1.16116 47.165
94 3.4782 1.14712 48.456
95 3.5154 1.17951 49.812
96 3.5526 1.15238 51.165
97 3.5898 1.1453 52.538
98 3.627 1.14236 53.936
99 3.6642 1.11768 55.332
100 3.7014 1.07807 56.706
5500 100
1 0.0186 0 0
2 0.0558 0 0
3 0.093 0 0
4 0.1302 0 0
5 0.1674 0 0
6 0.2046 0 0
7 0.2418 0 0
8 0.279 0 0
9 0.3162 0 0
10 0.3534 0 0
11 0.3906 0 0
12 0.4278 0 0
13 0.465 0 0
14 0.5022 0 0
15 0.5394 0 0
16 0.5766 0 0
17 0.6138 0 0
18 0.651 0 0
19 0.6882 0 0
20 0.7254 0 0
21 0.7626 0 0
22 0.7998 0 0
23 0.837 0 0
24 0.8742 0 0
25 0.9114 0.0258789 0.002
26 0.9486 0.215003 0.02
27 0.9858 1.12815 0.122
28 1.023 2.04385 0.321
29 1.0602 2.81139 0.615
30 1.0974 3.32021 0.987
31 1.1346 3.52356 1.409
32 1.1718 2.84939 1.773
33 1.209 3.24299 2.214
34 1.2462 2.74083 2.61
35 1.2834 2.49289 2.992
36 1.3206 2.08324 3.33
37 1.3578 1.84822 3.647
38 1.395 1.78964 3.971
39 1.4322 1.78697 4.312
40 1.4694 1.72751 4.659
41 1.5066 1.53434 4.983
42 1.5438 1.27637 5.266
43 1.581 1.35033 5.58
44 1.6182 1.37517 5.915
45 1.6554 1.38074 6.267
46 1.6926 1.35824 6.629
47 1.7298 1.2789 6.985
48 1.767 1.37366 7.384
49 1.8042 1.49262 7.836
50 1.8414 1.34415 8.26
51 1.8786 1.31277 8.691
52 1.9158 1.26228 9.122
53 1.953 1.42321 9.627
54 1.9902 1.4492 10.161
55 2.0274 1.43835 10.711
56 2.0646 1.48786 11.301
57 2.1018 1.48433 11.911
58 2.139 1.61406 12.598
59 2.1762 1.56843 13.289
60 2.2134 1.59514 14.016
61 2.2506 1.59802 14.769
62 2.2878 1.67381 15.584
63 2.325 1.53716 16.357
64 2.3622 1.51995 17.146
65 2.3994 1.45451 17.925
66 2.4366 1.44846 18.725
67 2.4738 1.45265 19.552
68 2.511 1.36731 20.354
69 2.5482 1.3194 21.151
70 2.5854 1.34925 21.99
71 2.6226 1.30656 22.826
72 2.6598 1.35536 23.718
73 2.697 1.25764 24.569
74 2.7342 1.30992 25.48
75 2.7714 1.23441 26.362
76 2.8086 1.17739 27.226
77 2.8458 1.32069 28.221
78 2.883 1.27649 29.208
79 2.9202 1.22274 30.178
80 2.9574 1.30893 31.243
81 2.9946 1.22987 32.269
82 3.0318 1.29928 33.38
83 3.069 1.2383 34.465
84 3.1062 1.23667 35.575
85 3.1434 1.20757 36.685
86 3.1806 1.324 37.931
87 3.2178 1.23232 39.118
88 3.255 1.23272 40.333
89 3.2922 1.24965 41.593
90 3.3294 1.18212 42.812
91 3.3666 1.23486 44.114
92 3.4038 1.21822 45.427
93 3.441 1.19838 46.747
94 3.4782 1.14445 48.035
95 3.5154 1.22561 49.444
96 3.5526 1.18474 50.835
97 3.5898 1.15948 52.225
98 3.627 1.10395 53.576
99 3.6642 1.13129 54.989
100 3.7014 1.18164 56.495
6000 100
1 0.0186 0 0
2 0.0558 0 0
3 0.093 0 0
4 0.1302 0 0
5 0.1674 0 0
6 0.2046 0 0
7 0.2418 0 0
8 0.279 0 0
9 0.3162 0 0
10 0.3534 0 0
11 0.3906 0 0
12 0.4278 0 0
13 0.465 0 0
14 0.5022 0 0
15 0.5394 0 0
16 0.5766 0 0
17 0.6138 0 0
18 0.651 0 0
19 0.6882 0 0
20 0.7254 0 0
21 0.7626 0 0
22 0.7998 0 0
23 0.837 0 0
24 0.8742 0 0
25 0.9114 0.0258789 0.002
26 0.9486 0.31056 0.028
27 0.9858 1.05072 0.123
28 1.023 2.42386 0.359
29 1.0602 2.8592 0.658
30 1.0974 3.60582 1.062
31 1.1346 3.54861 1.487
32 1.1718 3.16251 1.891
33 1.209 3.00767 2.3
34 1.2462 2.59548 2.675
35 1.2834 2.28406 3.025
36 1.3206 2.3606 3.408
37 1.3578 1.9007 3.734
38 1.395 1.81173 4.062
39 1.4322 1.57735 4.363
40 1.4694 1.47859 4.66
41 1.5066 1.64799 5.008
42 1.5438 1.38462 5.315
43 1.581 1.30303 5.618
44 1.6182 1.37927 5.954
45 1.6554 1.46704 6.328
46 1.6926 1.44079 6.712
47 1.7298 1.35434 7.089
48 1.767 1.26005 7.455
49 1.8042 1.3242 7.856
50 1.8414 1.4139 8.302
51 1.8786 1.45288 8.779
52 1.9158 1.35015 9.24
53 1.953 1.47957 9.765
54 1.9902 1.46277 10.304
55 2.0274 1.56388 10.902
56 2.0646 1.62908 11.548
57 2.1018 1.60843 12.209
58 2.139 1.55532 12.871
59 2.1762 1.63198 13.59
60 2.2134 1.62147 14.329
61 2.2506 1.60863 15.087
62 2.2878 1.63684 15.884
63 2.325 1.46756 16.622
64 2.3622 1.5161 17.409
65 2.3994 1.5292 18.228
66 2.4366 1.43941 19.023
67 2.4738 1.41225 19.827
68 2.511 1.42187 20.661
69 2.5482 1.35582 21.48
70 2.5854 1.31226 22.296
71 2.6226 1.32375 23.143
72 2.6598 1.32497 24.015
73 2.697 1.34631 24.926
74 2.7342 1.3545 25.868
75 2.7714 1.2498 26.761
76 2.8086 1.24008 27.671
77 2.8458 1.32866 28.672
78 2.883 1.28295 29.664
79 2.9202 1.26434 30.667
80 2.9574 1.27575 31.705
81 2.9946 1.35453 32.835
82 3.0318 1.28057 33.93
83 3.069 1.24857 35.024
84 3.1062 1.29126 36.183
85 3.1434 1.23151 37.315
86 3.1806 1.29106 38.53
87 3.2178 1.31122 39.793
88 3.255 1.2733 41.048
89 3.2922 1.3032 42.362
90 3.3294 1.27134 43.673
91 3.3666 1.2434 44.984
92 3.4038 1.20802 46.286
93 3.441 1.21018 47.619
94 3.4782 1.156 48.92
95 3.5154 1.18733 50.285
96 3.5526 1.14386 51.628
97 3.5898 1.19952 53.066
98 3.627 1.13827 54.459
99 3.6642 1.14971 55.895
100 3.7014 1.11573 57.317
6500 100
1 0.0186 0 0
2 0.0558 0 0
3 0.093 0 0
4 0.1302 0 0
5 0.1674 0 0
6 0.2046 0 0
7 0.2418 0 0
8 0.279 0 0
9 0.3162 0 0
10 0.3534 0 0
11 0.3906 0 0
12 0.4278 0 0
13 0.465 0 0
14 0.5022 0 0
15 0.5394 0 0
16 0.5766 0 0
17 0.6138 0 0
18 0.651 0 0
19 0.6882 0 0
20 0.7254 0 0
21 0.7626 0 0
22 0.7998 0 0
23 0.837 0 0
24 0.8742 0 0
25 0.9114 0 0
26 0.9486 0.250837 0.021
27 0.9858 0.995423 0.111
28 1.023 2.28007 0.333
29 1.0602 2.98352 0.645
30 1.0974 3.1417 0.997
31 1.1346 3.20628 1.381
32 1.1718 3.38952 1.814
33 1.209 2.58851 2.166
34 1.2462 2.64393 2.548
35 1.2834 2.49289 2.93
36 1.3206 2.13255 3.276
37 1.3578 1.94734 3.61
38 1.395 1.80068 3.936
39 1.4322 1.59307 4.24
40 1.4694 1.51344 4.544
41 1.5066 1.48225 4.857
42 1.5438 1.5109 5.192
43 1.581 1.44494 5.528
44 1.6182 1.38748 5.866
45 1.6554 1.31798 6.202
46 1.6926 1.24193 6.533
47 1.7298 1.23579 6.877
48 1.767 1.39431 7.282
49 1.8042 1.30108 7.676
50 1.8414 1.32196 8.093
51 1.8786 1.38282 8.547
52 1.9158 1.35015 9.008
53 1.953 1.42039 9.512
54 1.9902 1.38678 10.023
55 2.0274 1.48281 10.59
56 2.0646 1.55343 11.206
57 2.1018 1.59139 11.86
58 2.139 1.60231 12.542
59 2.1762 1.51849 13.211
60 2.2134 1.57759 13.93
61 2.2506 1.49616 14.635
62 2.2878 1.43763 15.335
63 2.325 1.52125 16.1
64 2.3622 1.45445 16.855
65 2.3994 1.42464 17.618
66 2.4366 1.39233 18.387
67 2.4738 1.3982 19.183
68 2.511 1.37072 19.987
69 2.5482 1.38728 20.825
70 2.5854 1.36051 21.671
71 2.6226 1.30656 22.507
72 2.6598 1.27938 23.349
73 2.697 1.27241 24.21
74 2.7342 1.34012 25.142
75 2.7714 1.26939 26.049
76 2.8086 1.25916 26.973
77 2.8458 1.27291 27.932
78 2.883 1.3114 28.946
79 2.9202 1.29333 29.972
80 2.9574 1.261 30.998
81 2.9946 1.28621 32.071
82 3.0318 1.22677 33.12
83 3.069 1.28167 34.243
84 3.1062 1.28457 35.396
85 3.1434 1.25326 36.548
86 3.1806 1.29425 37.766
87 3.2178 1.27592 38.995
88 3.255 1.25301 40.23
89 3.2922 1.23576 41.476
90 3.3294 1.23158 42.746
91 3.3666 1.26047 44.075
92 3.4038 1.14585 45.31
93 3.441 1.23197 46.667
94 3.4782 1.21998 48.04
95 3.5154 1.18212 49.399
96 3.5526 1.11235 50.705
97 3.5898 1.11778 52.045
98 3.627 1.14481 53.446
99 3.6642 1.16412 54.9
100 3.7014 1.07257 56.267
7000 100
1 0.0186 0 0
2 0.0558 0 0
3 0.093 0 0
4 0.1302 0 0
5 0.1674 0 0
6 0.2046 0 0
7 0.2418 0 0
8 0.279 0 0
9 0.3162 0 0
10 0.3534 0 0
11 0.3906 0 0
12 0.4278 0 0
13 0.465 0 0
14 0.5022 0 0
15 0.5394 0 0
16 0.5766 0 0
17 0.6138 0 0
18 0.651 0 0
19 0.6882 0 0
20 0.7254 0 0
21 0.7626 0 0
22 0.7998 0 0
23 0.837 0 0
24 0.8742 0 0
25 0.9114 0.0129394 0.001
26 0.9486 0.250837 0.022
27 0.9858 0.940121 0.107
28 1.023 2.16709 0.318
29 1.0602 2.92614 0.624
30 1.0974 3.49872 1.016
31 1.1346 3.28977 1.41
32 1.1718 3.40518 1.845
33 1.209 2.70617 2.213
34 1.2462 2.28402 2.543
35 1.2834 2.3689 2.906
36 1.3206 2.13871 3.253
37 1.3578 1.80158 3.562
38 1.395 1.89458 3.905
39 1.4322 1.48303 4.188
40 1.4694 1.49352 4.488
41 1.5066 1.47278 4.799
42 1.5438 1.38011 5.105
43 1.581 1.43204 5.438
44 1.6182 1.30128 5.755
45 1.6554 1.28268 6.082
46 1.6926 1.43328 6.464
47 1.7298 1.21783 6.803
48 1.767 1.43563 7.22
49 1.8042 1.29778 7.613
50 1.8414 1.2966 8.022
51 1.8786 1.34627 8.464
52 1.9158 1.356 8.927
53 1.953 1.42321 9.432
54 1.9902 1.43292 9.96
55 2.0274 1.55081 10.553
56 2.0646 1.46012 11.132
57 2.1018 1.53543 11.763
58 2.139 1.49423 12.399
59 2.1762 1.55935 13.086
60 2.2134 1.46349 13.753
61 2.2506 1.49616 14.458
62 2.2878 1.48692 15.182
63 2.325 1.49341 15.933
64 2.3622 1.44096 16.681
65 2.3994 1.44144 17.453
66 2.4366 1.3525 18.2
67 2.4738 1.3982 18.996
68 2.511 1.28889 19.752
69 2.5482 1.41045 20.604
70 2.5854 1.36855 21.455
71 2.6226 1.37064 22.332
72 2.6598 1.37207 23.235
73 2.697 1.19113 24.041
74 2.7342 1.26535 24.921
75 2.7714 1.27079 25.829
76 2.8086 1.24008 26.739
77 2.8458 1.32999 27.741
78 2.883 1.25191 28.709
79 2.9202 1.25173 29.702
80 2.9574 1.261 30.728
81 2.9946 1.26103 31.78
82 3.0318 1.31799 32.907
83 3.069 1.22004 33.976
84 3.1062 1.2389 35.088
85 3.1434 1.25544 36.242
86 3.1806 1.15824 37.332
87 3.2178 1.25931 38.545
88 3.255 1.2246 39.752
89 3.2922 1.2308 40.993
90 3.3294 1.23643 42.268
91 3.3666 1.14286 43.473
92 3.4038 1.16255 44.726
93 3.441 1.17024 46.015
94 3.4782 1.17022 47.332
95 3.5154 1.23692 48.754
96 3.5526 1.11661 50.065
97 3.5898 1.15615 51.451
98 3.627 1.11376 52.814
99 3.6642 1.16572 54.27
100 3.7014 1.13691 55.719
7500 100
1 0.0186 0 0
2 0.0558 0 0
3 0.093 0 0
4 0.1302 0 0
5 0.1674 0 0
6 0.2046 0 0
7 0.2418 0 0
8 0.279 0 0
9 0.3162 0 0
10 0.3534 0 0
11 0.3906 0 0
12 0.4278 0 0
13 0.465 0 0
14 0.5022 0 0
15 0.5394 0 0
16 0.5766 0 0
17 0.6138 0 0
18 0.651 0 0
19 0.6882 0 0
20 0.7254 0 0
21 0.7626 0 0
22 0.7998 0 0
23 0.837 0 0
24 0.8742 0 0
25 0.9114 0 0
26 0.9486 0.167225 0.014
27 0.9858 1.11709 0.115
28 1.023 2.15682 0.325
29 1.0602 2.88789 0.627
30 1.0974 3.48087 1.017
31 1.1346 3.18958 1.399
32 1.1718 3.20165 1.808
33 1.209 2.75029 2.182
34 1.2462 2.49166 2.542
35 1.2834 2.27101 2.89
36 1.3206 2.05242 3.223
37 1.3578 1.85405 3.541
38 1.395 1.65155 3.84
39 1.4322 1.77649 4.179
40 1.4694 1.55326 4.491
41 1.5066 1.52013 4.812
42 1.5438 1.46129 5.136
43 1.581 1.30303 5.439
44 1.6182 1.31359 5.759
45 1.6554 1.53372 6.15
46 1.6926 1.27194 6.489
47 1.7298 1.37589 6.872
48 1.767 1.31513 7.254
49 1.8042 1.33411 7.658
50 1.8414 1.36952 8.09
51 1.8786 1.50466 8.584
52 1.9158 1.42337 9.07
53 1.953 1.44293 9.582
54 1.9902 1.53876 10.149
55 2.0274 1.47235 10.712
56 2.0646 1.4803 11.299
57 2.1018 1.46973 11.903
58 2.139 1.50128 12.542
59 2.1762 1.55935 13.229
60 2.2134 1.4986 13.912
61 2.2506 1.51101 14.624
62 2.2878 1.48281 15.346
63 2.325 1.40989 16.055
64 2.3622 1.43904 16.802
65 2.3994 1.3929 17.548
66 2.4366 1.38328 18.312
67 2.4738 1.479 19.154
68 2.511 1.42187 19.988
69 2.5482 1.40549 20.837
70 2.5854 1.33639 21.668
71 2.6226 1.40658 22.568
72 2.6598 1.32041 23.437
73 2.697 1.33153 24.338
74 2.7342 1.3358 25.267
75 2.7714 1.35757 26.237
76 2.8086 1.27415 27.172
77 2.8458 1.24105 28.107
78 2.883 1.3114 29.121
79 2.9202 1.28199 30.138
80 2.9574 1.25977 31.163
81 2.9946 1.30898 32.255
82 3.0318 1.28758 33.356
83 3.069 1.23944 34.442
84 3.1062 1.26341 35.576
85 3.1434 1.28916 36.761
86 3.1806 1.30275 37.987
87 3.2178 1.15549 39.1
88 3.255 1.17894 40.262
89 3.2922 1.26452 41.537
90 3.3294 1.24321 42.819
91 3.3666 1.15045 44.032
92 3.4038 1.23678 45.365
93 3.441 1.19656 46.683
94 3.4782 1.17644 48.007
95 3.5154 1.24127 49.434
96 3.5526 1.19667 50.839
97 3.5898 1.14113 52.207
98 3.627 1.25676 53.745
99 3.6642 1.1385 55.167
100 3.7014 1.1322 56.61
8000 100
1 0.0186 0 0
2 0.0558 0 0
3 0.093 0 0
4 0.1302 0 0
5 0.1674 0 0
6 0.2046 0 0
7 0.2418 0 0
8 0.279 0 0
9 0.3162 0 0
10 0.3534 0 0
11 0.3906 0 0
12 0.4278 0 0
13 0.465 0 0
14 0.5022 0 0
15 0.5394 0 0
16 0.5766 0 0
17 0.6138 0 0
18 0.651 0 0
19 0.6882 0 0
20 0.7254 0 0
21 0.7626 0 0
22 0.7998 0 0
23 0.837 0 0
24 0.8742 0 0
25 0.9114 0.0388183 0.003
26 0.9486 0.286671 0.027
27 0.9858 1.07284 0.124
28 1.023 2.30061 0.348
29 1.0602 3.15564 0.678
30 1.0974 3.64152 1.086
31 1.1346 3.79075 1.54
32 1.1718 3.45997 1.982
33 1.209 2.77235 2.359
34 1.2462 2.74083 2.755
35 1.2834 2.38195 3.12
36 1.3206 2.09557 3.46
37 1.3578 1.89487 3.785
38 1.395 1.59079 4.073
39 1.4322 1.75553 4.408
40 1.4694 1.60305 4.73
41 1.5066 1.39701 5.025
42 1.5438 1.31245 5.316
43 1.581 1.39763 5.641
44 1.6182 1.27254 5.951
45 1.6554 1.40036 6.308
46 1.6926 1.40326 6.682
47 1.7298 1.48366 7.095
48 1.767 1.38054 7.496
49 1.8042 1.40345 7.921
50 1.8414 1.35049 8.347
51 1.8786 1.42547 8.815
52 1.9158 1.53466 9.339
53 1.953 1.57821 9.899
54 1.9902 1.62832 10.499
55 2.0274 1.56127 11.096
56 2.0646 1.65682 11.753
57 2.1018 1.67413 12.441
58 2.139 1.71508 13.171
59 2.1762 1.66376 13.904
60 2.2134 1.61269 14.639
61 2.2506 1.59802 15.392
62 2.2878 1.61836 16.18
63 2.325 1.46358 16.916
64 2.3622 1.44867 17.668
65 2.3994 1.48625 18.464
66 2.4366 1.41225 19.244
67 2.4738 1.44387 20.066
68 2.511 1.44403 20.913
69 2.5482 1.37238 21.742
70 2.5854 1.46182 22.651
71 2.6226 1.3722 23.529
72 2.6598 1.37663 24.435
73 2.697 1.41724 25.394
74 2.7342 1.31711 26.31
75 2.7714 1.34777 27.273
76 2.8086 1.27824 28.211
77 2.8458 1.28751 29.181
78 2.883 1.31658 30.199
79 2.9202 1.33367 31.257
80 2.9574 1.29173 32.308
81 2.9946 1.36172 33.444
82 3.0318 1.33553 34.586
83 3.069 1.3433 35.763
84 3.1062 1.28012 36.912
85 3.1434 1.23042 38.043
86 3.1806 1.30381 39.27
87 3.2178 1.31848 40.54
88 3.255 1.33722 41.858
89 3.2922 1.29527 43.164
90 3.3294 1.24709 44.45
91 3.3666 1.22348 45.74
92 3.4038 1.18575 47.018
93 3.441 1.26011 48.406
94 3.4782 1.22886 49.789
95 3.5154 1.2143 51.185
96 3.5526 1.15408 52.54
97 3.5898 1.20203 53.981
98 3.627 1.20364 55.454
99 3.6642 1.17533 56.922
100 3.7014 1.11494 58.343
8500 100
1 0.0186 0 0
2 0.0558 0 0
3 0.093 0 0
4 0.1302 0 0
5 0.1674 0 0
6 0.2046 0 0
7 0.2418 0 0
8 0.279 0 0
9 0.3162 0 0
10 0.3534 0 0
11 0.3906 0 0
12 0.4278 0 0
13 0.465 0 0
14 0.5022 0 0
15 0.5394 0 0
16 0.5766 0 0
17 0.6138 0 0
18 0.651 0 0
19 0.6882 0 0
20 0.7254 0 0
21 0.7626 0 0
22 0.7998 0 0
23 0.837 0 0
24 0.8742 0 0
25 0.9114 0.0258789 0.002
26 0.9486 0.250837 0.023
27 0.9858 1.13921 0.126
28 1.023 2.48548 0.368
29 1.0602 3.43296 0.727
30 1.0974 3.8111 1.154
31 1.1346 3.69056 1.596
32 1.1718 3.42866 2.034
33 1.209 2.97826 2.439
34 1.2462 2.86541 2.853
35 1.2834 2.47331 3.232
36 1.3206 2.4099 3.623
37 1.3578 1.99981 3.966
38 1.395 1.77307 4.287
39 1.4322 1.49351 4.572
40 1.4694 1.53335 4.88
41 1.5066 1.29282 5.153
42 1.5438 1.47933 5.481
43 1.581 1.29873 5.783
44 1.6182 1.39159 6.122
45 1.6554 1.48665 6.501
46 1.6926 1.44829 6.887
47 1.7298 1.49803 7.304
48 1.767 1.49415 7.738
49 1.8042 1.49592 8.191
50 1.8414 1.47413 8.656
51 1.8786 1.44983 9.132
52 1.9158 1.59323 9.676
53 1.953 1.68812 10.275
54 1.9902 1.71245 10.906
55 2.0274 1.67372 11.546
56 2.0646 1.74256 12.237
57 2.1018 1.79579 12.975
58 2.139 1.61875 13.664
59 2.1762 1.62063 14.378
60 2.2134 1.58636 15.101
61 2.2506 1.62349 15.866
62 2.2878 1.66149 16.675
63 2.325 1.52721 17.443
64 2.3622 1.50454 18.224
65 2.3994 1.46011 19.006
66 2.4366 1.44665 19.805
67 2.4738 1.50008 20.659
68 2.511 1.39288 21.476
69 2.5482 1.4088 22.327
70 2.5854 1.3589 23.172
71 2.6226 1.42221 24.082
72 2.6598 1.36751 24.982
73 2.697 1.39507 25.926
74 2.7342 1.3243 26.847
75 2.7714 1.31278 27.785
76 2.8086 1.38317 28.8
77 2.8458 1.32468 29.798
78 2.883 1.32046 30.819
79 2.9202 1.34123 31.883
80 2.9574 1.35318 32.984
81 2.9946 1.3809 34.136
82 3.0318 1.34489 35.286
83 3.069 1.38666 36.501
84 3.1062 1.34585 37.709
85 3.1434 1.32942 38.931
86 3.1806 1.26875 40.125
87 3.2178 1.29045 41.368
88 3.255 1.31591 42.665
89 3.2922 1.29428 43.97
90 3.3294 1.26455 45.274
91 3.3666 1.33539 46.682
92 3.4038 1.21729 47.994
93 3.441 1.28917 49.414
94 3.4782 1.24841 50.819
95 3.5154 1.19951 52.198
96 3.5526 1.15323 53.552
97 3.5898 1.18868 54.977
98 3.627 1.17178 56.411
99 3.6642 1.20895 57.921
100 3.7014 1.14947 59.386
9000 100
1 0.0186 0 0
2 0.0558 0 0
3 0.093 0 0
4 0.1302 0 0
5 0.1674 0 0
6 0.2046 0 0
7 0.2418 0 0
8 0.279 0 0
9 0.3162 0 0
10 0.3534 0 0
11 0.3906 0 0
12 0.4278 0 0
13 0.465 0 0
14 0.5022 0 0
15 0.5394 0 0
16 0.5766 0 0
17 0.6138 0 0
18 0.651 0 0
19 0.6882 0 0
20 0.7254 0 0
21 0.7626 0 0
22 0.7998 0 0
23 0.837 0 0
24 0.8742 0 0
25 0.9114 0 0
26 0.9486 0.274726 0.023
27 0.9858 1.21663 0.133
28 1.023 2.07466 0.335
29 1.0602 3.15564 0.665
30 1.0974 3.6326 1.072
31 1.1346 3.8158 1.529
32 1.1718 3.55391 1.983
33 1.209 3.00032 2.391
34 1.2462 2.56779 2.762
35 1.2834 2.44721 3.137
36 1.3206 2.20651 3.495
37 1.3578 2.0173 3.841
38 1.395 1.89458 4.184
39 1.4322 1.83937 4.535
40 1.4694 1.7524 4.887
41 1.5066 1.4491 5.193
42 1.5438 1.48835 5.523
43 1.581 1.60405 5.896
44 1.6182 1.46137 6.252
45 1.6554 1.54941 6.647
46 1.6926 1.31322 6.997
47 1.7298 1.35434 7.374
48 1.767 1.49071 7.807
49 1.8042 1.35722 8.218
50 1.8414 1.39805 8.659
51 1.8786 1.41938 9.125
52 1.9158 1.43508 9.615
53 1.953 1.42602 10.121
54 1.9902 1.44649 10.654
55 2.0274 1.60573 11.268
56 2.0646 1.69969 11.942
57 2.1018 1.61573 12.606
58 2.139 1.71508 13.336
59 2.1762 1.71596 14.092
60 2.2134 1.62147 14.831
61 2.2506 1.71686 15.64
62 2.2878 1.60809 16.423
63 2.325 1.48943 17.172
64 2.3622 1.53536 17.969
65 2.3994 1.52546 18.786
66 2.4366 1.50097 19.615
67 2.4738 1.50008 20.469
68 2.511 1.35026 21.261
69 2.5482 1.44853 22.136
70 2.5854 1.35729 22.98
71 2.6226 1.43315 23.897
72 2.6598 1.34624 24.783
73 2.697 1.35961 25.703
74 2.7342 1.3545 26.645
75 2.7714 1.43314 27.669
76 2.8086 1.40906 28.703
77 2.8458 1.29415 29.678
78 2.883 1.2739 30.663
79 2.9202 1.31602 31.707
80 2.9574 1.35072 32.806
81 2.9946 1.23226 33.834
82 3.0318 1.30746 34.952
83 3.069 1.31705 36.106
84 3.1062 1.32023 37.291
85 3.1434 1.23912 38.43
86 3.1806 1.29319 39.647
87 3.2178 1.25412 40.855
88 3.255 1.30272 42.139
89 3.2922 1.32205 43.472
90 3.3294 1.27618 44.788
91 3.3666 1.25383 46.11
92 3.4038 1.19317 47.396
93 3.441 1.26738 48.792
94 3.4782 1.23419 50.181
95 3.5154 1.18212 51.54
96 3.5526 1.21966 52.972
97 3.5898 1.15782 54.36
98 3.627 1.19956 55.828
99 3.6642 1.17693 57.298
100 3.7014 1.18242 58.805
9500 100
1 0.0186 0 0
2 0.0558 0 0
3 0.093 0 0
4 0.1302 0 0
5 0.1674 0 0
6 0.2046 0 0
7 0.2418 0 0
8 0.279 0 0
9 0.3162 0 0
10 0.3534 0 0
11 0.3906 0 0
12 0.4278 0 0
13 0.465 0 0
14 0.5022 0 0
15 0.5394 0 0
16 0.5766 0 0
17 0.6138 0 0
18 0.651 0 0
19 0.6882 0 0
20 0.7254 0 0
21 0.7626 0 0
22 0.7998 0 0
23 0.837 0 0
24 0.8742 0 0
25 0.9114 0.0258789 0.002
26 0.9486 0.238892 0.022
27 0.9858 1.03966 0.116
28 1.023 2.38277 0.348
29 1.0602 3.71027 0.736
30 1.0974 3.72185 1.153
31 1.1346 3.9828 1.63
32 1.1718 3.34255 2.057
33 1.209 3.05179 2.472
34 1.2462 2.76159 2.871
35 1.2834 2.46679 3.249
36 1.3206 2.16953 3.601
37 1.3578 2.04063 3.951
38 1.395 1.9443 4.303
39 1.4322 1.69264 4.626
40 1.4694 1.64785 4.957
41 1.5066 1.69061 5.314
42 1.5438 1.56502 5.661
43 1.581 1.49654 6.009
44 1.6182 1.36285 6.341
45 1.6554 1.46704 6.715
46 1.6926 1.34323 7.073
47 1.7298 1.30764 7.437
48 1.767 1.30824 7.817
49 1.8042 1.36713 8.231
50 1.8414 1.45511 8.69
51 1.8786 1.64172 9.229
52 1.9158 1.4878 9.737
53 1.953 1.74167 10.355
54 1.9902 1.65274 10.964
55 2.0274 1.59003 11.572
56 2.0646 1.56856 12.194
57 2.1018 1.70089 12.893
58 2.139 1.54592 13.551
59 2.1762 1.6456 14.276
60 2.2134 1.70704 15.054
61 2.2506 1.68503 15.848
62 2.2878 1.56907 16.612
63 2.325 1.61073 17.422
64 2.3622 1.49298 18.197
65 2.3994 1.43211 18.964
66 2.4366 1.53537 19.812
67 2.4738 1.49832 20.665
68 2.511 1.45426 21.518
69 2.5482 1.25815 22.278
70 2.5854 1.3396 23.111
71 2.6226 1.41283 24.015
72 2.6598 1.38119 24.924
73 2.697 1.42463 25.888
74 2.7342 1.38325 26.85
75 2.7714 1.37996 27.836
76 2.8086 1.41723 28.876
77 2.8458 1.32733 29.876
78 2.883 1.33727 30.91
79 2.9202 1.29711 31.939
80 2.9574 1.2905 32.989
81 2.9946 1.36172 34.125
82 3.0318 1.30395 35.24
83 3.069 1.30335 36.382
84 3.1062 1.26452 37.517
85 3.1434 1.22171 38.64
86 3.1806 1.26556 39.831
87 3.2178 1.29357 41.077
88 3.255 1.31388 42.372
89 3.2922 1.31511 43.698
90 3.3294 1.24806 44.985
91 3.3666 1.26805 46.322
92 3.4038 1.2043 47.62
93 3.441 1.19656 48.938
94 3.4782 1.21198 50.302
95 3.5154 1.21256 51.696
96 3.5526 1.18219 53.084
97 3.5898 1.15364 54.467
98 3.627 1.26248 56.012
99 3.6642 1.18093 57.487
100 3.7014 1.15025 58.953
10000 100
1 0.0186 0 0
2 0.0558 0 0
3 0.093 0 0
4 0.1302 0 0
5 0.1674 0 0
6 0.2046 0 0
7 0.2418 0 0
8 0.279 0 0
9 0.3162 0 0
10 0.3534 0 0
11 0.3906 0 0
12 0.4278 0 0
13 0.465 0 0
14 0.5022 0 0
15 0.5394 0 0
16 0.5766 0 0
17 0.6138 0 0
18 0.651 0 0
19 0.6882 0 0
20 0.7254 0 0
21 0.7626 0 0
22 0.7998 0 0
23 0.837 0 0
24 0.8742 0 0
25 0.9114 0.0258789 0.002
26 0.9486 0.262782 0.024
27 0.9858 1.12815 0.126
28 1.023 2.59846 0.379
29 1.0602 3.67202 0.763
30 1.0974 3.94498 1.205
31 1.1346 3.89095 1.671
32 1.1718 3.17817 2.077
33 1.209 3.01503 2.487
34 1.2462 2.96231 2.915
35 1.2834 2.55162 3.306
36 1.3206 2.0401 3.637
37 1.3578 2.17472 4.01
38 1.395 1.95534 4.364
39 1.4322 1.74504 4.697
40 1.4694 1.55326 5.009
41 1.5066 1.53907 5.334
42 1.5438 1.37109 5.638
43 1.581 1.56535 6.002
44 1.6182 1.41211 6.346
45 1.6554 1.31406 6.681
46 1.6926 1.40702 7.056
47 1.7298 1.41541 7.45
48 1.767 1.43218 7.866
49 1.8042 1.44638 8.304
50 1.8414 1.47413 8.769
51 1.8786 1.56253 9.282
52 1.9158 1.45558 9.779
53 1.953 1.4373 10.289
54 1.9902 1.62832 10.889
55 2.0274 1.47758 11.454
56 2.0646 1.66691 12.115
57 2.1018 1.69603 12.812
58 2.139 1.80906 13.582
59 2.1762 1.71823 14.339
60 2.2134 1.6105 15.073
61 2.2506 1.66593 15.858
62 2.2878 1.61014 16.642
63 2.325 1.68232 17.488
64 2.3622 1.55848 18.297
65 2.3994 1.48812 19.094
66 2.4366 1.50097 19.923
67 2.4738 1.37537 20.706
68 2.511 1.48154 21.575
69 2.5482 1.4684 22.462
70 2.5854 1.39428 23.329
71 2.6226 1.45503 24.26
72 2.6598 1.4526 25.216
73 2.697 1.3197 26.109
74 2.7342 1.37319 27.064
75 2.7714 1.30018 27.993
76 2.8086 1.28641 28.937
77 2.8458 1.27291 29.896
78 2.883 1.26614 30.875
79 2.9202 1.33997 31.938
80 2.9574 1.35687 33.042
81 2.9946 1.26583 34.098
82 3.0318 1.33904 35.243
83 3.069 1.30107 36.383
84 3.1062 1.28235 37.534
85 3.1434 1.3131 38.741
86 3.1806 1.2645 39.931
87 3.2178 1.32679 41.209
88 3.255 1.39404 42.583
89 3.2922 1.27543 43.869
90 3.3294 1.26552 45.174
91 3.3666 1.27469 46.518
92 3.4038 1.21358 47.826
93 3.441 1.26919 49.224
94 3.4782 1.23775 50.617
95 3.5154 1.17951 51.973
96 3.5526 1.17452 53.352
97 3.5898 1.20703 54.799
98 3.627 1.17586 56.238
99 3.6642 1.22016 57.762
100 3.7014 1.14711 59.224
