# Time-averaged data for fix rdf
# TimeStep Number-of-rows
# Row c_myRDF[1] c_myRDF[2] c_myRDF[3]
1500 100
1 0.0196 0 0
2 0.0588 0 0
3 0.098 0 0
4 0.1372 0 0
5 0.1764 0 0
6 0.2156 0 0
7 0.2548 0 0
8 0.294 0 0
9 0.3332 0 0
10 0.3724 0 0
11 0.4116 0 0
12 0.4508 0 0
13 0.49 0 0
14 0.5292 0 0
15 0.5684 0 0
16 0.6076 0 0
17 0.6468 0 0
18 0.686 0 0
19 0.7252 0 0
20 0.7644 0 0
21 0.8036 0 0
22 0.8428 0 0
23 0.882 0 0
24 0.9212 0.1077 0.001125
25 0.9604 0.891797 0.01125
26 0.9996 2.64247 0.04375
27 1.0388 4.99718 0.110125
28 1.078 6.42314 0.202
29 1.1172 7.29033 0.314
30 1.1564 6.81968 0.42625
31 1.1956 6.1312 0.534125
32 1.2348 5.70151 0.641125
33 1.274 5.04947 0.742
34 1.3132 4.69953 0.84175
35 1.3524 4.16453 0.9355
36 1.3916 3.43502 1.01737
37 1.4308 3.28412 1.10013
38 1.47 2.84812 1.17588
39 1.5092 2.96517 1.259
40 1.5484 2.6475 1.33712
41 1.5876 2.39347 1.41138
42 1.6268 2.25265 1.48475
43 1.666 2.26133 1.562
44 1.7052 2.27732 1.6435
45 1.7444 2.32965 1.73075
46 1.7836 2.18368 1.81625
47 1.8228 2.22527 1.90725
48 1.862 2.19994 2.00113
49 1.9012 2.30403 2.10362
50 1.9404 2.40879 2.21525
51 1.9796 2.16662 2.31975
52 2.0188 2.12566 2.42637
53 2.058 2.06944 2.53425
54 2.0972 1.95355 2.64
55 2.1364 1.85804 2.74438
56 2.1756 1.91614 2.856
57 2.2148 1.9131 2.9715
58 2.254 1.7072 3.07825
59 2.2932 1.68024 3.187
60 2.3324 1.69891 3.30075
61 2.3716 1.49876 3.4045
62 2.4108 1.5273 3.51375
63 2.45 1.41791 3.6185
64 2.4892 1.36213 3.72237
65 2.5284 1.47909 3.83875
66 2.5676 1.32489 3.94625
67 2.6068 1.29282 4.05437
68 2.646 1.2606 4.163
69 2.6852 1.24238 4.27325
70 2.7244 1.16173 4.37937
71 2.7636 1.09975 4.48275
72 2.8028 1.06274 4.5855
73 2.842 1.06129 4.691
74 2.8812 1.0167 4.79487
75 2.9204 1.01579 4.9015
76 2.9596 1.04935 5.01462
77 2.9988 1.0029 5.12562
78 3.038 0.914461 5.2295
79 3.0772 0.877368 5.33175
80 3.1164 0.880533 5.437
81 3.1556 0.937328 5.55187
82 3.1948 0.87566 5.66187
83 3.234 0.839023 5.76987
84 3.2732 0.873082 5.885
85 3.3124 0.859945 6.00113
86 3.3516 0.811015 6.11325
87 3.3908 0.85509 6.23425
88 3.43 0.812348 6.35188
89 3.4692 0.845571 6.47712
90 3.5084 0.734367 6.58837
91 3.5476 0.778752 6.709
92 3.5868 0.82498 6.83963
93 3.626 0.783292 6.96638
94 3.6652 0.736385 7.08812
95 3.7044 0.797856 7.22288
96 3.7436 0.787757 7.35875
97 3.7828 0.828296 7.50462
98 3.822 0.834337 7.65463
99 3.8612 0.794321 7.80037
100 3.9004 0.777099 7.94587
2000 100
1 0.0196 0 0
2 0.0588 0 0
3 0.098 0 0
4 0.1372 0 0
5 0.1764 0 0
6 0.2156 0 0
7 0.2548 0 0
8 0.294 0 0
9 0.3332 0 0
10 0.3724 0 0
11 0.4116 0 0
12 0.4508 0 0
13 0.49 0 0
14 0.5292 0 0
15 0.5684 0 0
16 0.6076 0 0
17 0.6468 0 0
18 0.686 0 0
19 0.7252 0 0
20 0.7644 0 0
21 0.8036 0 0
22 0.8428 0 0
23 0.882 0 0
24 0.9212 0.0598332 0.000625
25 0.9604 0.605541 0.0075
26 0.9996 1.81924 0.029875
27 1.0388 3.35968 0.0745
28 1.078 4.18597 0.134375
29 1.1172 4.91446 0.209875
30 1.1564 5.13375 0.294375
31 1.1956 4.12773 0.367
32 1.2348 4.17622 0.445375
33 1.274 3.7042 0.519375
34 1.3132 3.29203 0.58925
35 1.3524 3.16504 0.6605
36 1.3916 2.60642 0.722625
37 1.4308 2.65904 0.789625
38 1.47 2.19954 0.848125
39 1.5092 2.01096 0.9045
40 1.5484 1.97821 0.962875
41 1.5876 1.99053 1.02462
42 1.6268 1.9303 1.0875
43 1.666 1.89908 1.15237
44 1.7052 1.83722 1.21812
45 1.7444 1.99923 1.293
46 1.7836 2.03363 1.37262
47 1.8228 1.94405 1.45213
48 1.862 2.08276 1.541
49 1.9012 1.92471 1.62662
50 1.9404 2.00418 1.7195
51 1.9796 1.90486 1.81137
52 2.0188 1.87397 1.90538
53 2.058 1.77929 1.99813
54 2.0972 1.82192 2.09675
55 2.1364 1.7579 2.1955
56 2.1756 1.7123 2.29525
57 2.2148 1.61702 2.39288
58 2.254 1.65922 2.49663
59 2.2932 1.52766 2.5955
60 2.3324 1.43381 2.6915
61 2.3716 1.40125 2.7885
62 2.4108 1.37527 2.88687
63 2.45 1.50759 2.99825
64 2.4892 1.4572 3.10938
65 2.5284 1.31228 3.21263
66 2.5676 1.36957 3.32375
67 2.6068 1.31823 3.434
68 2.646 1.33748 3.54925
69 2.6852 1.25505 3.66062
70 2.7244 1.26572 3.77625
71 2.7636 1.19284 3.88838
72 2.8028 1.19332 4.00375
73 2.842 1.2147 4.1245
74 2.8812 1.18799 4.24587
75 2.9204 1.14916 4.3665
76 2.9596 1.16994 4.49262
77 2.9988 1.15311 4.62025
78 3.038 1.16426 4.7525
79 3.0772 1.08652 4.87913
80 3.1164 1.13884 5.01525
81 3.1556 1.09338 5.14925
82 3.1948 0.988103 5.27337
83 3.234 1.05363 5.409
84 3.2732 1.0295 5.54475
85 3.3124 0.967322 5.67538
86 3.3516 1.00088 5.81375
87 3.3908 0.976993 5.952
88 3.43 0.969466 6.09238
89 3.4692 0.98228 6.23788
90 3.5084 0.967879 6.3845
91 3.5476 0.944186 6.53075
92 3.5868 0.95445 6.68187
93 3.626 0.942422 6.83437
94 3.6652 0.92464 6.98725
95 3.7044 0.893332 7.13813
96 3.7436 0.860952 7.28662
97 3.7828 0.892175 7.44375
98 3.822 0.922638 7.60962
99 3.8612 0.867894 7.76887
100 3.9004 0.899272 7.93725
2500 100
1 0.0196 0 0
2 0.0588 0 0
3 0.098 0 0
4 0.1372 0 0
5 0.1764 0 0
6 0.2156 0 0
7 0.2548 0 0
8 0.294 0 0
9 0.3332 0 0
10 0.3724 0 0
11 0.4116 0 0
12 0.4508 0 0
13 0.49 0 0
14 0.5292 0 0
15 0.5684 0 0
16 0.6076 0 0
17 0.6468 0 0
18 0.686 0 0
19 0.7252 0 0
20 0.7644 0 0
21 0.8036 0 0
22 0.8428 0 0
23 0.882 0 0
24 0.9212 0.0119666 0.000125
25 0.9604 0.495443 0.00575
26 0.9996 1.53467 0.024625
27 1.0388 2.62564 0.0595
28 1.078 4.01119 0.116875
29 1.1172 3.9869 0.178125
30 1.1564 3.93385 0.242875
31 1.1956 3.54516 0.30525
32 1.2348 3.27703 0.36675
33 1.274 2.84698 0.423625
34 1.3132 2.48522 0.476375
35 1.3524 2.29327 0.528
36 1.3916 2.32847 0.5835
37 1.4308 2.1183 0.636875
38 1.47 1.94104 0.6885
39 1.5092 1.98867 0.74425
40 1.5484 1.77065 0.7965
41 1.5876 1.75279 0.850875
42 1.6268 1.91495 0.91325
43 1.666 1.71246 0.97175
44 1.7052 1.66607 1.03138
45 1.7444 1.68549 1.0945
46 1.7836 1.8325 1.16625
47 1.8228 1.83095 1.24113
48 1.862 1.71659 1.31437
49 1.9012 1.7505 1.39225
50 1.9404 1.79918 1.47563
51 1.9796 1.66384 1.55587
52 2.0188 1.66215 1.63925
53 2.058 1.6474 1.72512
54 2.0972 1.71339 1.81787
55 2.1364 1.55541 1.90525
56 2.1756 1.5063 1.993
57 2.2148 1.42654 2.07912
58 2.254 1.41934 2.16787
59 2.2932 1.41758 2.25962
60 2.3324 1.42447 2.355
61 2.3716 1.38138 2.45063
62 2.4108 1.36653 2.54838
63 2.45 1.37222 2.64975
64 2.4892 1.22772 2.74338
65 2.5284 1.31545 2.84687
66 2.5676 1.35879 2.95712
67 2.6068 1.34812 3.06988
68 2.646 1.25915 3.17837
69 2.6852 1.31985 3.2955
70 2.7244 1.23151 3.408
71 2.7636 1.26597 3.527
72 2.8028 1.23598 3.6465
73 2.842 1.19961 3.76575
74 2.8812 1.22591 3.891
75 2.9204 1.26706 4.024
76 2.9596 1.13168 4.146
77 2.9988 1.15763 4.27412
78 3.038 1.15656 4.4055
79 3.0772 1.16482 4.54125
80 3.1164 1.11374 4.67437
81 3.1556 1.13418 4.81337
82 3.1948 1.0299 4.94275
83 3.234 1.08762 5.08275
84 3.2732 1.11766 5.23012
85 3.3124 1.03119 5.36937
86 3.3516 1.07502 5.518
87 3.3908 1.0512 5.66675
88 3.43 1.01263 5.81337
89 3.4692 1.02701 5.9655
90 3.5084 1.00006 6.117
91 3.5476 0.966782 6.26675
92 3.5868 1.00576 6.426
93 3.626 0.982591 6.585
94 3.6652 0.947321 6.74163
95 3.7044 0.986588 6.90825
96 3.7436 0.988501 7.07875
97 3.7828 0.973089 7.25012
98 3.822 1.01998 7.4335
99 3.8612 0.979617 7.61325
100 3.9004 0.991403 7.79887
3000 100
1 0.0196 0 0
2 0.0588 0 0
3 0.098 0 0
4 0.1372 0 0
5 0.1764 0 0
6 0.2156 0 0
7 0.2548 0 0
8 0.294 0 0
9 0.3332 0 0
10 0.3724 0 0
11 0.4116 0 0
12 0.4508 0 0
13 0.49 0 0
14 0.5292 0 0
15 0.5684 0 0
16 0.6076 0 0
17 0.6468 0 0
18 0.686 0 0
19 0.7252 0 0
20 0.7644 0 0
21 0.8036 0 0
22 0.8428 0 0
23 0.882 0 0
24 0.9212 0.0119666 0.000125
25 0.9604 0.495443 0.00575
26 0.9996 1.16879 0.020125
27 1.0388 2.46565 0.052875
28 1.078 3.35576 0.100875
29 1.1172 3.36039 0.1525
30 1.1564 3.42503 0.208875
31 1.1956 2.88444 0.259625
32 1.2348 2.89738 0.314
33 1.274 2.52786 0.3645
34 1.3132 2.21432 0.4115
35 1.3524 2.3488 0.464375
36 1.3916 2.04004 0.513
37 1.4308 1.74624 0.557
38 1.47 1.80475 0.605
39 1.5092 1.73005 0.6535
40 1.5484 1.76218 0.7055
41 1.5876 1.53118 0.753
42 1.6268 1.5734 0.80425
43 1.666 1.65392 0.86075
44 1.7052 1.62416 0.918875
45 1.7444 1.66213 0.981125
46 1.7836 1.79739 1.0515
47 1.8228 1.74842 1.123
48 1.862 1.76932 1.1985
49 1.9012 1.64654 1.27175
50 1.9404 1.6751 1.34938
51 1.9796 1.61201 1.42712
52 2.0188 1.66714 1.51075
53 2.058 1.59464 1.59387
54 2.0972 1.62795 1.682
55 2.1364 1.46418 1.76425
56 2.1756 1.46983 1.84988
57 2.2148 1.41826 1.9355
58 2.254 1.45332 2.02637
59 2.2932 1.46393 2.12113
60 2.3324 1.24711 2.20463
61 2.3716 1.47889 2.307
62 2.4108 1.2844 2.39887
63 2.45 1.27747 2.49325
64 2.4892 1.24083 2.58788
65 2.5284 1.22172 2.684
66 2.5676 1.23554 2.78425
67 2.6068 1.22108 2.88638
68 2.646 1.23159 2.9925
69 2.6852 1.29872 3.10775
70 2.7244 1.23425 3.2205
71 2.7636 1.15693 3.32925
72 2.8028 1.19849 3.44512
73 2.842 1.20464 3.56487
74 2.8812 1.18187 3.68562
75 2.9204 1.18965 3.8105
76 2.9596 1.17342 3.937
77 2.9988 1.20732 4.07062
78 3.038 1.15986 4.20237
79 3.0772 1.17554 4.33938
80 3.1164 1.14511 4.47625
81 3.1556 1.12806 4.6145
82 3.1948 1.1105 4.754
83 3.234 1.13229 4.89975
84 3.2732 1.13567 5.0495
85 3.3124 1.04508 5.19062
86 3.3516 1.10667 5.34362
87 3.3908 1.01763 5.48762
88 3.43 1.07824 5.64375
89 3.4692 1.10042 5.80675
90 3.5084 1.05039 5.96587
91 3.5476 1.06685 6.13112
92 3.5868 1.12734 6.30962
93 3.626 1.07065 6.48287
94 3.6652 1.05695 6.65763
95 3.7044 1.00731 6.82775
96 3.7436 1.08851 7.0155
97 3.7828 1.01071 7.1935
98 3.822 1.02415 7.37763
99 3.8612 0.957136 7.55325
100 3.9004 1.01877 7.744
3500 100
1 0.0196 0 0
2 0.0588 0 0
3 0.098 0 0
4 0.1372 0 0
5 0.1764 0 0
6 0.2156 0 0
7 0.2548 0 0
8 0.294 0 0
9 0.3332 0 0
10 0.3724 0 0
11 0.4116 0 0
12 0.4508 0 0
13 0.49 0 0
14 0.5292 0 0
15 0.5684 0 0
16 0.6076 0 0
17 0.6468 0 0
18 0.686 0 0
19 0.7252 0 0
20 0.7644 0 0
21 0.8036 0 0
22 0.8428 0 0
23 0.882 0 0
24 0.9212 0.0239333 0.00025
25 0.9604 0.418374 0.005
26 0.9996 1.20944 0.019875
27 1.0388 2.46565 0.052625
28 1.078 3.03242 0.096
29 1.1172 3.46616 0.14925
30 1.1564 2.94659 0.19775
31 1.1956 2.77787 0.246625
32 1.2348 2.65759 0.2965
33 1.274 2.30887 0.342625
34 1.3132 2.2202 0.38975
35 1.3524 2.16 0.438375
36 1.3916 1.79355 0.481125
37 1.4308 1.81073 0.52675
38 1.47 1.72015 0.5725
39 1.5092 1.44468 0.613
40 1.5484 1.5292 0.658125
41 1.5876 1.37 0.700625
42 1.6268 1.28942 0.742625
43 1.666 1.35387 0.788875
44 1.7052 1.44603 0.840625
45 1.7444 1.36174 0.891625
46 1.7836 1.55795 0.952625
47 1.8228 1.50389 1.01413
48 1.862 1.54376 1.08
49 1.9012 1.53977 1.1485
50 1.9404 1.49707 1.21788
51 1.9796 1.53167 1.29175
52 2.0188 1.6472 1.37438
53 2.058 1.43638 1.44925
54 2.0972 1.43399 1.52687
55 2.1364 1.41522 1.60638
56 2.1756 1.49128 1.69325
57 2.2148 1.42447 1.77925
58 2.254 1.40334 1.867
59 2.2932 1.40213 1.95775
60 2.3324 1.39273 2.051
61 2.3716 1.30013 2.141
62 2.4108 1.33333 2.23638
63 2.45 1.32316 2.33413
64 2.4892 1.21952 2.42713
65 2.5284 1.2948 2.529
66 2.5676 1.20011 2.62637
67 2.6068 1.26891 2.7325
68 2.646 1.23449 2.83887
69 2.6852 1.30717 2.95487
70 2.7244 1.21236 3.06562
71 2.7636 1.18619 3.17713
72 2.8028 1.21271 3.29438
73 2.842 1.1908 3.41275
74 2.8812 1.16107 3.53137
75 2.9204 1.19084 3.65637
76 2.9596 1.19777 3.7855
77 2.9988 1.11584 3.909
78 3.038 1.11694 4.03587
79 3.0772 1.14122 4.16888
80 3.1164 1.10014 4.30038
81 3.1556 1.1454 4.44075
82 3.1948 1.13239 4.583
83 3.234 1.11578 4.72663
84 3.2732 1.08258 4.86937
85 3.3124 1.09229 5.01688
86 3.3516 1.07141 5.165
87 3.3908 1.11656 5.323
88 3.43 1.06615 5.47737
89 3.4692 1.07173 5.63613
90 3.5084 1.04379 5.79425
91 3.5476 1.06846 5.95975
92 3.5868 0.975765 6.11425
93 3.626 1.13554 6.298
94 3.6652 1.09626 6.47925
95 3.7044 1.03618 6.65425
96 3.7436 1.05517 6.83625
97 3.7828 0.964571 7.00612
98 3.822 1.00885 7.1875
99 3.8612 0.982342 7.36775
100 3.9004 1.02612 7.55987
4000 100
1 0.0196 0 0
2 0.0588 0 0
3 0.098 0 0
4 0.1372 0 0
5 0.1764 0 0
6 0.2156 0 0
7 0.2548 0 0
8 0.294 0 0
9 0.3332 0 0
10 0.3724 0 0
11 0.4116 0 0
12 0.4508 0 0
13 0.49 0 0
14 0.5292 0 0
15 0.5684 0 0
16 0.6076 0 0
17 0.6468 0 0
18 0.686 0 0
19 0.7252 0 0
20 0.7644 0 0
21 0.8036 0 0
22 0.8428 0 0
23 0.882 0 0
24 0.9212 0.0717998 0.00075
25 0.9604 0.396354 0.00525
26 0.9996 0.975683 0.01725
27 1.0388 2.20215 0.0465
28 1.078 2.6916 0.085
29 1.1172 3.14884 0.133375
30 1.1564 2.8023 0.1795
31 1.1956 2.55052 0.224375
32 1.2348 2.41781 0.26975
33 1.274 2.40272 0.31775
34 1.3132 1.9493 0.359125
35 1.3524 2.03784 0.405
36 1.3916 1.5628 0.44225
37 1.4308 1.73632 0.486
38 1.47 1.54156 0.527
39 1.5092 1.48481 0.568625
40 1.5484 1.39788 0.609875
41 1.5876 1.34582 0.651625
42 1.6268 1.512 0.700875
43 1.666 1.35753 0.74725
44 1.7052 1.32378 0.794625
45 1.7444 1.37176 0.846
46 1.7836 1.33128 0.898125
47 1.8228 1.47944 0.958625
48 1.862 1.43245 1.01975
49 1.9012 1.52572 1.08763
50 1.9404 1.31904 1.14875
51 1.9796 1.43837 1.21813
52 2.0188 1.49519 1.29313
53 2.058 1.49872 1.37125
54 2.0972 1.40859 1.4475
55 2.1364 1.30396 1.52075
56 2.1756 1.34967 1.59937
57 2.2148 1.25883 1.67538
58 2.254 1.29339 1.75625
59 2.2932 1.29204 1.83987
60 2.3324 1.34233 1.92975
61 2.3716 1.27304 2.01788
62 2.4108 1.27042 2.10875
63 2.45 1.31131 2.20562
64 2.4892 1.19002 2.29638
65 2.5284 1.21695 2.39213
66 2.5676 1.26327 2.49463
67 2.6068 1.20464 2.59537
68 2.646 1.17211 2.69637
69 2.6852 1.18744 2.80175
70 2.7244 1.16994 2.90862
71 2.7636 1.19018 3.0205
72 2.8028 1.14031 3.13075
73 2.842 1.0965 3.23975
74 2.8812 1.13048 3.35525
75 2.9204 1.1575 3.47675
76 2.9596 1.14675 3.60037
77 2.9988 1.1565 3.72837
78 3.038 1.10924 3.85438
79 3.0772 1.16589 3.99025
80 3.1164 1.15243 4.128
81 3.1556 1.1454 4.26838
82 3.1948 1.12244 4.40937
83 3.234 1.09054 4.54975
84 3.2732 1.09586 4.69425
85 3.3124 1.10525 4.8435
86 3.3516 1.10938 4.99687
87 3.3908 1.06003 5.14688
88 3.43 1.04457 5.29812
89 3.4692 1.08777 5.45925
90 3.5084 1.06442 5.6205
91 3.5476 1.02247 5.77887
92 3.5868 1.08155 5.95012
93 3.626 1.09615 6.1275
94 3.6652 1.06526 6.30362
95 3.7044 1.068 6.484
96 3.7436 1.09503 6.67288
97 3.7828 1.01851 6.85225
98 3.822 1.08394 7.04712
99 3.8612 1.06 7.24162
100 3.9004 0.994073 7.42775
4500 100
1 0.0196 0 0
2 0.0588 0 0
3 0.098 0 0
4 0.1372 0 0
5 0.1764 0 0
6 0.2156 0 0
7 0.2548 0 0
8 0.294 0 0
9 0.3332 0 0
10 0.3724 0 0
11 0.4116 0 0
12 0.4508 0 0
13 0.49 0 0
14 0.5292 0 0
15 0.5684 0 0
16 0.6076 0 0
17 0.6468 0 0
18 0.686 0 0
19 0.7252 0 0
20 0.7644 0 0
21 0.8036 0 0
22 0.8428 0 0
23 0.882 0 0
24 0.9212 0.0358999 0.000375
25 0.9604 0.363325 0.0045
26 0.9996 1.28058 0.02025
27 1.0388 2.07039 0.04775
28 1.078 2.70034 0.086375
29 1.1172 2.92101 0.13125
30 1.1564 2.81749 0.177625
31 1.1956 2.55763 0.222625
32 1.2348 2.49774 0.2695
33 1.274 2.05233 0.3105
34 1.3132 1.87275 0.35025
35 1.3524 1.92679 0.393625
36 1.3916 1.76733 0.43575
37 1.4308 1.48827 0.47325
38 1.47 1.62145 0.516375
39 1.5092 1.48481 0.558
40 1.5484 1.36823 0.598375
41 1.5876 1.28538 0.63825
42 1.6268 1.34315 0.682
43 1.666 1.36119 0.7285
44 1.7052 1.30981 0.775375
45 1.7444 1.31168 0.8245
46 1.7836 1.48771 0.88275
47 1.8228 1.41525 0.940625
48 1.862 1.43538 1.00187
49 1.9012 1.33746 1.06137
50 1.9404 1.36759 1.12475
51 1.9796 1.37098 1.19088
52 2.0188 1.44286 1.26325
53 2.058 1.25893 1.32888
54 2.0972 1.32315 1.4005
55 2.1364 1.31732 1.4745
56 2.1756 1.26598 1.54825
57 2.2148 1.25883 1.62425
58 2.254 1.29939 1.7055
59 2.2932 1.27466 1.788
60 2.3324 1.22658 1.87013
61 2.3716 1.21526 1.95425
62 2.4108 1.25644 2.04413
63 2.45 1.23009 2.135
64 2.4892 1.15396 2.223
65 2.5284 1.18995 2.31663
66 2.5676 1.22167 2.41575
67 2.6068 1.21361 2.51725
68 2.646 1.12859 2.6145
69 2.6852 1.18744 2.71988
70 2.7244 1.13025 2.82313
71 2.7636 1.11039 2.9275
72 2.8028 1.11962 3.03575
73 2.842 1.14302 3.14938
74 2.8812 1.08154 3.25987
75 2.9204 1.14678 3.38025
76 2.9596 1.11197 3.50012
77 2.9988 1.13956 3.62625
78 3.038 1.07292 3.74812
79 3.0772 1.07258 3.87312
80 3.1164 1.05518 3.99925
81 3.1556 1.08828 4.13262
82 3.1948 1.09159 4.26975
83 3.234 1.1119 4.41288
84 3.2732 1.06647 4.5535
85 3.3124 1.11543 4.70412
86 3.3516 1.0262 4.846
87 3.3908 1.07681 4.99838
88 3.43 1.06443 5.1525
89 3.4692 1.08017 5.3125
90 3.5084 1.13373 5.48425
91 3.5476 1.06846 5.64975
92 3.5868 1.03182 5.81313
93 3.626 1.06216 5.985
94 3.6652 1.02293 6.15413
95 3.7044 1.08503 6.33738
96 3.7436 1.01387 6.51225
97 3.7828 1.00077 6.6885
98 3.822 1.03249 6.87413
99 3.8612 0.989835 7.05575
100 3.9004 1.05616 7.2535
5000 100
1 0.0196 0 0
2 0.0588 0 0
3 0.098 0 0
4 0.1372 0 0
5 0.1764 0 0
6 0.2156 0 0
7 0.2548 0 0
8 0.294 0 0
9 0.3332 0 0
10 0.3724 0 0
11 0.4116 0 0
12 0.4508 0 0
13 0.49 0 0
14 0.5292 0 0
15 0.5684 0 0
16 0.6076 0 0
17 0.6468 0 0
18 0.686 0 0
19 0.7252 0 0
20 0.7644 0 0
21 0.8036 0 0
22 0.8428 0 0
23 0.882 0 0
24 0.9212 0.0239333 0.00025
25 0.9604 0.286256 0.0035
26 0.9996 0.914703 0.01475
27 1.0388 2.39977 0.046625
28 1.078 2.63917 0.084375
29 1.1172 3.06747 0.1315
30 1.1564 2.76433 0.177
31 1.1956 2.60026 0.22275
32 1.2348 2.52438 0.270125
33 1.274 2.18998 0.313875
34 1.3132 1.89041 0.354
35 1.3524 1.66581 0.3915
36 1.3916 1.69916 0.432
37 1.4308 1.58749 0.472
38 1.47 1.45226 0.510625
39 1.5092 1.39118 0.549625
40 1.5484 1.24962 0.5865
41 1.5876 1.21688 0.62425
42 1.6268 1.3278 0.6675
43 1.666 1.22214 0.70925
44 1.7052 1.22598 0.753125
45 1.7444 1.30167 0.801875
46 1.7836 1.45579 0.858875
47 1.8228 1.33577 0.9135
48 1.862 1.37679 0.97225
49 1.9012 1.28127 1.02925
50 1.9404 1.33522 1.09112
51 1.9796 1.32693 1.15512
52 2.0188 1.47525 1.22912
53 2.058 1.37643 1.30088
54 2.0972 1.37857 1.3755
55 2.1364 1.21941 1.444
56 2.1756 1.22736 1.5155
57 2.2148 1.19465 1.58762
58 2.254 1.23342 1.66475
59 2.2932 1.24569 1.74537
60 2.3324 1.16497 1.82338
61 2.3716 1.24776 1.90975
62 2.4108 1.22149 1.99713
63 2.45 1.19287 2.08525
64 2.4892 1.19494 2.17637
65 2.5284 1.19789 2.27062
66 2.5676 1.17392 2.36587
67 2.6068 1.09703 2.45762
68 2.646 1.11409 2.55362
69 2.6852 1.11842 2.65287
70 2.7244 1.10973 2.75425
71 2.7636 1.11837 2.85937
72 2.8028 1.18297 2.97375
73 2.842 1.11033 3.08412
74 2.8812 1.11825 3.19837
75 2.9204 1.11344 3.31525
76 2.9596 1.07718 3.43138
77 2.9988 1.04808 3.54737
78 3.038 1.11584 3.67412
79 3.0772 1.07901 3.79988
80 3.1164 1.08864 3.93
81 3.1556 1.09644 4.06438
82 3.1948 1.00502 4.19062
83 3.234 1.07791 4.32937
84 3.2732 1.05414 4.46837
85 3.3124 1.04045 4.60887
86 3.3516 1.01897 4.74975
87 3.3908 1.0989 4.90525
88 3.43 1.02472 5.05363
89 3.4692 1.07089 5.21225
90 3.5084 1.05122 5.3715
91 3.5476 1.04668 5.53362
92 3.5868 1.05945 5.70138
93 3.626 1.09537 5.87863
94 3.6652 1.05619 6.05325
95 3.7044 1.03322 6.22775
96 3.7436 1.07257 6.41275
97 3.7828 1.03697 6.59537
98 3.822 1.05127 6.78437
99 3.8612 1.03548 6.97438
100 3.9004 1.03346 7.16788
5500 100
1 0.0196 0 0
2 0.0588 0 0
3 0.098 0 0
4 0.1372 0 0
5 0.1764 0 0
6 0.2156 0 0
7 0.2548 0 0
8 0.294 0 0
9 0.3332 0 0
10 0.3724 0 0
11 0.4116 0 0
12 0.4508 0 0
13 0.49 0 0
14 0.5292 0 0
15 0.5684 0 0
16 0.6076 0 0
17 0.6468 0 0
18 0.686 0 0
19 0.7252 0 0
20 0.7644 0 0
21 0.8036 0 0
22 0.8428 0 0
23 0.882 0 0
24 0.9212 0.0119666 0.000125
25 0.9604 0.363325 0.00425
26 0.9996 0.935029 0.01575
27 1.0388 1.91041 0.041125
28 1.078 2.92755 0.083
29 1.1172 3.01865 0.129375
30 1.1564 2.61244 0.172375
31 1.1956 2.60736 0.21825
32 1.2348 2.34454 0.26225
33 1.274 2.05858 0.303375
34 1.3132 1.91986 0.344125
35 1.3524 1.74355 0.383375
36 1.3916 1.67818 0.423375
37 1.4308 1.50811 0.461375
38 1.47 1.27836 0.495375
39 1.5092 1.35551 0.533375
40 1.5484 1.38094 0.574125
41 1.5876 1.32165 0.615125
42 1.6268 1.22418 0.655
43 1.666 1.23312 0.697125
44 1.7052 1.25392 0.742
45 1.7444 1.24826 0.78875
46 1.7836 1.32809 0.84075
47 1.8228 1.44887 0.9
48 1.862 1.35043 0.957625
49 1.9012 1.36556 1.01838
50 1.9404 1.38647 1.08262
51 1.9796 1.36062 1.14825
52 2.0188 1.36062 1.2165
53 2.058 1.26372 1.28237
54 2.0972 1.34624 1.35525
55 2.1364 1.39742 1.43375
56 2.1756 1.23809 1.50588
57 2.2148 1.26712 1.58238
58 2.254 1.35337 1.667
59 2.2932 1.19355 1.74425
60 2.3324 1.21724 1.82575
61 2.3716 1.20803 1.90938
62 2.4108 1.20227 1.99537
63 2.45 1.22333 2.08575
64 2.4892 1.19002 2.1765
65 2.5284 1.18518 2.26975
66 2.5676 1.177 2.36525
67 2.6068 1.1598 2.46225
68 2.646 1.14745 2.56113
69 2.6852 1.21702 2.66912
70 2.7244 1.11383 2.77088
71 2.7636 1.13299 2.87738
72 2.8028 1.08213 2.982
73 2.842 1.03237 3.08462
74 2.8812 1.12314 3.19938
75 2.9204 1.09796 3.31463
76 2.9596 1.0911 3.43225
77 2.9988 1.11471 3.55563
78 3.038 1.13455 3.6845
79 3.0772 1.07687 3.81
80 3.1164 1.10537 3.94212
81 3.1556 1.10052 4.077
82 3.1948 1.1105 4.2165
83 3.234 1.03324 4.3495
84 3.2732 1.05225 4.48825
85 3.3124 1.046 4.6295
86 3.3516 1.10576 4.78238
87 3.3908 1.00791 4.925
88 3.43 1.07824 5.08113
89 3.4692 1.03291 5.23413
90 3.5084 1.04132 5.39188
91 3.5476 1.04183 5.55325
92 3.5868 1.01919 5.71462
93 3.626 1.07915 5.88925
94 3.6652 1.06375 6.06513
95 3.7044 1.03248 6.2395
96 3.7436 1.07474 6.42488
97 3.7828 1.03413 6.607
98 3.822 1.03388 6.79288
99 3.8612 1.0457 6.98475
100 3.9004 1.04147 7.17975
6000 100
1 0.0196 0 0
2 0.0588 0 0
3 0.098 0 0
4 0.1372 0 0
5 0.1764 0 0
6 0.2156 0 0
7 0.2548 0 0
8 0.294 0 0
9 0.3332 0 0
10 0.3724 0 0
11 0.4116 0 0
12 0.4508 0 0
13 0.49 0 0
14 0.5292 0 0
15 0.5684 0 0
16 0.6076 0 0
17 0.6468 0 0
18 0.686 0 0
19 0.7252 0 0
20 0.7644 0 0
21 0.8036 0 0
22 0.8428 0 0
23 0.882 0 0
24 0.9212 0.0239333 0.00025
25 0.9604 0.275246 0.003375
26 0.9996 0.904539 0.0145
27 1.0388 2.04216 0.041625
28 1.078 2.39448 0.075875
29 1.1172 2.63624 0.116375
30 1.1564 2.50612 0.157625
31 1.1956 2.16688 0.19575
32 1.2348 2.35787 0.24
33 1.274 2.07735 0.2815
34 1.3132 1.97875 0.3235
35 1.3524 1.59918 0.3595
36 1.3916 1.64671 0.39875
37 1.4308 1.50315 0.436625
38 1.47 1.46636 0.475625
39 1.5092 1.31538 0.5125
40 1.5484 1.26656 0.549875
41 1.5876 1.3015 0.59025
42 1.6268 1.25872 0.63125
43 1.666 1.23312 0.673375
44 1.7052 1.2155 0.716875
45 1.7444 1.43851 0.77075
46 1.7836 1.34405 0.823375
47 1.8228 1.3266 0.877625
48 1.862 1.32699 0.93425
49 1.9012 1.32903 0.993375
50 1.9404 1.31364 1.05425
51 1.9796 1.23103 1.11362
52 2.0188 1.41545 1.18463
53 2.058 1.20617 1.2475
54 2.0972 1.33469 1.31975
55 2.1364 1.28616 1.392
56 2.1756 1.25525 1.46513
57 2.2148 1.16152 1.53525
58 2.254 1.23342 1.61238
59 2.2932 1.14333 1.68638
60 2.3324 1.18737 1.76588
61 2.3716 1.17553 1.84725
62 2.4108 1.20926 1.93375
63 2.45 1.20302 2.02263
64 2.4892 1.14412 2.10988
65 2.5284 1.08668 2.19537
66 2.5676 1.12154 2.28638
67 2.6068 1.13888 2.38162
68 2.646 1.20838 2.48575
69 2.6852 1.13532 2.5865
70 2.7244 1.09468 2.6865
71 2.7636 1.13432 2.79312
72 2.8028 1.1248 2.90187
73 2.842 1.13296 3.0145
74 2.8812 1.12314 3.12925
75 2.9204 1.0789 3.2425
76 2.9596 1.11776 3.363
77 2.9988 1.17118 3.49263
78 3.038 1.13785 3.62188
79 3.0772 1.08116 3.74788
80 3.1164 1.12315 3.88212
81 3.1556 1.0332 4.00875
82 3.1948 1.13139 4.15088
83 3.234 1.1051 4.29312
84 3.2732 1.08258 4.43588
85 3.3124 1.09136 4.58325
86 3.3516 1.07322 4.73162
87 3.3908 1.03706 4.87838
88 3.43 1.06702 5.03287
89 3.4692 0.987343 5.17912
90 3.5084 1.01986 5.33362
91 3.5476 1.04264 5.49512
92 3.5868 1.00655 5.6545
93 3.626 1.02122 5.81975
94 3.6652 1.04561 5.99262
95 3.7044 1.04876 6.16975
96 3.7436 1.03488 6.34825
97 3.7828 1.08665 6.53962
98 3.822 1.02276 6.7235
99 3.8612 0.997329 6.9065
100 3.9004 1.08487 7.10962
6500 100
1 0.0196 0 0
2 0.0588 0 0
3 0.098 0 0
4 0.1372 0 0
5 0.1764 0 0
6 0.2156 0 0
7 0.2548 0 0
8 0.294 0 0
9 0.3332 0 0
10 0.3724 0 0
11 0.4116 0 0
12 0.4508 0 0
13 0.49 0 0
14 0.5292 0 0
15 0.5684 0 0
16 0.6076 0 0
17 0.6468 0 0
18 0.686 0 0
19 0.7252 0 0
20 0.7644 0 0
21 0.8036 0 0
22 0.8428 0 0
23 0.882 0 0
24 0.9212 0.0598332 0.000625
25 0.9604 0.319285 0.00425
26 0.9996 0.894376 0.01525
27 1.0388 1.69396 0.03775
28 1.078 2.21096 0.069375
29 1.1172 2.58742 0.109125
30 1.1564 2.50612 0.150375
31 1.1956 2.28766 0.190625
32 1.2348 2.25796 0.233
33 1.274 2.1149 0.27525
34 1.3132 1.8433 0.314375
35 1.3524 1.63805 0.35125
36 1.3916 1.59951 0.389375
37 1.4308 1.56268 0.42875
38 1.47 1.34416 0.4645
39 1.5092 1.11918 0.495875
40 1.5484 1.11407 0.52875
41 1.5876 1.24912 0.5675
42 1.6268 1.28175 0.60925
43 1.666 1.21482 0.65075
44 1.7052 1.14914 0.691875
45 1.7444 1.22156 0.737625
46 1.7836 1.31851 0.78925
47 1.8228 1.25935 0.84075
48 1.862 1.32699 0.897375
49 1.9012 1.2054 0.951
50 1.9404 1.26509 1.00962
51 1.9796 1.3347 1.074
52 2.0188 1.29583 1.139
53 2.058 1.28531 1.206
54 2.0972 1.32546 1.27775
55 2.1364 1.27504 1.34938
56 2.1756 1.32177 1.42638
57 2.2148 1.15324 1.496
58 2.254 1.23742 1.57338
59 2.2932 1.10664 1.645
60 2.3324 1.18177 1.72413
61 2.3716 1.2604 1.81138
62 2.4108 1.16557 1.89475
63 2.45 1.20133 1.9835
64 2.4892 1.17691 2.07325
65 2.5284 1.04537 2.1555
66 2.5676 1.11692 2.24613
67 2.6068 1.0761 2.33613
68 2.646 1.13585 2.434
69 2.6852 1.13391 2.53462
70 2.7244 1.07963 2.63325
71 2.7636 1.06783 2.73362
72 2.8028 1.04464 2.83462
73 2.842 1.06254 2.94025
74 2.8812 1.05218 3.04775
75 2.9204 1.10034 3.16325
76 2.9596 1.09457 3.28125
77 2.9988 1.06953 3.39963
78 3.038 1.0014 3.51337
79 3.0772 1.03611 3.63413
80 3.1164 1.1106 3.76687
81 3.1556 1.08012 3.89925
82 3.1948 1.06472 4.033
83 3.234 1.04004 4.16687
84 3.2732 1.09491 4.31125
85 3.3124 1.09229 4.45875
86 3.3516 1.08587 4.60888
87 3.3908 1.03618 4.7555
88 3.43 1.0886 4.91312
89 3.4692 1.04895 5.0685
90 3.5084 1.09165 5.23388
91 3.5476 1.05636 5.3975
92 3.5868 1.0555 5.56462
93 3.626 1.03357 5.73188
94 3.6652 1.05165 5.90575
95 3.7044 1.02433 6.07875
96 3.7436 1.00444 6.252
97 3.7828 1.03271 6.43388
98 3.822 1.04501 6.62175
99 3.8612 1.04978 6.81438
100 3.9004 0.998746 7.00138
7000 100
1 0.0196 0 0
2 0.0588 0 0
3 0.098 0 0
4 0.1372 0 0
5 0.1764 0 0
6 0.2156 0 0
7 0.2548 0 0
8 0.294 0 0
9 0.3332 0 0
10 0.3724 0 0
11 0.4116 0 0
12 0.4508 0 0
13 0.49 0 0
14 0.5292 0 0
15 0.5684 0 0
16 0.6076 0 0
17 0.6468 0 0
18 0.686 0 0
19 0.7252 0 0
20 0.7644 0 0
21 0.8036 0 0
22 0.8428 0 0
23 0.882 0 0
24 0.9212 0.0239333 0.00025
25 0.9604 0.209187 0.002625
26 0.9996 1.04683 0.0155
27 1.0388 1.63749 0.03725
28 1.078 2.27213 0.06975
29 1.1172 2.8071 0.112875
30 1.1564 2.56687 0.155125
31 1.1956 2.42264 0.19775
32 1.2348 2.21799 0.239375
33 1.274 1.98975 0.279125
34 1.3132 1.80208 0.317375
35 1.3524 1.52699 0.35175
36 1.3916 1.31632 0.383125
37 1.4308 1.50811 0.421125
38 1.47 1.36296 0.457375
39 1.5092 1.34659 0.495125
40 1.5484 1.28774 0.533125
41 1.5876 1.07988 0.566625
42 1.6268 1.19348 0.6055
43 1.666 1.19653 0.646375
44 1.7052 1.22249 0.690125
45 1.7444 1.29833 0.73875
46 1.7836 1.19081 0.785375
47 1.8228 1.2563 0.83675
48 1.862 1.25669 0.890375
49 1.9012 1.23069 0.945125
50 1.9404 1.257 1.00337
51 1.9796 1.2103 1.06175
52 2.0188 1.38804 1.13138
53 2.058 1.23255 1.19563
54 2.0972 1.19614 1.26037
55 2.1364 1.16823 1.326
56 2.1756 1.21234 1.39663
57 2.2148 1.17188 1.46738
58 2.254 1.12347 1.53763
59 2.2932 1.19741 1.61513
60 2.3324 1.21537 1.6965
61 2.3716 1.17372 1.77775
62 2.4108 1.17606 1.86187
63 2.45 1.15226 1.947
64 2.4892 1.05397 2.02738
65 2.5284 1.03743 2.109
66 2.5676 1.11075 2.19913
67 2.6068 1.02828 2.28513
68 2.646 1.13004 2.3825
69 2.6852 1.01278 2.47238
70 2.7244 1.09878 2.57275
71 2.7636 1.03858 2.67038
72 2.8028 1.07437 2.77425
73 2.842 1.04117 2.87775
74 2.8812 1.07053 2.98713
75 2.9204 1.08724 3.10125
76 2.9596 1.05051 3.2145
77 2.9988 1.03565 3.32912
78 3.038 1.0212 3.44512
79 3.0772 1.05756 3.56838
80 3.1164 1.08864 3.6985
81 3.1556 1.10052 3.83338
82 3.1948 1.0488 3.96512
83 3.234 1.04489 4.09963
84 3.2732 1.05509 4.23875
85 3.3124 1.05896 4.38175
86 3.3516 1.03524 4.52487
87 3.3908 1.03883 4.67188
88 3.43 1.04284 4.82288
89 3.4692 1.03798 4.97663
90 3.5084 0.997583 5.12775
91 3.5476 0.985343 5.28038
92 3.5868 1.06418 5.44888
93 3.626 1.09383 5.62588
94 3.6652 1.03956 5.79775
95 3.7044 1.05246 5.9755
96 3.7436 1.07039 6.16013
97 3.7828 1.10156 6.35413
98 3.822 1.01581 6.53675
99 3.8612 1.03684 6.727
100 3.9004 1.07552 6.92838
7500 100
1 0.0196 0 0
2 0.0588 0 0
3 0.098 0 0
4 0.1372 0 0
5 0.1764 0 0
6 0.2156 0 0
7 0.2548 0 0
8 0.294 0 0
9 0.3332 0 0
10 0.3724 0 0
11 0.4116 0 0
12 0.4508 0 0
13 0.49 0 0
14 0.5292 0 0
15 0.5684 0 0
16 0.6076 0 0
17 0.6468 0 0
18 0.686 0 0
19 0.7252 0 0
20 0.7644 0 0
21 0.8036 0 0
22 0.8428 0 0
23 0.882 0 0
24 0.9212 0.0119666 0.000125
25 0.9604 0.198177 0.002375
26 0.9996 0.853723 0.012875
27 1.0388 1.78807 0.036625
28 1.078 2.68286 0.075
29 1.1172 2.59555 0.114875
30 1.1564 2.58966 0.1575
31 1.1956 2.18819 0.196
32 1.2348 2.27128 0.238625
33 1.274 2.03355 0.27925
34 1.3132 1.7373 0.316125
35 1.3524 1.72134 0.354875
36 1.3916 1.49463 0.3905
37 1.4308 1.4089 0.426
38 1.47 1.45226 0.464625
39 1.5092 1.35105 0.5025
40 1.5484 1.20726 0.538125
41 1.5876 1.28538 0.578
42 1.6268 1.16278 0.615875
43 1.666 1.13432 0.654625
44 1.7052 1.07229 0.693
45 1.7444 1.16816 0.73675
46 1.7836 1.31532 0.78825
47 1.8228 1.15848 0.835625
48 1.862 1.18931 0.886375
49 1.9012 1.21102 0.94025
50 1.9404 1.21384 0.9965
51 1.9796 1.19475 1.05412
52 2.0188 1.23602 1.11612
53 2.058 1.21816 1.17963
54 2.0972 1.15458 1.24212
55 2.1364 1.19493 1.30925
56 2.1756 1.09003 1.37275
57 2.2148 1.21121 1.44588
58 2.254 1.12947 1.5165
59 2.2932 1.19548 1.59388
60 2.3324 1.1911 1.67363
61 2.3716 1.08524 1.74875
62 2.4108 1.07645 1.82575
63 2.45 1.15226 1.91088
64 2.4892 1.04577 1.99063
65 2.5284 1.10257 2.07737
66 2.5676 1.12616 2.16875
67 2.6068 1.11347 2.26187
68 2.646 1.08943 2.35575
69 2.6852 1.04236 2.44825
70 2.7244 1.07963 2.54688
71 2.7636 1.0439 2.645
72 2.8028 1.12092 2.75337
73 2.842 1.07135 2.85987
74 2.8812 1.00691 2.96275
75 2.9204 1.00864 3.06862
76 2.9596 1.00645 3.17712
77 2.9988 0.988217 3.2865
78 3.038 1.04541 3.40525
79 3.0772 1.02538 3.52475
80 3.1164 1.0604 3.6515
81 3.1556 1.00974 3.77525
82 3.1948 1.08562 3.91162
83 3.234 1.00994 4.04162
84 3.2732 1.01149 4.175
85 3.3124 0.97843 4.30713
86 3.3516 1.05152 4.4525
87 3.3908 1.06886 4.60375
88 3.43 1.05925 4.75713
89 3.4692 1.05232 4.913
90 3.5084 1.0834 5.07712
91 3.5476 1.04264 5.23862
92 3.5868 1.06182 5.40675
93 3.626 1.03512 5.57425
94 3.6652 1.05997 5.7495
95 3.7044 1.08725 5.93312
96 3.7436 1.05228 6.11462
97 3.7828 1.01567 6.2935
98 3.822 0.999814 6.47325
99 3.8612 1.0239 6.66113
100 3.9004 1.00342 6.849
8000 100
1 0.0196 0 0
2 0.0588 0 0
3 0.098 0 0
4 0.1372 0 0
5 0.1764 0 0
6 0.2156 0 0
7 0.2548 0 0
8 0.294 0 0
9 0.3332 0 0
10 0.3724 0 0
11 0.4116 0 0
12 0.4508 0 0
13 0.49 0 0
14 0.5292 0 0
15 0.5684 0 0
16 0.6076 0 0
17 0.6468 0 0
18 0.686 0 0
19 0.7252 0 0
20 0.7644 0 0
21 0.8036 0 0
22 0.8428 0 0
23 0.882 0 0
24 0.9212 0.0358999 0.000375
25 0.9604 0.220197 0.002875
26 0.9996 1.09764 0.016375
27 1.0388 1.74101 0.0395
28 1.078 2.25465 0.07175
29 1.1172 2.48164 0.109875
30 1.1564 2.54409 0.15175
31 1.1956 2.25213 0.191375
32 1.2348 1.83834 0.225875
33 1.274 1.82081 0.26225
34 1.3132 1.74907 0.299375
35 1.3524 1.53255 0.333875
36 1.3916 1.58378 0.371625
37 1.4308 1.33448 0.40525
38 1.47 1.27836 0.43925
39 1.5092 1.29754 0.475625
40 1.5484 1.04629 0.5065
41 1.5876 1.19271 0.5435
42 1.6268 1.06684 0.57825
43 1.666 1.0648 0.614625
44 1.7052 1.18057 0.656875
45 1.7444 1.1715 0.70075
46 1.7836 1.21316 0.74825
47 1.8228 1.19822 0.79725
48 1.862 1.10729 0.8445
49 1.9012 1.27003 0.901
50 1.9404 1.24621 0.95875
51 1.9796 1.29583 1.02125
52 2.0188 1.19615 1.08125
53 2.058 1.25413 1.14663
54 2.0972 1.23771 1.21362
55 2.1364 1.19271 1.28063
56 2.1756 1.23809 1.35275
57 2.2148 1.19051 1.42463
58 2.254 1.12347 1.49487
59 2.2932 1.16458 1.57025
60 2.3324 1.13323 1.64613
61 2.3716 1.16108 1.7265
62 2.4108 1.14286 1.80825
63 2.45 1.12688 1.8915
64 2.4892 1.16543 1.98037
65 2.5284 1.11369 2.068
66 2.5676 1.1354 2.16013
67 2.6068 1.11197 2.25312
68 2.646 1.08072 2.34625
69 2.6852 1.10433 2.44425
70 2.7244 1.1152 2.54612
71 2.7636 1.09576 2.64913
72 2.8028 1.10928 2.75638
73 2.842 1.03865 2.85963
74 2.8812 1.11091 2.97313
75 2.9204 1.03841 3.08213
76 2.9596 1.07602 3.19813
77 2.9988 1.07405 3.317
78 3.038 1.06962 3.4385
79 3.0772 1.00929 3.55613
80 3.1164 1.03531 3.67988
81 3.1556 1.00464 3.803
82 3.1948 1.04184 3.93387
83 3.234 1.04004 4.06775
84 3.2732 1.01433 4.2015
85 3.3124 1.01731 4.33887
86 3.3516 0.999076 4.477
87 3.3908 1.02381 4.62187
88 3.43 0.94702 4.759
89 3.4692 1.02279 4.9105
90 3.5084 1.02976 5.0665
91 3.5476 0.969203 5.21663
92 3.5868 1.03261 5.38013
93 3.626 1.00422 5.54263
94 3.6652 1.00932 5.7095
95 3.7044 1.00509 5.87925
96 3.7436 1.01966 6.05513
97 3.7828 1.05116 6.24025
98 3.822 0.958793 6.41263
99 3.8612 0.98711 6.59375
100 3.9004 1.05416 6.79112
8500 100
1 0.0196 0 0
2 0.0588 0 0
3 0.098 0 0
4 0.1372 0 0
5 0.1764 0 0
6 0.2156 0 0
7 0.2548 0 0
8 0.294 0 0
9 0.3332 0 0
10 0.3724 0 0
11 0.4116 0 0
12 0.4508 0 0
13 0.49 0 0
14 0.5292 0 0
15 0.5684 0 0
16 0.6076 0 0
17 0.6468 0 0
18 0.686 0 0
19 0.7252 0 0
20 0.7644 0 0
21 0.8036 0 0
22 0.8428 0 0
23 0.882 0 0
24 0.9212 0.0478666 0.0005
25 0.9604 0.352315 0.0045
26 0.9996 1.10781 0.018125
27 1.0388 1.77866 0.04175
28 1.078 2.23718 0.07375
29 1.1172 2.6281 0.114125
30 1.1564 2.52131 0.155625
31 1.1956 2.15267 0.1935
32 1.2348 2.1314 0.2335
33 1.274 2.00853 0.273625
34 1.3132 1.6254 0.308125
35 1.3524 1.74355 0.347375
36 1.3916 1.43694 0.381625
37 1.4308 1.44858 0.418125
38 1.47 1.37706 0.45475
39 1.5092 1.27079 0.490375
40 1.5484 1.21573 0.52625
41 1.5876 1.15644 0.562125
42 1.6268 1.16662 0.600125
43 1.666 1.13067 0.63875
44 1.7052 1.22598 0.682625
45 1.7444 1.20154 0.727625
46 1.7836 1.29935 0.7785
47 1.8228 1.19822 0.8275
48 1.862 1.21568 0.879375
49 1.9012 1.38523 0.941
50 1.9404 1.28937 1.00075
51 1.9796 1.23363 1.06025
52 2.0188 1.19615 1.12025
53 2.058 1.20857 1.18325
54 2.0972 1.22385 1.2495
55 2.1364 1.1215 1.3125
56 2.1756 1.22951 1.38413
57 2.2148 1.26505 1.4605
58 2.254 1.11148 1.53
59 2.2932 1.12402 1.60275
60 2.3324 1.1911 1.6825
61 2.3716 1.0401 1.7545
62 2.4108 1.10441 1.8335
63 2.45 1.07612 1.913
64 2.4892 1.03102 1.99163
65 2.5284 1.07874 2.0765
66 2.5676 1.07224 2.1635
67 2.6068 1.11347 2.25663
68 2.646 1.07202 2.349
69 2.6852 1.0494 2.44213
70 2.7244 1.07005 2.53988
71 2.7636 1.10507 2.64375
72 2.8028 1.0511 2.74538
73 2.842 1.08769 2.8535
74 2.8812 1.03261 2.959
75 2.9204 1.03722 3.06788
76 2.9596 1.07602 3.18388
77 2.9988 1.02436 3.29725
78 3.038 1.06632 3.41838
79 3.0772 1.03396 3.53887
80 3.1164 1.00289 3.65875
81 3.1556 1.00566 3.782
82 3.1948 1.06373 3.91562
83 3.234 1.02353 4.04737
84 3.2732 1.0276 4.18288
85 3.3124 1.02194 4.32087
86 3.3516 0.987322 4.45737
87 3.3908 1.00879 4.60013
88 3.43 0.990184 4.7435
89 3.4692 1.00928 4.893
90 3.5084 1.06442 5.05425
91 3.5476 1.0265 5.21325
92 3.5868 1.04445 5.37863
93 3.626 0.989544 5.53875
94 3.6652 1.02444 5.70812
95 3.7044 1.04062 5.88387
96 3.7436 0.976181 6.05225
97 3.7828 1.05542 6.23812
98 3.822 1.01998 6.4215
99 3.8612 1.03343 6.61112
100 3.9004 1.01877 6.80187
9000 100
1 0.0196 0 0
2 0.0588 0 0
3 0.098 0 0
4 0.1372 0 0
5 0.1764 0 0
6 0.2156 0 0
7 0.2548 0 0
8 0.294 0 0
9 0.3332 0 0
10 0.3724 0 0
11 0.4116 0 0
12 0.4508 0 0
13 0.49 0 0
14 0.5292 0 0
15 0.5684 0 0
16 0.6076 0 0
17 0.6468 0 0
18 0.686 0 0
19 0.7252 0 0
20 0.7644 0 0
21 0.8036 0 0
22 0.8428 0 0
23 0.882 0 0
24 0.9212 0.0239333 0.00025
25 0.9604 0.297266 0.003625
26 0.9996 0.99601 0.015875
27 1.0388 1.6469 0.03775
28 1.078 2.43817 0.072625
29 1.1172 2.56301 0.112
30 1.1564 2.58966 0.154625
31 1.1956 2.45106 0.19775
32 1.2348 2.14473 0.238
33 1.274 1.97098 0.277375
34 1.3132 1.97286 0.31925
35 1.3524 1.47147 0.352375
36 1.3916 1.53134 0.388875
37 1.4308 1.47339 0.426
38 1.47 1.39586 0.463125
39 1.5092 1.35996 0.50125
40 1.5484 1.19455 0.5365
41 1.5876 1.20479 0.573875
42 1.6268 1.18197 0.612375
43 1.666 1.10139 0.65
44 1.7052 1.09325 0.689125
45 1.7444 1.15815 0.7325
46 1.7836 1.19719 0.779375
47 1.8228 1.16765 0.827125
48 1.862 1.23325 0.87975
49 1.9012 1.17168 0.931875
50 1.9404 1.19765 0.987375
51 1.9796 1.17661 1.04413
52 2.0188 1.22855 1.10575
53 2.058 1.11985 1.16413
54 2.0972 1.1107 1.22425
55 2.1364 1.05029 1.28325
56 2.1756 1.19088 1.35263
57 2.2148 1.04558 1.41575
58 2.254 1.11348 1.48538
59 2.2932 1.08346 1.5555
60 2.3324 1.07162 1.62725
61 2.3716 1.06899 1.70125
62 2.4108 1.12538 1.78175
63 2.45 1.04905 1.85925
64 2.4892 1.03594 1.93825
65 2.5284 1.07238 2.02263
66 2.5676 1.03372 2.1065
67 2.6068 0.938602 2.185
68 2.646 1.04736 2.27525
69 2.6852 0.995873 2.36362
70 2.7244 1.01395 2.45625
71 2.7636 1.10241 2.55988
72 2.8028 0.996801 2.65625
73 2.842 1.01602 2.75725
74 2.8812 1.07787 2.86738
75 2.9204 1.02055 2.9745
76 2.9596 1.06095 3.08888
77 2.9988 1.09551 3.21013
78 3.038 1.0212 3.32613
79 3.0772 1.03611 3.44688
80 3.1164 1.07923 3.57588
81 3.1556 1.04238 3.70363
82 3.1948 1.03587 3.83375
83 3.234 1.01285 3.96413
84 3.2732 0.975463 4.09275
85 3.3124 1.02101 4.23063
86 3.3516 1.09853 4.3825
87 3.3908 1.11303 4.54
88 3.43 0.990184 4.68337
89 3.4692 1.05907 4.84025
90 3.5084 0.993458 4.99075
91 3.5476 0.97808 5.14225
92 3.5868 1.04603 5.30788
93 3.626 1.01272 5.47175
94 3.6652 0.99722 5.63663
95 3.7044 1.0421 5.81263
96 3.7436 1.01604 5.98788
97 3.7828 1.02277 6.168
98 3.822 1.00677 6.349
99 3.8612 0.99801 6.53212
100 3.9004 1.0121 6.72163
9500 100
1 0.0196 0 0
2 0.0588 0 0
3 0.098 0 0
4 0.1372 0 0
5 0.1764 0 0
6 0.2156 0 0
7 0.2548 0 0
8 0.294 0 0
9 0.3332 0 0
10 0.3724 0 0
11 0.4116 0 0
12 0.4508 0 0
13 0.49 0 0
14 0.5292 0 0
15 0.5684 0 0
16 0.6076 0 0
17 0.6468 0 0
18 0.686 0 0
19 0.7252 0 0
20 0.7644 0 0
21 0.8036 0 0
22 0.8428 0 0
23 0.882 0 0
24 0.9212 0 0
25 0.9604 0.154138 0.00175
26 0.9996 1.06715 0.014875
27 1.0388 1.60926 0.03625
28 1.078 1.97501 0.0645
29 1.1172 2.44096 0.102
30 1.1564 2.11881 0.136875
31 1.1956 2.18819 0.175375
32 1.2348 2.0981 0.21475
33 1.274 1.88338 0.252375
34 1.3132 1.68429 0.288125
35 1.3524 1.52144 0.322375
36 1.3916 1.40547 0.355875
37 1.4308 1.25511 0.3875
38 1.47 1.26896 0.42125
39 1.5092 1.24849 0.45625
40 1.5484 1.10136 0.48875
41 1.5876 1.23703 0.527125
42 1.6268 1.16278 0.565
43 1.666 1.10871 0.602875
44 1.7052 1.07579 0.641375
45 1.7444 1.038 0.68025
46 1.7836 1.09823 0.72325
47 1.8228 1.2349 0.77375
48 1.862 1.24204 0.82675
49 1.9012 1.26441 0.883
50 1.9404 1.14101 0.935875
51 1.9796 1.14033 0.990875
52 2.0188 1.1513 1.04862
53 2.058 1.20138 1.11125
54 2.0972 1.11763 1.17175
55 2.1364 1.05697 1.23113
56 2.1756 1.07501 1.29375
57 2.2148 1.11597 1.36112
58 2.254 1.10948 1.4305
59 2.2932 1.03325 1.49737
60 2.3324 1.01375 1.56525
61 2.3716 1.09608 1.64112
62 2.4108 1.03451 1.71513
63 2.45 1.07951 1.79487
64 2.4892 1.06544 1.87613
65 2.5284 1.06761 1.96012
66 2.5676 1.06454 2.0465
67 2.6068 1.0492 2.13425
68 2.646 1.06767 2.22625
69 2.6852 1.0494 2.31937
70 2.7244 1.0331 2.41375
71 2.7636 1.02794 2.51037
72 2.8028 1.033 2.61025
73 2.842 1.07638 2.71725
74 2.8812 1.05218 2.82475
75 2.9204 1.02412 2.93225
76 2.9596 1.01921 3.04212
77 2.9988 1.02775 3.15588
78 3.038 1.03991 3.274
79 3.0772 1.05005 3.39638
80 3.1164 1.06982 3.52425
81 3.1556 1.04034 3.65175
82 3.1948 0.997058 3.777
83 3.234 1.05558 3.91287
84 3.2732 1.07026 4.054
85 3.3124 1.02749 4.19275
86 3.3516 1.04067 4.33662
87 3.3908 1.05826 4.48638
88 3.43 1.05579 4.63925
89 3.4692 1.02616 4.79125
90 3.5084 1.01986 4.94575
91 3.5476 1.12415 5.11988
92 3.5868 1.06418 5.28838
93 3.626 1.02894 5.45488
94 3.6652 0.991928 5.61888
95 3.7044 0.99621 5.78712
96 3.7436 1.01314 5.96188
97 3.7828 1.00432 6.13875
98 3.822 1.05752 6.32888
99 3.8612 1.00823 6.51388
100 3.9004 1.01277 6.7035
10000 100
1 0.0196 0 0
2 0.0588 0 0
3 0.098 0 0
4 0.1372 0 0
5 0.1764 0 0
6 0.2156 0 0
7 0.2548 0 0
8 0.294 0 0
9 0.3332 0 0
10 0.3724 0 0
11 0.4116 0 0
12 0.4508 0 0
13 0.49 0 0
14 0.5292 0 0
15 0.5684 0 0
16 0.6076 0 0
17 0.6468 0 0
18 0.686 0 0
19 0.7252 0 0
20 0.7644 0 0
21 0.8036 0 0
22 0.8428 0 0
23 0.882 0 0
24 0.9212 0.0119666 0.000125
25 0.9604 0.187167 0.00225
26 0.9996 0.884213 0.013125
27 1.0388 1.55279 0.03375
28 1.078 2.04492 0.063
29 1.1172 2.4491 0.100625
30 1.1564 2.22513 0.13725
31 1.1956 2.17398 0.1755
32 1.2348 1.67848 0.207
33 1.274 1.84584 0.243875
34 1.3132 1.53706 0.2765
35 1.3524 1.42705 0.308625
36 1.3916 1.34779 0.34075
37 1.4308 1.29976 0.3735
38 1.47 1.15147 0.404125
39 1.5092 1.17269 0.437
40 1.5484 1.18608 0.472
41 1.5876 1.07585 0.505375
42 1.6268 1.08219 0.540625
43 1.666 1.18921 0.58125
44 1.7052 1.1666 0.623
45 1.7444 1.22824 0.669
46 1.7836 1.17165 0.714875
47 1.8228 1.25324 0.766125
48 1.862 1.15709 0.8155
49 1.9012 1.29532 0.873125
50 1.9404 1.1464 0.92625
51 1.9796 1.1792 0.983125
52 2.0188 1.2136 1.044
53 2.058 1.07189 1.09988
54 2.0972 1.14072 1.16163
55 2.1364 1.09257 1.223
56 2.1756 1.04283 1.28375
57 2.2148 1.16359 1.354
58 2.254 1.10148 1.42288
59 2.2932 1.07381 1.49237
60 2.3324 1.21164 1.5735
61 2.3716 1.0401 1.6455
62 2.4108 1.02577 1.71888
63 2.45 1.08627 1.79912
64 2.4892 1.03102 1.87775
65 2.5284 1.09462 1.96388
66 2.5676 1.00599 2.0455
67 2.6068 1.04173 2.13262
68 2.646 1.06767 2.22463
69 2.6852 1.03954 2.31688
70 2.7244 1.03858 2.41175
71 2.7636 1.09576 2.51475
72 2.8028 1.07567 2.61875
73 2.842 1.04368 2.7225
74 2.8812 1.06686 2.8315
75 2.9204 1.01698 2.93825
76 2.9596 1.03892 3.05025
77 2.9988 1.05372 3.16688
78 3.038 1.0245 3.28325
79 3.0772 1.11333 3.413
80 3.1164 1.03949 3.53725
81 3.1556 1.04442 3.66525
82 3.1948 1.02592 3.79413
83 3.234 1.02644 3.92625
84 3.2732 1.06457 4.06663
85 3.3124 1.02379 4.20487
86 3.3516 1.08768 4.35525
87 3.3908 1.05296 4.50425
88 3.43 1.00054 4.64912
89 3.4692 1.01013 4.79875
90 3.5084 1.06112 4.9595
91 3.5476 1.02247 5.11788
92 3.5868 1.03182 5.28125
93 3.626 1.05289 5.45163
94 3.6652 1.03427 5.62263
95 3.7044 1.04284 5.79875
96 3.7436 1.04938 5.97975
97 3.7828 1.05258 6.16513
98 3.822 1.0464 6.35325
99 3.8612 1.07567 6.55063
100 3.9004 1.00008 6.73788
10500 100
1 0.0196 0 0
2 0.0588 0 0
3 0.098 0 0
4 0.1372 0 0
5 0.1764 0 0
6 0.2156 0 0
7 0.2548 0 0
8 0.294 0 0
9 0.3332 0 0
10 0.3724 0 0
11 0.4116 0 0
12 0.4508 0 0
13 0.49 0 0
14 0.5292 0 0
15 0.5684 0 0
16 0.6076 0 0
17 0.6468 0 0
18 0.686 0 0
19 0.7252 0 0
20 0.7644 0 0
21 0.8036 0 0
22 0.8428 0 0
23 0.882 0 0
24 0.9212 0 0
25 0.9604 0.341305 0.003875
26 0.9996 0.904539 0.015
27 1.0388 1.57162 0.035875
28 1.078 2.07987 0.065625
29 1.1172 2.55487 0.104875
30 1.1564 2.37702 0.144
31 1.1956 2.30897 0.184625
32 1.2348 2.01151 0.222375
33 1.274 1.96473 0.261625
34 1.3132 1.55473 0.294625
35 1.3524 1.48257 0.328
36 1.3916 1.48938 0.3635
37 1.4308 1.36425 0.397875
38 1.47 1.35826 0.434
39 1.5092 1.16377 0.466625
40 1.5484 1.1649 0.501
41 1.5876 1.14838 0.536625
42 1.6268 1.205 0.575875
43 1.666 1.06114 0.612125
44 1.7052 1.06182 0.650125
45 1.7444 1.20488 0.69525
46 1.7836 1.20039 0.74225
47 1.8228 1.29603 0.79525
48 1.862 1.2977 0.850625
49 1.9012 1.11268 0.900125
50 1.9404 1.14101 0.953
51 1.9796 1.2725 1.01438
52 2.0188 1.01424 1.06525
53 2.058 1.16301 1.12587
54 2.0972 1.15458 1.18838
55 2.1364 1.1215 1.25137
56 2.1756 1.10505 1.31575
57 2.2148 1.16981 1.38638
58 2.254 1.19144 1.46088
59 2.2932 1.13175 1.53412
60 2.3324 1.1351 1.61013
61 2.3716 1.10872 1.68688
62 2.4108 0.999562 1.75837
63 2.45 1.11842 1.841
64 2.4892 1.01463 1.91837
65 2.5284 1.03107 1.9995
66 2.5676 1.00137 2.08075
67 2.6068 1.09255 2.17212
68 2.646 1.04736 2.26238
69 2.6852 1.01278 2.35225
70 2.7244 1.00847 2.44437
71 2.7636 1.06783 2.54475
72 2.8028 1.033 2.64463
73 2.842 0.983326 2.74238
74 2.8812 1.00447 2.845
75 2.9204 1.01579 2.95162
76 2.9596 1.02268 3.06187
77 2.9988 0.975794 3.16987
78 3.038 1.0102 3.28462
79 3.0772 1.04362 3.40625
80 3.1164 1.00289 3.52612
81 3.1556 1.0179 3.65088
82 3.1948 1.04582 3.78225
83 3.234 1.05946 3.91863
84 3.2732 1.07784 4.06075
85 3.3124 1.10895 4.2105
86 3.3516 1.01083 4.35025
87 3.3908 1.06356 4.50075
88 3.43 1.00918 4.64687
89 3.4692 1.06076 4.804
90 3.5084 1.02151 4.95875
91 3.5476 1.0612 5.12312
92 3.5868 1.02155 5.28487
93 3.626 1.01967 5.44988
94 3.6652 1.08492 5.62925
95 3.7044 1.02656 5.80263
96 3.7436 1.04575 5.983
97 3.7828 1.05258 6.16838
98 3.822 1.05891 6.35875
99 3.8612 1.05183 6.55175
100 3.9004 0.993406 6.73775
