# Time-averaged data for fix rdf
# TimeStep Number-of-rows
# Row c_myRDF[1] c_myRDF[2] c_myRDF[3]
1000 100
1 0.0166 0 0
2 0.0498 0 0
3 0.083 0 0
4 0.1162 0 0
5 0.1494 0 0
6 0.1826 0 0
7 0.2158 0 0
8 0.249 0 0
9 0.2822 0 0
10 0.3154 0 0
11 0.3486 0 0
12 0.3818 0 0
13 0.415 0 0
14 0.4482 0 0
15 0.4814 0 0
16 0.5146 0 0
17 0.5478 0 0
18 0.581 0 0
19 0.6142 0 0
20 0.6474 0 0
21 0.6806 0 0
22 0.7138 0 0
23 0.747 0 0
24 0.7802 0 0
25 0.8134 0 0
26 0.8466 0 0
27 0.8798 0 0
28 0.913 0.0577922 0.004
29 0.9462 0.336301 0.029
30 0.9794 1.43134 0.143
31 1.0126 3.52375 0.443
32 1.0458 5.39587 0.933
33 1.079 6.07239 1.52
34 1.1122 6.04634 2.141
35 1.1454 5.80191 2.773
36 1.1786 4.92477 3.341
37 1.2118 4.9703 3.947
38 1.245 3.90843 4.45
39 1.2782 3.11092 4.872
40 1.3114 3.22154 5.332
41 1.3446 2.60476 5.723
42 1.3778 2.11276 6.056
43 1.411 2.196 6.419
44 1.4442 1.89408 6.747
45 1.4774 2.03616 7.116
46 1.5106 1.76291 7.45
47 1.5438 1.76876 7.8
48 1.577 1.66117 8.143
49 1.6102 1.53298 8.473
50 1.6434 1.73479 8.862
51 1.6766 1.66248 9.25
52 1.7098 1.56147 9.629
53 1.743 1.76421 10.074
54 1.7762 1.64925 10.506
55 1.8094 1.78794 10.992
56 1.8426 1.86245 11.517
57 1.8758 2.08807 12.127
58 1.909 2.07556 12.755
59 1.9422 2.21276 13.448
60 1.9754 2.32729 14.202
61 2.0086 2.19128 14.936
62 2.0418 2.41529 15.772
63 2.075 2.4673 16.654
64 2.1082 2.42814 17.55
65 2.1414 2.18271 18.381
66 2.1746 2.23373 19.258
67 2.2078 2.11764 20.115
68 2.241 2.04577 20.968
69 2.2742 2.01908 21.835
70 2.3074 2.01795 22.727
71 2.3406 1.94792 23.613
72 2.3738 1.80618 24.458
73 2.407 1.85233 25.349
74 2.4402 1.74765 26.213
75 2.4734 1.57505 27.013
76 2.5066 1.57386 27.834
77 2.5398 1.54605 28.662
78 2.573 1.43364 29.45
79 2.6062 1.57113 30.336
80 2.6394 1.53358 31.223
81 2.6726 1.48054 32.101
82 2.7058 1.47075 32.995
83 2.739 1.54609 33.958
84 2.7722 1.44659 34.881
85 2.8054 1.53499 35.884
86 2.8386 1.59945 36.954
87 2.8718 1.54515 38.012
88 2.905 1.53145 39.085
89 2.9382 1.52494 40.178
90 2.9714 1.4815 41.264
91 3.0046 1.57703 42.446
92 3.0378 1.52056 43.611
93 3.071 1.4853 44.774
94 3.1042 1.5862 46.043
95 3.1374 1.47939 47.252
96 3.1706 1.57677 48.568
97 3.2038 1.39054 49.753
98 3.237 1.36101 50.937
99 3.2702 1.43826 52.214
100 3.3034 1.38411 53.468
1500 100
1 0.0166 0 0
2 0.0498 0 0
3 0.083 0 0
4 0.1162 0 0
5 0.1494 0 0
6 0.1826 0 0
7 0.2158 0 0
8 0.249 0 0
9 0.2822 0 0
10 0.3154 0 0
11 0.3486 0 0
12 0.3818 0 0
13 0.415 0 0
14 0.4482 0 0
15 0.4814 0 0
16 0.5146 0 0
17 0.5478 0 0
18 0.581 0 0
19 0.6142 0 0
20 0.6474 0 0
21 0.6806 0 0
22 0.7138 0 0
23 0.747 0 0
24 0.7802 0 0
25 0.8134 0 0
26 0.8466 0 0
27 0.8798 0 0
28 0.913 0.0144481 0.001
29 0.9462 0.322849 0.025
30 0.9794 1.48156 0.143
31 1.0126 2.80726 0.382
32 1.0458 4.76819 0.815
33 1.079 4.92412 1.291
34 1.1122 5.32584 1.838
35 1.1454 4.96651 2.379
36 1.1786 4.23114 2.867
37 1.2118 3.68261 3.316
38 1.245 3.53546 3.771
39 1.2782 3.11092 4.193
40 1.3114 2.90639 4.608
41 1.3446 2.73799 5.019
42 1.3778 2.14448 5.357
43 1.411 2.32909 5.742
44 1.4442 2.0038 6.089
45 1.4774 1.87613 6.429
46 1.5106 1.83152 6.776
47 1.5438 1.55651 7.084
48 1.577 1.72413 7.44
49 1.6102 1.61196 7.787
50 1.6434 1.61884 8.15
51 1.6766 1.60678 8.525
52 1.7098 1.63151 8.921
53 1.743 1.5977 9.324
54 1.7762 1.68743 9.766
55 1.8094 1.63343 10.21
56 1.8426 1.72055 10.695
57 1.8758 1.75945 11.209
58 1.909 1.88387 11.779
59 1.9422 2.00521 12.407
60 1.9754 1.84578 13.005
61 2.0086 1.94648 13.657
62 2.0418 1.98192 14.343
63 2.075 2.11763 15.1
64 2.1082 2.03791 15.852
65 2.1414 1.99097 16.61
66 2.1746 2.14204 17.451
67 2.2078 1.96938 18.248
68 2.241 2.01219 19.087
69 2.2742 2.05634 19.97
70 2.3074 1.89805 20.809
71 2.3406 1.83799 21.645
72 2.3738 1.74847 22.463
73 2.407 1.72759 23.294
74 2.4402 1.56156 24.066
75 2.4734 1.66758 24.913
76 2.5066 1.66396 25.781
77 2.5398 1.62447 26.651
78 2.573 1.55735 27.507
79 2.6062 1.53034 28.37
80 2.6394 1.41601 29.189
81 2.6726 1.51595 30.088
82 2.7058 1.4214 30.952
83 2.739 1.43371 31.845
84 2.7722 1.293 32.67
85 2.8054 1.49673 33.648
86 2.8386 1.43502 34.608
87 2.8718 1.39619 35.564
88 2.905 1.48292 36.603
89 2.9382 1.44541 37.639
90 2.9714 1.51561 38.75
91 3.0046 1.45028 39.837
92 3.0378 1.45791 40.954
93 3.071 1.42272 42.068
94 3.1042 1.4162 43.201
95 3.1374 1.41943 44.361
96 3.1706 1.3611 45.497
97 3.2038 1.49849 46.774
98 3.237 1.34377 47.943
99 3.2702 1.3414 49.134
100 3.3034 1.33996 50.348
2000 100
1 0.0166 0 0
2 0.0498 0 0
3 0.083 0 0
4 0.1162 0 0
5 0.1494 0 0
6 0.1826 0 0
7 0.2158 0 0
8 0.249 0 0
9 0.2822 0 0
10 0.3154 0 0
11 0.3486 0 0
12 0.3818 0 0
13 0.415 0 0
14 0.4482 0 0
15 0.4814 0 0
16 0.5146 0 0
17 0.5478 0 0
18 0.581 0 0
19 0.6142 0 0
20 0.6474 0 0
21 0.6806 0 0
22 0.7138 0 0
23 0.747 0 0
24 0.7802 0 0
25 0.8134 0 0
26 0.8466 0 0
27 0.8798 0 0
28 0.913 0.0144481 0.001
29 0.9462 0.430466 0.033
30 0.9794 1.25556 0.133
31 1.0126 3.12439 0.399
32 1.0458 4.18455 0.779
33 1.079 4.97585 1.26
34 1.1122 5.03375 1.777
35 1.1454 4.96651 2.318
36 1.1786 4.18779 2.801
37 1.2118 3.70722 3.253
38 1.245 2.99931 3.639
39 1.2782 2.77182 4.015
40 1.3114 2.74531 4.407
41 1.3446 2.28499 4.75
42 1.3778 2.01124 5.067
43 1.411 2.05081 5.406
44 1.4442 1.96915 5.747
45 1.4774 1.83751 6.08
46 1.5106 1.76291 6.414
47 1.5438 1.67274 6.745
48 1.577 1.59821 7.075
49 1.6102 1.69557 7.44
50 1.6434 1.49843 7.776
51 1.6766 1.45682 8.116
52 1.7098 1.64387 8.515
53 1.743 1.66114 8.934
54 1.7762 1.69124 9.377
55 1.8094 1.73644 9.849
56 1.8426 1.80924 10.359
57 1.8758 1.72522 10.863
58 1.909 1.8376 11.419
59 1.9422 1.86791 12.004
60 1.9754 2.05875 12.671
61 2.0086 2.0241 13.349
62 2.0418 1.95881 14.027
63 2.075 2.02811 14.752
64 2.1082 2.02978 15.501
65 2.1414 1.92793 16.235
66 2.1746 1.88734 16.976
67 2.2078 1.8656 17.731
68 2.241 1.74598 18.459
69 2.2742 1.74894 19.21
70 2.3074 1.88674 20.044
71 2.3406 1.8182 20.871
72 2.3738 1.62022 21.629
73 2.407 1.60493 22.401
74 2.4402 1.58988 23.187
75 2.4734 1.61442 24.007
76 2.5066 1.55852 24.82
77 2.5398 1.61887 25.687
78 2.573 1.57737 26.554
79 2.6062 1.45586 27.375
80 2.6394 1.55433 28.274
81 2.6726 1.46705 29.144
82 2.7058 1.53491 30.077
83 2.739 1.50756 31.016
84 2.7722 1.44346 31.937
85 2.8054 1.44929 32.884
86 2.8386 1.39914 33.82
87 2.8718 1.49696 34.845
88 2.905 1.51575 35.907
89 2.9382 1.4496 36.946
90 2.9714 1.48696 38.036
91 3.0046 1.45962 39.13
92 3.0378 1.40178 40.204
93 3.071 1.37419 41.28
94 3.1042 1.38245 42.386
95 3.1374 1.30685 43.454
96 3.1706 1.33354 44.567
97 3.2038 1.33069 45.701
98 3.237 1.29894 46.831
99 3.2702 1.38307 48.059
100 3.3034 1.2638 49.204
2500 100
1 0.0166 0 0
2 0.0498 0 0
3 0.083 0 0
4 0.1162 0 0
5 0.1494 0 0
6 0.1826 0 0
7 0.2158 0 0
8 0.249 0 0
9 0.2822 0 0
10 0.3154 0 0
11 0.3486 0 0
12 0.3818 0 0
13 0.415 0 0
14 0.4482 0 0
15 0.4814 0 0
16 0.5146 0 0
17 0.5478 0 0
18 0.581 0 0
19 0.6142 0 0
20 0.6474 0 0
21 0.6806 0 0
22 0.7138 0 0
23 0.747 0 0
24 0.7802 0 0
25 0.8134 0 0
26 0.8466 0 0
27 0.8798 0 0
28 0.913 0.0433442 0.003
29 0.9462 0.309397 0.026
30 0.9794 1.243 0.125
31 1.0126 2.65456 0.351
32 1.0458 3.4908 0.668
33 1.079 3.98275 1.053
34 1.1122 4.38141 1.503
35 1.1454 4.06685 1.946
36 1.1786 3.73693 2.377
37 1.2118 3.40375 2.792
38 1.245 2.99931 3.178
39 1.2782 2.91188 3.573
40 1.3114 2.54922 3.937
41 1.3446 2.33163 4.287
42 1.3778 2.18889 4.632
43 1.411 2.09315 4.978
44 1.4442 1.83634 5.296
45 1.4774 1.5285 5.573
46 1.5106 1.63095 5.882
47 1.5438 1.53124 6.185
48 1.577 1.4287 6.48
49 1.6102 1.5655 6.817
50 1.6434 1.60992 7.178
51 1.6766 1.43968 7.514
52 1.7098 1.47495 7.872
53 1.743 1.45894 8.24
54 1.7762 1.52708 8.64
55 1.8094 1.65182 9.089
56 1.8426 1.66734 9.559
57 1.8758 1.66703 10.046
58 1.909 1.73514 10.571
59 1.9422 1.69549 11.102
60 1.9754 1.76861 11.675
61 2.0086 1.9017 12.312
62 2.0418 1.70168 12.901
63 2.075 1.89943 13.58
64 2.1082 1.81298 14.249
65 2.1414 1.79922 14.934
66 2.1746 1.75744 15.624
67 2.2078 1.88537 16.387
68 2.241 1.81553 17.144
69 2.2742 1.74195 17.892
70 2.3074 1.60622 18.602
71 2.3406 1.72367 19.386
72 2.3738 1.73564 20.198
73 2.407 1.58622 20.961
74 2.4402 1.56763 21.736
75 2.4734 1.60655 22.552
76 2.5066 1.58344 23.378
77 2.5398 1.43028 24.144
78 2.573 1.44455 24.938
79 2.6062 1.37961 25.716
80 2.6394 1.45405 26.557
81 2.6726 1.36925 27.369
82 2.7058 1.44937 28.25
83 2.739 1.44816 29.152
84 2.7722 1.36666 30.024
85 2.8054 1.36052 30.913
86 2.8386 1.45295 31.885
87 2.8718 1.35822 32.815
88 2.905 1.35304 33.763
89 2.9382 1.47331 34.819
90 2.9714 1.2646 35.746
91 3.0046 1.37956 36.78
92 3.0378 1.36393 37.825
93 3.071 1.32694 38.864
94 3.1042 1.29996 39.904
95 3.1374 1.30318 40.969
96 3.1706 1.32516 42.075
97 3.2038 1.34008 43.217
98 3.237 1.31273 44.359
99 3.2702 1.27382 45.49
100 3.3034 1.28146 46.651
3000 100
1 0.0166 0 0
2 0.0498 0 0
3 0.083 0 0
4 0.1162 0 0
5 0.1494 0 0
6 0.1826 0 0
7 0.2158 0 0
8 0.249 0 0
9 0.2822 0 0
10 0.3154 0 0
11 0.3486 0 0
12 0.3818 0 0
13 0.415 0 0
14 0.4482 0 0
15 0.4814 0 0
16 0.5146 0 0
17 0.5478 0 0
18 0.581 0 0
19 0.6142 0 0
20 0.6474 0 0
21 0.6806 0 0
22 0.7138 0 0
23 0.747 0 0
24 0.7802 0 0
25 0.8134 0 0
26 0.8466 0 0
27 0.8798 0 0
28 0.913 0 0
29 0.9462 0.309397 0.023
30 0.9794 1.19278 0.118
31 1.0126 2.27869 0.312
32 1.0458 3.33663 0.615
33 1.079 4.10688 1.012
34 1.1122 4.13799 1.437
35 1.1454 3.92914 1.865
36 1.1786 4.03172 2.33
37 1.2118 3.35454 2.739
38 1.245 2.79729 3.099
39 1.2782 2.55803 3.446
40 1.3114 2.31811 3.777
41 1.3446 2.16508 4.102
42 1.3778 2.09372 4.432
43 1.411 1.79067 4.728
44 1.4442 1.72662 5.027
45 1.4774 1.79888 5.353
46 1.5106 1.6204 5.66
47 1.5438 1.61715 5.98
48 1.577 1.53041 6.296
49 1.6102 1.36575 6.59
50 1.6434 1.49843 6.926
51 1.6766 1.37969 7.248
52 1.7098 1.43375 7.596
53 1.743 1.62942 8.007
54 1.7762 1.46982 8.392
55 1.8094 1.44949 8.786
56 1.8426 1.54317 9.221
57 1.8758 1.57118 9.68
58 1.909 1.60294 10.165
59 1.9422 1.77851 10.722
60 1.9754 1.65441 11.258
61 2.0086 1.69272 11.825
62 2.0418 1.77391 12.439
63 2.075 1.72879 13.057
64 2.1082 1.66122 13.67
65 2.1414 1.62849 14.29
66 2.1746 1.78291 14.99
67 2.2078 1.68275 15.671
68 2.241 1.64765 16.358
69 2.2742 1.73496 17.103
70 2.3074 1.67408 17.843
71 2.3406 1.65551 18.596
72 2.3738 1.477 19.287
73 2.407 1.5197 20.018
74 2.4402 1.53729 20.778
75 2.4734 1.45101 21.515
76 2.5066 1.47034 22.282
77 2.5398 1.4863 23.078
78 2.573 1.33721 23.813
79 2.6062 1.43458 24.622
80 2.6394 1.46961 25.472
81 2.6726 1.29505 26.24
82 2.7058 1.40988 27.097
83 2.739 1.4032 27.971
84 2.7722 1.32435 28.816
85 2.8054 1.32532 29.682
86 2.8386 1.36476 30.595
87 2.8718 1.3699 31.533
88 2.905 1.39586 32.511
89 2.9382 1.27101 33.422
90 2.9714 1.29188 34.369
91 3.0046 1.22213 35.285
92 3.0378 1.31564 36.293
93 3.071 1.29884 37.31
94 3.1042 1.27246 38.328
95 3.1374 1.33132 39.416
96 3.1706 1.26285 40.47
97 3.2038 1.24034 41.527
98 3.237 1.25756 42.621
99 3.2702 1.25242 43.733
100 3.3034 1.2053 44.825
3500 100
1 0.0166 0 0
2 0.0498 0 0
3 0.083 0 0
4 0.1162 0 0
5 0.1494 0 0
6 0.1826 0 0
7 0.2158 0 0
8 0.249 0 0
9 0.2822 0 0
10 0.3154 0 0
11 0.3486 0 0
12 0.3818 0 0
13 0.415 0 0
14 0.4482 0 0
15 0.4814 0 0
16 0.5146 0 0
17 0.5478 0 0
18 0.581 0 0
19 0.6142 0 0
20 0.6474 0 0
21 0.6806 0 0
22 0.7138 0 0
23 0.747 0 0
24 0.7802 0 0
25 0.8134 0 0
26 0.8466 0 0
27 0.8798 0 0
28 0.913 0.0288961 0.002
29 0.9462 0.242137 0.02
30 0.9794 1.02956 0.102
31 1.0126 2.23171 0.292
32 1.0458 3.1274 0.576
33 1.079 3.92068 0.955
34 1.1122 4.05037 1.371
35 1.1454 4.05767 1.813
36 1.1786 3.18202 2.18
37 1.2118 3.10849 2.559
38 1.245 2.92161 2.935
39 1.2782 2.52855 3.278
40 1.3114 2.087 3.576
41 1.3446 2.15842 3.9
42 1.3778 2.13814 4.237
43 1.411 1.60919 4.503
44 1.4442 1.65732 4.79
45 1.4774 1.69956 5.098
46 1.5106 1.50955 5.384
47 1.5438 1.49586 5.68
48 1.577 1.43839 5.977
49 1.6102 1.54692 6.31
50 1.6434 1.37356 6.618
51 1.6766 1.41825 6.949
52 1.7098 1.28955 7.262
53 1.743 1.2409 7.575
54 1.7762 1.37819 7.936
55 1.8094 1.43477 8.326
56 1.8426 1.39772 8.72
57 1.8758 1.44111 9.141
58 1.909 1.51701 9.6
59 1.9422 1.51029 10.073
60 1.9754 1.60194 10.592
61 2.0086 1.69571 11.16
62 2.0418 1.58034 11.707
63 2.075 1.67284 12.305
64 2.1082 1.58534 12.89
65 2.1414 1.70992 13.541
66 2.1746 1.71924 14.216
67 2.2078 1.59132 14.86
68 2.241 1.51334 15.491
69 2.2742 1.64647 16.198
70 2.3074 1.62431 16.916
71 2.3406 1.58076 17.635
72 2.3738 1.51548 18.344
73 2.407 1.42407 19.029
74 2.4402 1.38963 19.716
75 2.4734 1.41164 20.433
76 2.5066 1.39558 21.161
77 2.5398 1.35373 21.886
78 2.573 1.38088 22.645
79 2.6062 1.33173 23.396
80 2.6394 1.30363 24.15
81 2.6726 1.32034 24.933
82 2.7058 1.29801 25.722
83 2.739 1.30366 26.534
84 2.7722 1.24441 27.328
85 2.8054 1.33298 28.199
86 2.8386 1.30497 29.072
87 2.8718 1.28519 29.952
88 2.905 1.25741 30.833
89 2.9382 1.24311 31.724
90 2.9714 1.30143 32.678
91 3.0046 1.25548 33.619
92 3.0378 1.23994 34.569
93 3.071 1.28096 35.572
94 3.1042 1.33621 36.641
95 3.1374 1.32521 37.724
96 3.1706 1.25327 38.77
97 3.2038 1.23564 39.823
98 3.237 1.22422 40.888
99 3.2702 1.18147 41.937
100 3.3034 1.27705 43.094
4000 100
1 0.0166 0 0
2 0.0498 0 0
3 0.083 0 0
4 0.1162 0 0
5 0.1494 0 0
6 0.1826 0 0
7 0.2158 0 0
8 0.249 0 0
9 0.2822 0 0
10 0.3154 0 0
11 0.3486 0 0
12 0.3818 0 0
13 0.415 0 0
14 0.4482 0 0
15 0.4814 0 0
16 0.5146 0 0
17 0.5478 0 0
18 0.581 0 0
19 0.6142 0 0
20 0.6474 0 0
21 0.6806 0 0
22 0.7138 0 0
23 0.747 0 0
24 0.7802 0 0
25 0.8134 0 0
26 0.8466 0 0
27 0.8798 0 0
28 0.913 0.0288961 0.002
29 0.9462 0.242137 0.02
30 0.9794 0.966781 0.097
31 1.0126 1.8441 0.254
32 1.0458 2.79704 0.508
33 1.079 3.55861 0.852
34 1.1122 3.30066 1.191
35 1.1454 3.16718 1.536
36 1.1786 3.10399 1.894
37 1.2118 2.85423 2.242
38 1.245 2.62634 2.58
39 1.2782 2.61701 2.935
40 1.3114 2.07999 3.232
41 1.3446 1.9519 3.525
42 1.3778 1.7638 3.803
43 1.411 1.68178 4.081
44 1.4442 1.67465 4.371
45 1.4774 1.54505 4.651
46 1.5106 1.40399 4.917
47 1.5438 1.57672 5.229
48 1.577 1.50619 5.54
49 1.6102 1.39827 5.841
50 1.6434 1.44492 6.165
51 1.6766 1.25543 6.458
52 1.7098 1.53675 6.831
53 1.743 1.31622 7.163
54 1.7762 1.42782 7.537
55 1.8094 1.30233 7.891
56 1.8426 1.41546 8.29
57 1.8758 1.44111 8.711
58 1.909 1.38481 9.13
59 1.9422 1.4145 9.573
60 1.9754 1.48465 10.054
61 2.0086 1.46583 10.545
62 2.0418 1.44455 11.045
63 2.075 1.53577 11.594
64 2.1082 1.60702 12.187
65 2.1414 1.54707 12.776
66 2.1746 1.66065 13.428
67 2.2078 1.56661 14.062
68 2.241 1.49895 14.687
69 2.2742 1.47181 15.319
70 2.3074 1.59943 16.026
71 2.3406 1.43346 16.678
72 2.3738 1.39578 17.331
73 2.407 1.4407 18.024
74 2.4402 1.31276 18.673
75 2.4734 1.35848 19.363
76 2.5066 1.30931 20.046
77 2.5398 1.30705 20.746
78 2.573 1.39543 21.513
79 2.6062 1.30868 22.251
80 2.6394 1.30536 23.006
81 2.6726 1.27987 23.765
82 2.7058 1.24372 24.521
83 2.739 1.26674 25.31
84 2.7722 1.29457 26.136
85 2.8054 1.284 26.975
86 2.8386 1.2392 27.804
87 2.8718 1.25891 28.666
88 2.905 1.29595 29.574
89 2.9382 1.26543 30.481
90 2.9714 1.24959 31.397
91 3.0046 1.30885 32.378
92 3.0378 1.23211 33.322
93 3.071 1.3065 34.345
94 3.1042 1.27621 35.366
95 3.1374 1.27748 36.41
96 3.1706 1.27244 37.472
97 3.2038 1.28258 38.565
98 3.237 1.22192 39.628
99 3.2702 1.24229 40.731
100 3.3034 1.15894 41.781
4500 100
1 0.0166 0 0
2 0.0498 0 0
3 0.083 0 0
4 0.1162 0 0
5 0.1494 0 0
6 0.1826 0 0
7 0.2158 0 0
8 0.249 0 0
9 0.2822 0 0
10 0.3154 0 0
11 0.3486 0 0
12 0.3818 0 0
13 0.415 0 0
14 0.4482 0 0
15 0.4814 0 0
16 0.5146 0 0
17 0.5478 0 0
18 0.581 0 0
19 0.6142 0 0
20 0.6474 0 0
21 0.6806 0 0
22 0.7138 0 0
23 0.747 0 0
24 0.7802 0 0
25 0.8134 0 0
26 0.8466 0 0
27 0.8798 0 0
28 0.913 0.0577922 0.004
29 0.9462 0.215233 0.02
30 0.9794 0.765891 0.081
31 1.0126 2.20822 0.269
32 1.0458 2.76401 0.52
33 1.079 3.29999 0.839
34 1.1122 3.61223 1.21
35 1.1454 3.42423 1.583
36 1.1786 3.13867 1.945
37 1.2118 3.09208 2.322
38 1.245 2.50979 2.645
39 1.2782 2.31476 2.959
40 1.3114 2.00996 3.246
41 1.3446 2.12511 3.565
42 1.3778 1.78918 3.847
43 1.411 1.99031 4.176
44 1.4442 1.72084 4.474
45 1.4774 1.64989 4.773
46 1.5106 1.54122 5.065
47 1.5438 1.51102 5.364
48 1.577 1.51588 5.677
49 1.6102 1.52369 6.005
50 1.6434 1.44492 6.329
51 1.6766 1.35827 6.646
52 1.7098 1.31015 6.964
53 1.743 1.4867 7.339
54 1.7762 1.39728 7.705
55 1.8094 1.40166 8.086
56 1.8426 1.37999 8.475
57 1.8758 1.35896 8.872
58 1.909 1.40464 9.297
59 1.9422 1.51987 9.773
60 1.9754 1.52786 10.268
61 2.0086 1.57928 10.797
62 2.0418 1.57456 11.342
63 2.075 1.61689 11.92
64 2.1082 1.5745 12.501
65 2.1414 1.50504 13.074
66 2.1746 1.74725 13.76
67 2.2078 1.53449 14.381
68 2.241 1.55651 15.03
69 2.2742 1.4951 15.672
70 2.3074 1.44107 16.309
71 2.3406 1.47743 16.981
72 2.3738 1.51548 17.69
73 2.407 1.45733 18.391
74 2.4402 1.36535 19.066
75 2.4734 1.39589 19.775
76 2.5066 1.38408 20.497
77 2.5398 1.34066 21.215
78 2.573 1.36814 21.967
79 2.6062 1.38493 22.748
80 2.6394 1.2777 23.487
81 2.6726 1.37599 24.303
82 2.7058 1.31775 25.104
83 2.739 1.3422 25.94
84 2.7722 1.25382 26.74
85 2.8054 1.25646 27.561
86 2.8386 1.37672 28.482
87 2.8718 1.28373 29.361
88 2.905 1.32164 30.287
89 2.9382 1.3031 31.221
90 2.9714 1.26732 32.15
91 3.0046 1.31686 33.137
92 3.0378 1.21644 34.069
93 3.071 1.39718 35.163
94 3.1042 1.25871 36.17
95 3.1374 1.21385 37.162
96 3.1706 1.20894 38.171
97 3.2038 1.22156 39.212
98 3.237 1.22767 40.28
99 3.2702 1.22201 41.365
100 3.3034 1.27594 42.521
5000 100
1 0.0166 0 0
2 0.0498 0 0
3 0.083 0 0
4 0.1162 0 0
5 0.1494 0 0
6 0.1826 0 0
7 0.2158 0 0
8 0.249 0 0
9 0.2822 0 0
10 0.3154 0 0
11 0.3486 0 0
12 0.3818 0 0
13 0.415 0 0
14 0.4482 0 0
15 0.4814 0 0
16 0.5146 0 0
17 0.5478 0 0
18 0.581 0 0
19 0.6142 0 0
20 0.6474 0 0
21 0.6806 0 0
22 0.7138 0 0
23 0.747 0 0
24 0.7802 0 0
25 0.8134 0 0
26 0.8466 0 0
27 0.8798 0 0
28 0.913 0.0144481 0.001
29 0.9462 0.215233 0.017
30 0.9794 1.09234 0.104
31 1.0126 2.30219 0.3
32 1.0458 3.1274 0.584
33 1.079 3.73447 0.945
34 1.1122 3.53433 1.308
35 1.1454 3.73636 1.715
36 1.1786 3.29474 2.095
37 1.2118 3.1823 2.483
38 1.245 2.63411 2.822
39 1.2782 2.44746 3.154
40 1.3114 2.05198 3.447
41 1.3446 2.06515 3.757
42 1.3778 1.84628 4.048
43 1.411 1.63339 4.318
44 1.4442 1.82479 4.634
45 1.4774 1.7437 4.95
46 1.5106 1.47261 5.229
47 1.5438 1.55145 5.536
48 1.577 1.43354 5.832
49 1.6102 1.3704 6.127
50 1.6434 1.33789 6.427
51 1.6766 1.39683 6.753
52 1.7098 1.40903 7.095
53 1.743 1.34397 7.434
54 1.7762 1.37819 7.795
55 1.8094 1.37223 8.168
56 1.8426 1.42256 8.569
57 1.8758 1.36238 8.967
58 1.909 1.47405 9.413
59 1.9422 1.53584 9.894
60 1.9754 1.56181 10.4
61 2.0086 1.51658 10.908
62 2.0418 1.56589 11.45
63 2.075 1.70361 12.059
64 2.1082 1.50133 12.613
65 2.1414 1.65213 13.242
66 2.1746 1.67084 13.898
67 2.2078 1.50978 14.509
68 2.241 1.5757 15.166
69 2.2742 1.47414 15.799
70 2.3074 1.53382 16.477
71 2.3406 1.42466 17.125
72 2.3738 1.34448 17.754
73 2.407 1.41991 18.437
74 2.4402 1.42401 19.141
75 2.4734 1.3821 19.843
76 2.5066 1.3304 20.537
77 2.5398 1.41908 21.297
78 2.573 1.32812 22.027
79 2.6062 1.2413 22.727
80 2.6394 1.39353 23.533
81 2.6726 1.28493 24.295
82 2.7058 1.34079 25.11
83 2.739 1.24908 25.888
84 2.7722 1.2836 26.707
85 2.8054 1.36358 27.598
86 2.8386 1.34832 28.5
87 2.8718 1.30272 29.392
88 2.905 1.27597 30.286
89 2.9382 1.29055 31.211
90 2.9714 1.2264 32.11
91 3.0046 1.24881 33.046
92 3.0378 1.25429 34.007
93 3.071 1.32566 35.045
94 3.1042 1.26121 36.054
95 3.1374 1.25668 37.081
96 3.1706 1.28682 38.155
97 3.2038 1.23212 39.205
98 3.237 1.22652 40.272
99 3.2702 1.20512 41.342
100 3.3034 1.1468 42.381
5500 100
1 0.0166 0 0
2 0.0498 0 0
3 0.083 0 0
4 0.1162 0 0
5 0.1494 0 0
6 0.1826 0 0
7 0.2158 0 0
8 0.249 0 0
9 0.2822 0 0
10 0.3154 0 0
11 0.3486 0 0
12 0.3818 0 0
13 0.415 0 0
14 0.4482 0 0
15 0.4814 0 0
16 0.5146 0 0
17 0.5478 0 0
18 0.581 0 0
19 0.6142 0 0
20 0.6474 0 0
21 0.6806 0 0
22 0.7138 0 0
23 0.747 0 0
24 0.7802 0 0
25 0.8134 0 0
26 0.8466 0 0
27 0.8798 0 0
28 0.913 0.0144481 0.001
29 0.9462 0.228685 0.018
30 0.9794 0.941669 0.093
31 1.0126 2.05552 0.268
32 1.0458 2.83008 0.525
33 1.079 3.5793 0.871
34 1.1122 3.6317 1.244
35 1.1454 3.65374 1.642
36 1.1786 3.11266 2.001
37 1.2118 2.91985 2.357
38 1.245 2.67296 2.701
39 1.2782 2.4106 3.028
40 1.3114 2.13602 3.333
41 1.3446 2.09846 3.648
42 1.3778 1.89704 3.947
43 1.411 1.74833 4.236
44 1.4442 1.58225 4.51
45 1.4774 1.57264 4.795
46 1.5106 1.53067 5.085
47 1.5438 1.38974 5.36
48 1.577 1.53525 5.677
49 1.6102 1.33788 5.965
50 1.6434 1.28437 6.253
51 1.6766 1.52966 6.61
52 1.7098 1.20715 6.903
53 1.743 1.39155 7.254
54 1.7762 1.35147 7.608
55 1.8094 1.53042 8.024
56 1.8426 1.40482 8.42
57 1.8758 1.43426 8.839
58 1.909 1.32532 9.24
59 1.9422 1.45921 9.697
60 1.9754 1.52477 10.191
61 2.0086 1.54047 10.707
62 2.0418 1.53411 11.238
63 2.075 1.40429 11.74
64 2.1082 1.72355 12.376
65 2.1414 1.65739 13.007
66 2.1746 1.66065 13.659
67 2.2078 1.54437 14.284
68 2.241 1.62846 14.963
69 2.2742 1.5603 15.633
70 2.3074 1.43655 16.268
71 2.3406 1.54998 16.973
72 2.3738 1.52617 17.687
73 2.407 1.51762 18.417
74 2.4402 1.5292 19.173
75 2.4734 1.45889 19.914
76 2.5066 1.43967 20.665
77 2.5398 1.31825 21.371
78 2.573 1.29901 22.085
79 2.6062 1.31755 22.828
80 2.6394 1.25695 23.555
81 2.6726 1.36756 24.366
82 2.7058 1.32598 25.172
83 2.739 1.29403 25.978
84 2.7722 1.23971 26.769
85 2.8054 1.29166 27.613
86 2.8386 1.2392 28.442
87 2.8718 1.22531 29.281
88 2.905 1.25599 30.161
89 2.9382 1.2445 31.053
90 2.9714 1.24686 31.967
91 3.0046 1.26749 32.917
92 3.0378 1.33261 33.938
93 3.071 1.2567 34.922
94 3.1042 1.22871 35.905
95 3.1374 1.20774 36.892
96 3.1706 1.28442 37.964
97 3.2038 1.22273 39.006
98 3.237 1.2702 40.111
99 3.2702 1.29748 41.263
100 3.3034 1.19206 42.343
6000 100
1 0.0166 0 0
2 0.0498 0 0
3 0.083 0 0
4 0.1162 0 0
5 0.1494 0 0
6 0.1826 0 0
7 0.2158 0 0
8 0.249 0 0
9 0.2822 0 0
10 0.3154 0 0
11 0.3486 0 0
12 0.3818 0 0
13 0.415 0 0
14 0.4482 0 0
15 0.4814 0 0
16 0.5146 0 0
17 0.5478 0 0
18 0.581 0 0
19 0.6142 0 0
20 0.6474 0 0
21 0.6806 0 0
22 0.7138 0 0
23 0.747 0 0
24 0.7802 0 0
25 0.8134 0 0
26 0.8466 0 0
27 0.8798 0 0
28 0.913 0.0288961 0.002
29 0.9462 0.215233 0.018
30 0.9794 0.765891 0.079
31 1.0126 1.98505 0.248
32 1.0458 2.83008 0.505
33 1.079 3.31033 0.825
34 1.1122 3.54407 1.189
35 1.1454 3.28653 1.547
36 1.1786 3.35543 1.934
37 1.2118 2.74761 2.269
38 1.245 2.83614 2.634
39 1.2782 2.36637 2.955
40 1.3114 2.16403 3.264
41 1.3446 1.97189 3.56
42 1.3778 1.97318 3.871
43 1.411 1.73018 4.157
44 1.4442 1.61113 4.436
45 1.4774 1.48435 4.705
46 1.5106 1.43566 4.977
47 1.5438 1.43017 5.26
48 1.577 1.2931 5.527
49 1.6102 1.39827 5.828
50 1.6434 1.1818 6.093
51 1.6766 1.30685 6.398
52 1.7098 1.29367 6.712
53 1.743 1.30036 7.04
54 1.7762 1.38201 7.402
55 1.8094 1.3244 7.762
56 1.8426 1.2913 8.126
57 1.8758 1.42399 8.542
58 1.909 1.44761 8.98
59 1.9422 1.47836 9.443
60 1.9754 1.54638 9.944
61 2.0086 1.58525 10.475
62 2.0418 1.61212 11.033
63 2.075 1.54136 11.584
64 2.1082 1.50133 12.138
65 2.1414 1.52343 12.718
66 2.1746 1.61736 13.353
67 2.2078 1.55425 13.982
68 2.241 1.55891 14.632
69 2.2742 1.61386 15.325
70 2.3074 1.50894 15.992
71 2.3406 1.55438 16.699
72 2.3738 1.41074 17.359
73 2.407 1.40951 18.037
74 2.4402 1.46649 18.762
75 2.4734 1.37226 19.459
76 2.5066 1.33423 20.155
77 2.5398 1.36493 20.886
78 2.573 1.35359 21.63
79 2.6062 1.33528 22.383
80 2.6394 1.31573 23.144
81 2.6726 1.25627 23.889
82 2.7058 1.2355 24.64
83 2.739 1.24265 25.414
84 2.7722 1.27419 26.227
85 2.8054 1.30237 27.078
86 2.8386 1.2377 27.906
87 2.8718 1.25014 28.762
88 2.905 1.20032 29.603
89 2.9382 1.22637 30.482
90 2.9714 1.1882 31.353
91 3.0046 1.29951 32.327
92 3.0378 1.28431 33.311
93 3.071 1.2005 34.251
94 3.1042 1.21371 35.222
95 3.1374 1.29339 36.279
96 3.1706 1.24608 37.319
97 3.2038 1.20513 38.346
98 3.237 1.23571 39.421
99 3.2702 1.17133 40.461
100 3.3034 1.25607 41.599
6500 100
1 0.0166 0 0
2 0.0498 0 0
3 0.083 0 0
4 0.1162 0 0
5 0.1494 0 0
6 0.1826 0 0
7 0.2158 0 0
8 0.249 0 0
9 0.2822 0 0
10 0.3154 0 0
11 0.3486 0 0
12 0.3818 0 0
13 0.415 0 0
14 0.4482 0 0
15 0.4814 0 0
16 0.5146 0 0
17 0.5478 0 0
18 0.581 0 0
19 0.6142 0 0
20 0.6474 0 0
21 0.6806 0 0
22 0.7138 0 0
23 0.747 0 0
24 0.7802 0 0
25 0.8134 0 0
26 0.8466 0 0
27 0.8798 0 0
28 0.913 0.0144481 0.001
29 0.9462 0.322849 0.025
30 0.9794 0.941669 0.1
31 1.0126 1.99679 0.27
32 1.0458 2.88514 0.532
33 1.079 3.49654 0.87
34 1.1122 3.77775 1.258
35 1.1454 3.61702 1.652
36 1.1786 3.40745 2.045
37 1.2118 2.67379 2.371
38 1.245 2.55641 2.7
39 1.2782 2.48432 3.037
40 1.3114 2.02397 3.326
41 1.3446 2.13843 3.647
42 1.3778 1.88435 3.944
43 1.411 1.88747 4.256
44 1.4442 1.56493 4.527
45 1.4774 1.58919 4.815
46 1.5106 1.45677 5.091
47 1.5438 1.50092 5.388
48 1.577 1.27372 5.651
49 1.6102 1.27284 5.925
50 1.6434 1.36464 6.231
51 1.6766 1.36684 6.55
52 1.7098 1.22363 6.847
53 1.743 1.31622 7.179
54 1.7762 1.23312 7.502
55 1.8094 1.33176 7.864
56 1.8426 1.34451 8.243
57 1.8758 1.39319 8.65
58 1.909 1.36167 9.062
59 1.9422 1.39854 9.5
60 1.9754 1.57416 10.01
61 2.0086 1.61809 10.552
62 2.0418 1.52256 11.079
63 2.075 1.68403 11.681
64 2.1082 1.65309 12.291
65 2.1414 1.60748 12.903
66 2.1746 1.33718 13.428
67 2.2078 1.5419 14.052
68 2.241 1.54452 14.696
69 2.2742 1.53934 15.357
70 2.3074 1.48179 16.012
71 2.3406 1.47963 16.685
72 2.3738 1.44067 17.359
73 2.407 1.28686 17.978
74 2.4402 1.38154 18.661
75 2.4734 1.32895 19.336
76 2.5066 1.39749 20.065
77 2.5398 1.35373 20.79
78 2.573 1.29901 21.504
79 2.6062 1.38316 22.284
80 2.6394 1.27597 23.022
81 2.6726 1.42827 23.869
82 2.7058 1.36053 24.696
83 2.739 1.22499 25.459
84 2.7722 1.28673 26.28
85 2.8054 1.23503 27.087
86 2.8386 1.26311 27.932
87 2.8718 1.28373 28.811
88 2.905 1.24171 29.681
89 2.9382 1.35054 30.649
90 2.9714 1.30552 31.606
91 3.0046 1.24081 32.536
92 3.0378 1.30128 33.533
93 3.071 1.25031 34.512
94 3.1042 1.24746 35.51
95 3.1374 1.242 36.525
96 3.1706 1.20414 37.53
97 3.2038 1.29314 38.632
98 3.237 1.25756 39.726
99 3.2702 1.2085 40.799
100 3.3034 1.13908 41.831
7000 100
1 0.0166 0 0
2 0.0498 0 0
3 0.083 0 0
4 0.1162 0 0
5 0.1494 0 0
6 0.1826 0 0
7 0.2158 0 0
8 0.249 0 0
9 0.2822 0 0
10 0.3154 0 0
11 0.3486 0 0
12 0.3818 0 0
13 0.415 0 0
14 0.4482 0 0
15 0.4814 0 0
16 0.5146 0 0
17 0.5478 0 0
18 0.581 0 0
19 0.6142 0 0
20 0.6474 0 0
21 0.6806 0 0
22 0.7138 0 0
23 0.747 0 0
24 0.7802 0 0
25 0.8134 0 0
26 0.8466 0 0
27 0.8798 0 0
28 0.913 0.0288961 0.002
29 0.9462 0.188329 0.016
30 0.9794 0.866336 0.085
31 1.0126 2.05552 0.26
32 1.0458 3.02829 0.535
33 1.079 3.78619 0.901
34 1.1122 3.47592 1.258
35 1.1454 3.50685 1.64
36 1.1786 3.19936 2.009
37 1.2118 2.69019 2.337
38 1.245 2.47094 2.655
39 1.2782 2.30002 2.967
40 1.3114 2.26908 3.291
41 1.3446 1.93192 3.581
42 1.3778 1.85897 3.874
43 1.411 1.68783 4.153
44 1.4442 1.64577 4.438
45 1.4774 1.53401 4.716
46 1.5106 1.54122 5.008
47 1.5438 1.39984 5.285
48 1.577 1.38511 5.571
49 1.6102 1.44472 5.882
50 1.6434 1.46721 6.211
51 1.6766 1.40111 6.538
52 1.7098 1.34723 6.865
53 1.743 1.31622 7.197
54 1.7762 1.37819 7.558
55 1.8094 1.3244 7.918
56 1.8426 1.36934 8.304
57 1.8758 1.45138 8.728
58 1.909 1.35837 9.139
59 1.9422 1.45282 9.594
60 1.9754 1.58342 10.107
61 2.0086 1.41806 10.582
62 2.0418 1.55723 11.121
63 2.075 1.56374 11.68
64 2.1082 1.58534 12.265
65 2.1414 1.67577 12.903
66 2.1746 1.58424 13.525
67 2.2078 1.6012 14.173
68 2.241 1.50854 14.802
69 2.2742 1.55099 15.468
70 2.3074 1.54966 16.153
71 2.3406 1.54558 16.856
72 2.3738 1.36372 17.494
73 2.407 1.52386 18.227
74 2.4402 1.4321 18.935
75 2.4734 1.4707 19.682
76 2.5066 1.28823 20.354
77 2.5398 1.35186 21.078
78 2.573 1.21714 21.747
79 2.6062 1.29627 22.478
80 2.6394 1.33475 23.25
81 2.6726 1.31191 24.028
82 2.7058 1.28485 24.809
83 2.739 1.23944 25.581
84 2.7722 1.30397 26.413
85 2.8054 1.16004 27.171
86 2.8386 1.31992 28.054
87 2.8718 1.23554 28.9
88 2.905 1.25456 29.779
89 2.9382 1.25846 30.681
90 2.9714 1.2646 31.608
91 3.0046 1.27416 32.563
92 3.0378 1.24907 33.52
93 3.071 1.31034 34.546
94 3.1042 1.18871 35.497
95 3.1374 1.23466 36.506
96 3.1706 1.27603 37.571
97 3.2038 1.20396 38.597
98 3.237 1.2633 39.696
99 3.2702 1.19724 40.759
100 3.3034 1.16888 41.818
7500 100
1 0.0166 0 0
2 0.0498 0 0
3 0.083 0 0
4 0.1162 0 0
5 0.1494 0 0
6 0.1826 0 0
7 0.2158 0 0
8 0.249 0 0
9 0.2822 0 0
10 0.3154 0 0
11 0.3486 0 0
12 0.3818 0 0
13 0.415 0 0
14 0.4482 0 0
15 0.4814 0 0
16 0.5146 0 0
17 0.5478 0 0
18 0.581 0 0
19 0.6142 0 0
20 0.6474 0 0
21 0.6806 0 0
22 0.7138 0 0
23 0.747 0 0
24 0.7802 0 0
25 0.8134 0 0
26 0.8466 0 0
27 0.8798 0 0
28 0.913 0.0433442 0.003
29 0.9462 0.228685 0.02
30 0.9794 0.828669 0.086
31 1.0126 2.32568 0.284
32 1.0458 2.88514 0.546
33 1.079 3.69309 0.903
34 1.1122 3.6317 1.276
35 1.1454 3.75472 1.685
36 1.1786 3.30341 2.066
37 1.2118 3.02647 2.435
38 1.245 2.70404 2.783
39 1.2782 2.53592 3.127
40 1.3114 2.38114 3.467
41 1.3446 1.91859 3.755
42 1.3778 2.10641 4.087
43 1.411 1.80277 4.385
44 1.4442 1.5476 4.653
45 1.4774 1.64989 4.952
46 1.5106 1.41455 5.22
47 1.5438 1.58177 5.533
48 1.577 1.44323 5.831
49 1.6102 1.30071 6.111
50 1.6434 1.3914 6.423
51 1.6766 1.37969 6.745
52 1.7098 1.42963 7.092
53 1.743 1.31226 7.423
54 1.7762 1.27893 7.758
55 1.8094 1.45684 8.154
56 1.8426 1.44384 8.561
57 1.8758 1.45138 8.985
58 1.909 1.47735 9.432
59 1.9422 1.53584 9.913
60 1.9754 1.52786 10.408
61 2.0086 1.6151 10.949
62 2.0418 1.55434 11.487
63 2.075 1.55535 12.043
64 2.1082 1.65851 12.655
65 2.1414 1.70729 13.305
66 2.1746 1.5333 13.907
67 2.2078 1.59379 14.552
68 2.241 1.54452 15.196
69 2.2742 1.49742 15.839
70 2.3074 1.52025 16.511
71 2.3406 1.57856 17.229
72 2.3738 1.46204 17.913
73 2.407 1.50099 18.635
74 2.4402 1.45233 19.353
75 2.4734 1.39982 20.064
76 2.5066 1.37449 20.781
77 2.5398 1.34999 21.504
78 2.573 1.31356 22.226
79 2.6062 1.27676 22.946
80 2.6394 1.23447 23.66
81 2.6726 1.32034 24.443
82 2.7058 1.37533 25.279
83 2.739 1.23302 26.047
84 2.7722 1.3024 26.878
85 2.8054 1.284 27.717
86 2.8386 1.25863 28.559
87 2.8718 1.2925 29.444
88 2.905 1.25884 30.326
89 2.9382 1.2738 31.239
90 2.9714 1.26323 32.165
91 3.0046 1.30618 33.144
92 3.0378 1.24124 34.095
93 3.071 1.29373 35.108
94 3.1042 1.26371 36.119
95 3.1374 1.24078 37.133
96 3.1706 1.27843 38.2
97 3.2038 1.22977 39.248
98 3.237 1.15985 40.257
99 3.2702 1.17021 41.296
100 3.3034 1.19095 42.375
8000 100
1 0.0166 0 0
2 0.0498 0 0
3 0.083 0 0
4 0.1162 0 0
5 0.1494 0 0
6 0.1826 0 0
7 0.2158 0 0
8 0.249 0 0
9 0.2822 0 0
10 0.3154 0 0
11 0.3486 0 0
12 0.3818 0 0
13 0.415 0 0
14 0.4482 0 0
15 0.4814 0 0
16 0.5146 0 0
17 0.5478 0 0
18 0.581 0 0
19 0.6142 0 0
20 0.6474 0 0
21 0.6806 0 0
22 0.7138 0 0
23 0.747 0 0
24 0.7802 0 0
25 0.8134 0 0
26 0.8466 0 0
27 0.8798 0 0
28 0.913 0.0144481 0.001
29 0.9462 0.295945 0.023
30 0.9794 0.916558 0.096
31 1.0126 2.17298 0.281
32 1.0458 3.11639 0.564
33 1.079 3.78619 0.93
34 1.1122 3.8459 1.325
35 1.1454 3.97505 1.758
36 1.1786 3.05197 2.11
37 1.2118 2.93625 2.468
38 1.245 2.56418 2.798
39 1.2782 2.52118 3.14
40 1.3114 2.15003 3.447
41 1.3446 2.03851 3.753
42 1.3778 1.73208 4.026
43 1.411 1.73018 4.312
44 1.4442 1.51873 4.575
45 1.4774 1.61127 4.867
46 1.5106 1.34593 5.122
47 1.5438 1.64242 5.447
48 1.577 1.44807 5.746
49 1.6102 1.47724 6.064
50 1.6434 1.38694 6.375
51 1.6766 1.44825 6.713
52 1.7098 1.31427 7.032
53 1.743 1.44309 7.396
54 1.7762 1.466 7.78
55 1.8094 1.38694 8.157
56 1.8426 1.37999 8.546
57 1.8758 1.41372 8.959
58 1.909 1.46083 9.401
59 1.9422 1.47517 9.863
60 1.9754 1.47848 10.342
61 2.0086 1.53151 10.855
62 2.0418 1.511 11.378
63 2.075 1.58332 11.944
64 2.1082 1.61786 12.541
65 2.1414 1.66264 13.174
66 2.1746 1.60717 13.805
67 2.2078 1.70004 14.493
68 2.241 1.61647 15.167
69 2.2742 1.47879 15.802
70 2.3074 1.56776 16.495
71 2.3406 1.47523 17.166
72 2.3738 1.4086 17.825
73 2.407 1.51138 18.552
74 2.4402 1.38154 19.235
75 2.4734 1.45101 19.972
76 2.5066 1.36682 20.685
77 2.5398 1.35186 21.409
78 2.573 1.27718 22.111
79 2.6062 1.39025 22.895
80 2.6394 1.37279 23.689
81 2.6726 1.21748 24.411
82 2.7058 1.26676 25.181
83 2.739 1.33417 26.012
84 2.7722 1.25852 26.815
85 2.8054 1.30696 27.669
86 2.8386 1.34533 28.569
87 2.8718 1.237 29.416
88 2.905 1.24171 30.286
89 2.9382 1.23892 31.174
90 2.9714 1.23049 32.076
91 3.0046 1.34221 33.082
92 3.0378 1.2817 34.064
93 3.071 1.28352 35.069
94 3.1042 1.21621 36.042
95 3.1374 1.20284 37.025
96 3.1706 1.22451 38.047
97 3.2038 1.23682 39.101
98 3.237 1.25526 40.193
99 3.2702 1.21976 41.276
100 3.3034 1.21524 42.377
8500 100
1 0.0166 0 0
2 0.0498 0 0
3 0.083 0 0
4 0.1162 0 0
5 0.1494 0 0
6 0.1826 0 0
7 0.2158 0 0
8 0.249 0 0
9 0.2822 0 0
10 0.3154 0 0
11 0.3486 0 0
12 0.3818 0 0
13 0.415 0 0
14 0.4482 0 0
15 0.4814 0 0
16 0.5146 0 0
17 0.5478 0 0
18 0.581 0 0
19 0.6142 0 0
20 0.6474 0 0
21 0.6806 0 0
22 0.7138 0 0
23 0.747 0 0
24 0.7802 0 0
25 0.8134 0 0
26 0.8466 0 0
27 0.8798 0 0
28 0.913 0.0288961 0.002
29 0.9462 0.309397 0.025
30 0.9794 0.816113 0.09
31 1.0126 2.46663 0.3
32 1.0458 3.17145 0.588
33 1.079 3.63102 0.939
34 1.1122 3.82643 1.332
35 1.1454 3.47013 1.71
36 1.1786 2.94792 2.05
37 1.2118 2.91985 2.406
38 1.245 2.64188 2.746
39 1.2782 2.49906 3.085
40 1.3114 2.03797 3.376
41 1.3446 2.02518 3.68
42 1.3778 1.7638 3.958
43 1.411 1.82697 4.26
44 1.4442 1.6631 4.548
45 1.4774 1.66645 4.85
46 1.5106 1.48844 5.132
47 1.5438 1.52618 5.434
48 1.577 1.43354 5.73
49 1.6102 1.37504 6.026
50 1.6434 1.3468 6.328
51 1.6766 1.37112 6.648
52 1.7098 1.33075 6.971
53 1.743 1.45894 7.339
54 1.7762 1.44691 7.718
55 1.8094 1.50099 8.126
56 1.8426 1.43675 8.531
57 1.8758 1.34184 8.923
58 1.909 1.44761 9.361
59 1.9422 1.38577 9.795
60 1.9754 1.64515 10.328
61 2.0086 1.53151 10.841
62 2.0418 1.56878 11.384
63 2.075 1.63368 11.968
64 2.1082 1.60431 12.56
65 2.1414 1.53131 13.143
66 2.1746 1.51293 13.737
67 2.2078 1.62344 14.394
68 2.241 1.47257 15.008
69 2.2742 1.49044 15.648
70 2.3074 1.47953 16.302
71 2.3406 1.48842 16.979
72 2.3738 1.42784 17.647
73 2.407 1.40536 18.323
74 2.4402 1.4584 19.044
75 2.4734 1.37423 19.742
76 2.5066 1.41091 20.478
77 2.5398 1.44336 21.251
78 2.573 1.37906 22.009
79 2.6062 1.35301 22.772
80 2.6394 1.26732 23.505
81 2.6726 1.36925 24.317
82 2.7058 1.34737 25.136
83 2.739 1.28119 25.934
84 2.7722 1.25539 26.735
85 2.8054 1.35593 27.621
86 2.8386 1.34832 28.523
87 2.8718 1.31732 29.425
88 2.905 1.2517 30.302
89 2.9382 1.30868 31.24
90 2.9714 1.26596 32.168
91 3.0046 1.26482 33.116
92 3.0378 1.28431 34.1
93 3.071 1.2899 35.11
94 3.1042 1.14871 36.029
95 3.1374 1.25546 37.055
96 3.1706 1.18497 38.044
97 3.2038 1.20631 39.072
98 3.237 1.21158 40.126
99 3.2702 1.21075 41.201
100 3.3034 1.22407 42.31
9000 100
1 0.0166 0 0
2 0.0498 0 0
3 0.083 0 0
4 0.1162 0 0
5 0.1494 0 0
6 0.1826 0 0
7 0.2158 0 0
8 0.249 0 0
9 0.2822 0 0
10 0.3154 0 0
11 0.3486 0 0
12 0.3818 0 0
13 0.415 0 0
14 0.4482 0 0
15 0.4814 0 0
16 0.5146 0 0
17 0.5478 0 0
18 0.581 0 0
19 0.6142 0 0
20 0.6474 0 0
21 0.6806 0 0
22 0.7138 0 0
23 0.747 0 0
24 0.7802 0 0
25 0.8134 0 0
26 0.8466 0 0
27 0.8798 0 0
28 0.913 0 0
29 0.9462 0.228685 0.017
30 0.9794 0.841225 0.084
31 1.0126 1.80886 0.238
32 1.0458 2.96222 0.507
33 1.079 3.41378 0.837
34 1.1122 3.50512 1.197
35 1.1454 3.52521 1.581
36 1.1786 2.93925 1.92
37 1.2118 2.84603 2.267
38 1.245 2.43209 2.58
39 1.2782 2.34425 2.898
40 1.3114 2.11501 3.2
41 1.3446 1.89861 3.485
42 1.3778 1.99856 3.8
43 1.411 1.62129 4.068
44 1.4442 1.70352 4.363
45 1.4774 1.58919 4.651
46 1.5106 1.52539 4.94
47 1.5438 1.49081 5.235
48 1.577 1.44323 5.533
49 1.6102 1.31001 5.815
50 1.6434 1.31559 6.11
51 1.6766 1.32827 6.42
52 1.7098 1.42139 6.765
53 1.743 1.31226 7.096
54 1.7762 1.32474 7.443
55 1.8094 1.27658 7.79
56 1.8426 1.46867 8.204
57 1.8758 1.33499 8.594
58 1.909 1.43769 9.029
59 1.9422 1.48794 9.495
60 1.9754 1.46922 9.971
61 2.0086 1.52255 10.481
62 2.0418 1.53989 11.014
63 2.075 1.67564 11.613
64 2.1082 1.43358 12.142
65 2.1414 1.57334 12.741
66 2.1746 1.45944 13.314
67 2.2078 1.53696 13.936
68 2.241 1.53493 14.576
69 2.2742 1.51373 15.226
70 2.3074 1.44333 15.864
71 2.3406 1.50821 16.55
72 2.3738 1.45349 17.23
73 2.407 1.4698 17.937
74 2.4402 1.35119 18.605
75 2.4734 1.44314 19.338
76 2.5066 1.36874 20.052
77 2.5398 1.30518 20.751
78 2.573 1.24989 21.438
79 2.6062 1.31577 22.18
80 2.6394 1.40218 22.991
81 2.6726 1.28831 23.755
82 2.7058 1.3194 24.557
83 2.739 1.31009 25.373
84 2.7722 1.30867 26.208
85 2.8054 1.34216 27.085
86 2.8386 1.36177 27.996
87 2.8718 1.23116 28.839
88 2.905 1.26312 29.724
89 2.9382 1.26962 30.634
90 2.9714 1.25232 31.552
91 3.0046 1.26616 32.501
92 3.0378 1.23863 33.45
93 3.071 1.29246 34.462
94 3.1042 1.22746 35.444
95 3.1374 1.21753 36.439
96 3.1706 1.18138 37.425
97 3.2038 1.08661 38.351
98 3.237 1.23571 39.426
99 3.2702 1.13642 40.435
100 3.3034 1.18543 41.509
9500 100
1 0.0166 0 0
2 0.0498 0 0
3 0.083 0 0
4 0.1162 0 0
5 0.1494 0 0
6 0.1826 0 0
7 0.2158 0 0
8 0.249 0 0
9 0.2822 0 0
10 0.3154 0 0
11 0.3486 0 0
12 0.3818 0 0
13 0.415 0 0
14 0.4482 0 0
15 0.4814 0 0
16 0.5146 0 0
17 0.5478 0 0
18 0.581 0 0
19 0.6142 0 0
20 0.6474 0 0
21 0.6806 0 0
22 0.7138 0 0
23 0.747 0 0
24 0.7802 0 0
25 0.8134 0 0
26 0.8466 0 0
27 0.8798 0 0
28 0.913 0.0144481 0.001
29 0.9462 0.255589 0.02
30 0.9794 0.866336 0.089
31 1.0126 1.80886 0.243
32 1.0458 2.71996 0.49
33 1.079 3.61033 0.839
34 1.1122 3.50512 1.199
35 1.1454 3.17636 1.545
36 1.1786 3.29474 1.925
37 1.2118 2.78862 2.265
38 1.245 2.78952 2.624
39 1.2782 2.2779 2.933
40 1.3114 2.20605 3.248
41 1.3446 1.85198 3.526
42 1.3778 1.74477 3.801
43 1.411 1.91772 4.118
44 1.4442 1.62267 4.399
45 1.4774 1.42365 4.657
46 1.5106 1.52011 4.945
47 1.5438 1.4049 5.223
48 1.577 1.27372 5.486
49 1.6102 1.30536 5.767
50 1.6434 1.26207 6.05
51 1.6766 1.25115 6.342
52 1.7098 1.30191 6.658
53 1.743 1.32019 6.991
54 1.7762 1.28657 7.328
55 1.8094 1.26554 7.672
56 1.8426 1.33387 8.048
57 1.8758 1.4548 8.473
58 1.909 1.40134 8.897
59 1.9422 1.28678 9.3
60 1.9754 1.4507 9.77
61 2.0086 1.44493 10.254
62 2.0418 1.52545 10.782
63 2.075 1.51619 11.324
64 2.1082 1.65851 11.936
65 2.1414 1.5208 12.515
66 2.1746 1.56896 13.131
67 2.2078 1.61109 13.783
68 2.241 1.4342 14.381
69 2.2742 1.59523 15.066
70 2.3074 1.48632 15.723
71 2.3406 1.38729 16.354
72 2.3738 1.4599 17.037
73 2.407 1.45733 17.738
74 2.4402 1.37547 18.418
75 2.4734 1.39392 19.126
76 2.5066 1.26714 19.787
77 2.5398 1.28464 20.475
78 2.573 1.25534 21.165
79 2.6062 1.27499 21.884
80 2.6394 1.26905 22.618
81 2.6726 1.23434 23.35
82 2.7058 1.25688 24.114
83 2.739 1.23142 24.881
84 2.7722 1.30867 25.716
85 2.8054 1.25799 26.538
86 2.8386 1.22873 27.36
87 2.8718 1.20341 28.184
88 2.905 1.24029 29.053
89 2.9382 1.22218 29.929
90 2.9714 1.19093 30.802
91 3.0046 1.20478 31.705
92 3.0378 1.3065 32.706
93 3.071 1.25031 33.685
94 3.1042 1.20496 34.649
95 3.1374 1.23588 35.659
96 3.1706 1.26765 36.717
97 3.2038 1.25559 37.787
98 3.237 1.20583 38.836
99 3.2702 1.1443 39.852
100 3.3034 1.21413 40.952
10000 100
1 0.0166 0 0
2 0.0498 0 0
3 0.083 0 0
4 0.1162 0 0
5 0.1494 0 0
6 0.1826 0 0
7 0.2158 0 0
8 0.249 0 0
9 0.2822 0 0
10 0.3154 0 0
11 0.3486 0 0
12 0.3818 0 0
13 0.415 0 0
14 0.4482 0 0
15 0.4814 0 0
16 0.5146 0 0
17 0.5478 0 0
18 0.581 0 0
19 0.6142 0 0
20 0.6474 0 0
21 0.6806 0 0
22 0.7138 0 0
23 0.747 0 0
24 0.7802 0 0
25 0.8134 0 0
26 0.8466 0 0
27 0.8798 0 0
28 0.913 0.0144481 0.001
29 0.9462 0.201781 0.016
30 0.9794 0.791002 0.079
31 1.0126 1.63267 0.218
32 1.0458 2.65389 0.459
33 1.079 3.38275 0.786
34 1.1122 3.53433 1.149
35 1.1454 3.03866 1.48
36 1.1786 3.07798 1.835
37 1.2118 2.94445 2.194
38 1.245 2.57972 2.526
39 1.2782 2.2263 2.828
40 1.3114 2.00296 3.114
41 1.3446 1.97189 3.41
42 1.3778 1.77015 3.689
43 1.411 1.67573 3.966
44 1.4442 1.76127 4.271
45 1.4774 1.60575 4.562
46 1.5106 1.52539 4.851
47 1.5438 1.32404 5.113
48 1.577 1.44323 5.411
49 1.6102 1.4122 5.715
50 1.6434 1.27545 6.001
51 1.6766 1.33256 6.312
52 1.7098 1.22363 6.609
53 1.743 1.25675 6.926
54 1.7762 1.14913 7.227
55 1.8094 1.18828 7.55
56 1.8426 1.34096 7.928
57 1.8758 1.41715 8.342
58 1.909 1.34184 8.748
59 1.9422 1.39215 9.184
60 1.9754 1.426 9.646
61 2.0086 1.51957 10.155
62 2.0418 1.459 10.66
63 2.075 1.54976 11.214
64 2.1082 1.59076 11.801
65 2.1414 1.50767 12.375
66 2.1746 1.50783 12.967
67 2.2078 1.59873 13.614
68 2.241 1.64525 14.3
69 2.2742 1.47879 14.935
70 2.3074 1.48632 15.592
71 2.3406 1.56977 16.306
72 2.3738 1.38509 16.954
73 2.407 1.36794 17.612
74 2.4402 1.36131 18.285
75 2.4734 1.3821 18.987
76 2.5066 1.30548 19.668
77 2.5398 1.38921 20.412
78 2.573 1.36268 21.161
79 2.6062 1.30513 21.897
80 2.6394 1.29326 22.645
81 2.6726 1.26301 23.394
82 2.7058 1.23714 24.146
83 2.739 1.35022 24.987
84 2.7722 1.24128 25.779
85 2.8054 1.23962 26.589
86 2.8386 1.27507 27.442
87 2.8718 1.21071 28.271
88 2.905 1.27739 29.166
89 2.9382 1.24032 30.055
90 2.9714 1.27687 30.991
91 3.0046 1.25548 31.932
92 3.0378 1.28301 32.915
93 3.071 1.25925 33.901
94 3.1042 1.27746 34.923
95 3.1374 1.30685 35.991
96 3.1706 1.19815 36.991
97 3.2038 1.2333 38.042
98 3.237 1.19088 39.078
99 3.2702 1.27382 40.209
100 3.3034 1.21303 41.308
