# Time-averaged data for fix rdf
# TimeStep Number-of-rows
# Row c_myRDF[1] c_myRDF[2] c_myRDF[3]
1000 100
1 0.0156 0 0
2 0.0468 0 0
3 0.078 0 0
4 0.1092 0 0
5 0.1404 0 0
6 0.1716 0 0
7 0.2028 0 0
8 0.234 0 0
9 0.2652 0 0
10 0.2964 0 0
11 0.3276 0 0
12 0.3588 0 0
13 0.39 0 0
14 0.4212 0 0
15 0.4524 0 0
16 0.4836 0 0
17 0.5148 0 0
18 0.546 0 0
19 0.5772 0 0
20 0.6084 0 0
21 0.6396 0 0
22 0.6708 0 0
23 0.702 0 0
24 0.7332 0 0
25 0.7644 0 0
26 0.7956 0 0
27 0.8268 0 0
28 0.858 0 0
29 0.8892 0 0
30 0.9204 0.0453846 0.003
31 0.9516 0.622712 0.047
32 0.9828 2.03005 0.2
33 1.014 4.2379 0.54
34 1.0452 5.93611 1.046
35 1.0764 6.55933 1.639
36 1.1076 6.89496 2.299
37 1.1388 6.43341 2.95
38 1.17 5.52379 3.54
39 1.2012 5.08958 4.113
40 1.2324 4.61576 4.66
41 1.2636 3.66021 5.116
42 1.2948 3.25661 5.542
43 1.326 3.14161 5.973
44 1.3572 2.48396 6.33
45 1.3884 2.49325 6.705
46 1.4196 2.16228 7.045
47 1.4508 2.07028 7.385
48 1.482 1.76812 7.688
49 1.5132 2.04299 8.053
50 1.5444 1.72486 8.374
51 1.5756 1.55397 8.675
52 1.6068 1.43464 8.964
53 1.638 1.51426 9.281
54 1.6692 1.73418 9.658
55 1.7004 1.87503 10.081
56 1.7316 1.90638 10.527
57 1.7628 1.71577 10.943
58 1.794 1.92342 11.426
59 1.8252 2.04674 11.958
60 1.8564 2.28348 12.572
61 1.8876 2.22661 13.191
62 1.9188 2.38802 13.877
63 1.95 2.21784 14.535
64 1.9812 2.39017 15.267
65 2.0124 2.46221 16.045
66 2.0436 2.4766 16.852
67 2.0748 2.65277 17.743
68 2.106 2.47072 18.598
69 2.1372 2.41314 19.458
70 2.1684 2.39054 20.335
71 2.1996 2.22254 21.174
72 2.2308 2.21489 22.034
73 2.262 2.0966 22.871
74 2.2932 2.17886 23.765
75 2.3244 2.05434 24.631
76 2.3556 2.028 25.509
77 2.3868 1.96633 26.383
78 2.418 1.87426 27.238
79 2.4492 1.66229 28.016
80 2.4804 1.59157 28.78
81 2.5116 1.63152 29.583
82 2.5428 1.63732 30.409
83 2.574 1.594 31.233
84 2.6052 1.62592 32.094
85 2.6364 1.53234 32.925
86 2.6676 1.55975 33.791
87 2.6988 1.66291 34.736
88 2.73 1.50302 35.61
89 2.7612 1.50118 36.503
90 2.7924 1.59603 37.474
91 2.8236 1.61401 38.478
92 2.8548 1.63239 39.516
93 2.886 1.70039 40.621
94 2.9172 1.7124 41.758
95 2.9484 1.57168 42.824
96 2.9796 1.68619 43.992
97 3.0108 1.62031 45.138
98 3.042 1.57478 46.275
99 3.0732 1.50497 47.384
100 3.1044 1.57462 48.568
1500 100
1 0.0156 0 0
2 0.0468 0 0
3 0.078 0 0
4 0.1092 0 0
5 0.1404 0 0
6 0.1716 0 0
7 0.2028 0 0
8 0.234 0 0
9 0.2652 0 0
10 0.2964 0 0
11 0.3276 0 0
12 0.3588 0 0
13 0.39 0 0
14 0.4212 0 0
15 0.4524 0 0
16 0.4836 0 0
17 0.5148 0 0
18 0.546 0 0
19 0.5772 0 0
20 0.6084 0 0
21 0.6396 0 0
22 0.6708 0 0
23 0.702 0 0
24 0.7332 0 0
25 0.7644 0 0
26 0.7956 0 0
27 0.8268 0 0
28 0.858 0 0
29 0.8892 0 0
30 0.9204 0.0151282 0.001
31 0.9516 0.382119 0.028
32 0.9828 1.64527 0.152
33 1.014 3.25322 0.413
34 1.0452 4.75123 0.818
35 1.0764 5.43108 1.309
36 1.1076 5.08765 1.796
37 1.1388 4.75341 2.277
38 1.17 4.96205 2.807
39 1.2012 3.81052 3.236
40 1.2324 3.97445 3.707
41 1.2636 3.28295 4.116
42 1.2948 3.04256 4.514
43 1.326 2.65324 4.878
44 1.3572 2.31001 5.21
45 1.3884 2.17412 5.537
46 1.4196 1.95241 5.844
47 1.4508 2.09464 6.188
48 1.482 1.92568 6.518
49 1.5132 1.74634 6.83
50 1.5444 1.75172 7.156
51 1.5756 1.76564 7.498
52 1.6068 1.73249 7.847
53 1.638 1.60502 8.183
54 1.6692 2.03778 8.626
55 1.7004 1.59577 8.986
56 1.7316 1.72258 9.389
57 1.7628 1.76114 9.816
58 1.794 1.79997 10.268
59 1.8252 1.73126 10.718
60 1.8564 1.79257 11.2
61 1.8876 1.69064 11.67
62 1.9188 2.08865 12.27
63 1.95 1.92797 12.842
64 1.9812 2.04405 13.468
65 2.0124 2.23118 14.173
66 2.0436 2.12368 14.865
67 2.0748 2.04838 15.553
68 2.106 2.09217 16.277
69 2.1372 2.18866 17.057
70 2.1684 2.24062 17.879
71 2.1996 2.14837 18.69
72 2.2308 1.98825 19.462
73 2.262 1.91374 20.226
74 2.2932 1.92783 21.017
75 2.3244 1.77442 21.765
76 2.3556 1.84321 22.563
77 2.3868 1.83134 23.377
78 2.418 1.66163 24.135
79 2.4492 1.69648 24.929
80 2.4804 1.72073 25.755
81 2.5116 1.5604 26.523
82 2.5428 1.65119 27.356
83 2.574 1.64623 28.207
84 2.6052 1.56549 29.036
85 2.6364 1.55263 29.878
86 2.6676 1.54534 30.736
87 2.6988 1.5626 31.624
88 2.73 1.59932 32.554
89 2.7612 1.50623 33.45
90 2.7924 1.50234 34.364
91 2.8236 1.49022 35.291
92 2.8548 1.47985 36.232
93 2.886 1.4311 37.162
94 2.9172 1.45185 38.126
95 2.9484 1.3977 39.074
96 2.9796 1.51295 40.122
97 3.0108 1.5072 41.188
98 3.042 1.54154 42.301
99 3.0732 1.45612 43.374
100 3.1044 1.42301 44.444
2000 100
1 0.0156 0 0
2 0.0468 0 0
3 0.078 0 0
4 0.1092 0 0
5 0.1404 0 0
6 0.1716 0 0
7 0.2028 0 0
8 0.234 0 0
9 0.2652 0 0
10 0.2964 0 0
11 0.3276 0 0
12 0.3588 0 0
13 0.39 0 0
14 0.4212 0 0
15 0.4524 0 0
16 0.4836 0 0
17 0.5148 0 0
18 0.546 0 0
19 0.5772 0 0
20 0.6084 0 0
21 0.6396 0 0
22 0.6708 0 0
23 0.702 0 0
24 0.7332 0 0
25 0.7644 0 0
26 0.7956 0 0
27 0.8268 0 0
28 0.858 0 0
29 0.8892 0 0
30 0.9204 0 0
31 0.9516 0.410424 0.029
32 0.9828 1.23395 0.122
33 1.014 3.00393 0.363
34 1.0452 4.17639 0.719
35 1.0764 4.32495 1.11
36 1.1076 5.02496 1.591
37 1.1388 4.46682 2.043
38 1.17 3.99772 2.47
39 1.2012 3.81052 2.899
40 1.2324 3.22344 3.281
41 1.2636 3.0582 3.662
42 1.2948 2.7062 4.016
43 1.326 2.39083 4.344
44 1.3572 2.67878 4.729
45 1.3884 2.33368 5.08
46 1.4196 1.85702 5.372
47 1.4508 2.10073 5.717
48 1.482 1.89067 6.041
49 1.5132 1.85269 6.372
50 1.5444 1.61202 6.672
51 1.5756 1.59527 6.981
52 1.6068 1.5091 7.285
53 1.638 1.42828 7.584
54 1.6692 1.56398 7.924
55 1.7004 1.44506 8.25
56 1.7316 1.69266 8.646
57 1.7628 1.53429 9.018
58 1.794 1.73625 9.454
59 1.8252 1.6851 9.892
60 1.8564 1.7405 10.36
61 1.8876 1.69423 10.831
62 1.9188 1.8032 11.349
63 1.95 1.91786 11.918
64 1.9812 2.01466 12.535
65 2.0124 1.98749 13.163
66 2.0436 1.91806 13.788
67 2.0748 1.99776 14.459
68 2.106 1.84076 15.096
69 2.1372 2.03714 15.822
70 2.1684 1.9108 16.523
71 2.1996 1.88082 17.233
72 2.2308 1.90584 17.973
73 2.262 1.7384 18.667
74 2.2932 1.78891 19.401
75 2.3244 1.84321 20.178
76 2.3556 1.74389 20.933
77 2.3868 1.72785 21.701
78 2.418 1.69451 22.474
79 2.4492 1.61956 23.232
80 2.4804 1.58116 23.991
81 2.5116 1.64168 24.799
82 2.5428 1.53622 25.574
83 2.574 1.58626 26.394
84 2.6052 1.45407 27.164
85 2.6364 1.53234 27.995
86 2.6676 1.4859 28.82
87 2.6988 1.42711 29.631
88 2.73 1.33965 30.41
89 2.7612 1.42722 31.259
90 2.7924 1.39386 32.107
91 2.8236 1.43235 32.998
92 2.8548 1.48456 33.942
93 2.886 1.47572 34.901
94 2.9172 1.42776 35.849
95 2.9484 1.4611 36.84
96 2.9796 1.4321 37.832
97 3.0108 1.51003 38.9
98 3.042 1.45013 39.947
99 3.0732 1.40455 40.982
100 3.1044 1.40173 42.036
2500 100
1 0.0156 0 0
2 0.0468 0 0
3 0.078 0 0
4 0.1092 0 0
5 0.1404 0 0
6 0.1716 0 0
7 0.2028 0 0
8 0.234 0 0
9 0.2652 0 0
10 0.2964 0 0
11 0.3276 0 0
12 0.3588 0 0
13 0.39 0 0
14 0.4212 0 0
15 0.4524 0 0
16 0.4836 0 0
17 0.5148 0 0
18 0.546 0 0
19 0.5772 0 0
20 0.6084 0 0
21 0.6396 0 0
22 0.6708 0 0
23 0.702 0 0
24 0.7332 0 0
25 0.7644 0 0
26 0.7956 0 0
27 0.8268 0 0
28 0.858 0 0
29 0.8892 0 0
30 0.9204 0.0302564 0.002
31 0.9516 0.240593 0.019
32 0.9828 1.23395 0.112
33 1.014 2.65492 0.325
34 1.0452 3.74233 0.644
35 1.0764 4.0263 1.008
36 1.1076 4.13698 1.404
37 1.1388 4.44706 1.854
38 1.17 3.85729 2.266
39 1.2012 3.35752 2.644
40 1.2324 3.25719 3.03
41 1.2636 3.31506 3.443
42 1.2948 2.78264 3.807
43 1.326 2.53662 4.155
44 1.3572 2.28218 4.483
45 1.3884 2.08768 4.797
46 1.4196 1.99693 5.111
47 1.4508 1.71103 5.392
48 1.482 1.73895 5.69
49 1.5132 1.52805 5.963
50 1.5444 1.43469 6.23
51 1.5756 1.56946 6.534
52 1.6068 1.52896 6.842
53 1.638 1.47605 7.151
54 1.6692 1.43518 7.463
55 1.7004 1.50712 7.803
56 1.7316 1.58153 8.173
57 1.7628 1.64153 8.571
58 1.794 1.43759 8.932
59 1.8252 1.51582 9.326
60 1.8564 1.66984 9.775
61 1.8876 1.63668 10.23
62 1.9188 1.69528 10.717
63 1.95 1.84033 11.263
64 1.9812 1.88079 11.839
65 2.0124 1.87356 12.431
66 2.0436 1.77075 13.008
67 2.0748 1.85188 13.63
68 2.106 1.81764 14.259
69 2.1372 1.97822 14.964
70 2.1684 1.78541 15.619
71 2.1996 1.653 16.243
72 2.2308 1.75646 16.925
73 2.262 1.71335 17.609
74 2.2932 1.69142 18.303
75 2.3244 1.60836 18.981
76 2.3556 1.7462 19.737
77 2.3868 1.68735 20.487
78 2.418 1.70108 21.263
79 2.4492 1.69007 22.054
80 2.4804 1.47908 22.764
81 2.5116 1.53399 23.519
82 2.5428 1.60362 24.328
83 2.574 1.42957 25.067
84 2.6052 1.42952 25.824
85 2.6364 1.44014 26.605
86 2.6676 1.38684 27.375
87 2.6988 1.37608 28.157
88 2.73 1.41359 28.979
89 2.7612 1.37342 29.796
90 2.7924 1.35112 30.618
91 2.8236 1.45325 31.522
92 2.8548 1.42166 32.426
93 2.886 1.49265 33.396
94 2.9172 1.43077 34.346
95 2.9484 1.40655 35.3
96 2.9796 1.38013 36.256
97 3.0108 1.42803 37.266
98 3.042 1.34071 38.234
99 3.0732 1.39505 39.262
100 3.1044 1.34188 40.271
3000 100
1 0.0156 0 0
2 0.0468 0 0
3 0.078 0 0
4 0.1092 0 0
5 0.1404 0 0
6 0.1716 0 0
7 0.2028 0 0
8 0.234 0 0
9 0.2652 0 0
10 0.2964 0 0
11 0.3276 0 0
12 0.3588 0 0
13 0.39 0 0
14 0.4212 0 0
15 0.4524 0 0
16 0.4836 0 0
17 0.5148 0 0
18 0.546 0 0
19 0.5772 0 0
20 0.6084 0 0
21 0.6396 0 0
22 0.6708 0 0
23 0.702 0 0
24 0.7332 0 0
25 0.7644 0 0
26 0.7956 0 0
27 0.8268 0 0
28 0.858 0 0
29 0.8892 0.0162084 0.001
30 0.9204 0.0302564 0.003
31 0.9516 0.254746 0.021
32 0.9828 1.26049 0.116
33 1.014 2.45549 0.313
34 1.0452 3.12056 0.579
35 1.0764 3.94887 0.936
36 1.1076 4.32502 1.35
37 1.1388 3.58729 1.713
38 1.17 3.67004 2.105
39 1.2012 3.21541 2.467
40 1.2324 3.15593 2.841
41 1.2636 2.88964 3.201
42 1.2948 2.76735 3.563
43 1.326 2.2086 3.866
44 1.3572 2.21956 4.185
45 1.3884 2.10098 4.501
46 1.4196 1.88882 4.798
47 1.4508 1.90588 5.111
48 1.482 1.77979 5.416
49 1.5132 1.57283 5.697
50 1.5444 1.61739 5.998
51 1.5756 1.45588 6.28
52 1.6068 1.66796 6.616
53 1.638 1.34229 6.897
54 1.6692 1.39378 7.2
55 1.7004 1.4096 7.518
56 1.7316 1.44475 7.856
57 1.7628 1.35694 8.185
58 1.794 1.33803 8.521
59 1.8252 1.50043 8.911
60 1.8564 1.46901 9.306
61 1.8876 1.54675 9.736
62 1.9188 1.65351 10.211
63 1.95 1.45946 10.644
64 1.9812 1.67181 11.156
65 2.0124 1.67417 11.685
66 2.0436 1.75234 12.256
67 2.0748 1.67026 12.817
68 2.106 1.78008 13.433
69 2.1372 1.8295 14.085
70 2.1684 1.78268 14.739
71 2.1996 1.66095 15.366
72 2.2308 1.79509 16.063
73 2.262 1.65824 16.725
74 2.2932 1.75722 17.446
75 2.3244 1.71748 18.17
76 2.3556 1.67229 18.894
77 2.3868 1.66485 19.634
78 2.418 1.52571 20.33
79 2.4492 1.48495 21.025
80 2.4804 1.53949 21.764
81 2.5116 1.46491 22.485
82 2.5428 1.46486 23.224
83 2.574 1.46052 23.979
84 2.6052 1.43896 24.741
85 2.6364 1.39773 25.499
86 2.6676 1.33461 26.24
87 2.6988 1.33033 26.996
88 2.73 1.32417 27.766
89 2.7612 1.43562 28.62
90 2.7924 1.32811 29.428
91 2.8236 1.40341 30.301
92 2.8548 1.35246 31.161
93 2.886 1.36647 32.049
94 2.9172 1.33137 32.933
95 2.9484 1.46552 33.927
96 2.9796 1.31661 34.839
97 3.0108 1.30502 35.762
98 3.042 1.3324 36.724
99 3.0732 1.37062 37.734
100 3.1044 1.34986 38.749
3500 100
1 0.0156 0 0
2 0.0468 0 0
3 0.078 0 0
4 0.1092 0 0
5 0.1404 0 0
6 0.1716 0 0
7 0.2028 0 0
8 0.234 0 0
9 0.2652 0 0
10 0.2964 0 0
11 0.3276 0 0
12 0.3588 0 0
13 0.39 0 0
14 0.4212 0 0
15 0.4524 0 0
16 0.4836 0 0
17 0.5148 0 0
18 0.546 0 0
19 0.5772 0 0
20 0.6084 0 0
21 0.6396 0 0
22 0.6708 0 0
23 0.702 0 0
24 0.7332 0 0
25 0.7644 0 0
26 0.7956 0 0
27 0.8268 0 0
28 0.858 0 0
29 0.8892 0 0
30 0.9204 0.0605129 0.004
31 0.9516 0.396271 0.032
32 0.9828 1.0482 0.111
33 1.014 2.21867 0.289
34 1.0452 3.02671 0.547
35 1.0764 4.00418 0.909
36 1.1076 3.77133 1.27
37 1.1388 4.02212 1.677
38 1.17 3.68877 2.071
39 1.2012 3.58847 2.475
40 1.2324 3.11374 2.844
41 1.2636 2.68094 3.178
42 1.2948 2.54566 3.511
43 1.326 2.33252 3.831
44 1.3572 2.17781 4.144
45 1.3884 2.02785 4.449
46 1.4196 1.61535 4.703
47 1.4508 1.65014 4.974
48 1.482 1.55221 5.24
49 1.5132 1.60641 5.527
50 1.5444 1.60127 5.825
51 1.5756 1.61076 6.137
52 1.6068 1.51407 6.442
53 1.638 1.54292 6.765
54 1.6692 1.26959 7.041
55 1.7004 1.32981 7.341
56 1.7316 1.42765 7.675
57 1.7628 1.34869 8.002
58 1.794 1.52121 8.384
59 1.8252 1.48889 8.771
60 1.8564 1.48389 9.17
61 1.8876 1.39208 9.557
62 1.9188 1.5456 10.001
63 1.95 1.55046 10.461
64 1.9812 1.65222 10.967
65 2.0124 1.69949 11.504
66 2.0436 1.71858 12.064
67 2.0748 1.55117 12.585
68 2.106 1.61825 13.145
69 2.1372 1.75935 13.772
70 2.1684 1.70909 14.399
71 2.1996 1.71393 15.046
72 2.2308 1.76419 15.731
73 2.262 1.69331 16.407
74 2.2932 1.70117 17.105
75 2.3244 1.78391 17.857
76 2.3556 1.53832 18.523
77 2.3868 1.57711 19.224
78 2.418 1.58929 19.949
79 2.4492 1.40804 20.608
80 2.4804 1.49783 21.327
81 2.5116 1.44662 22.039
82 2.5428 1.41134 22.751
83 2.574 1.40829 23.479
84 2.6052 1.2218 24.126
85 2.6364 1.3461 24.856
86 2.6676 1.32741 25.593
87 2.6988 1.32505 26.346
88 2.73 1.32589 27.117
89 2.7612 1.34653 27.918
90 2.7924 1.34455 28.736
91 2.8236 1.36805 29.587
92 2.8548 1.34774 30.444
93 2.886 1.1895 31.217
94 2.9172 1.41571 32.157
95 2.9484 1.27533 33.022
96 2.9796 1.26753 33.9
97 3.0108 1.23715 34.775
98 3.042 1.33102 35.736
99 3.0732 1.26342 36.667
100 3.1044 1.30066 37.645
4000 100
1 0.0156 0 0
2 0.0468 0 0
3 0.078 0 0
4 0.1092 0 0
5 0.1404 0 0
6 0.1716 0 0
7 0.2028 0 0
8 0.234 0 0
9 0.2652 0 0
10 0.2964 0 0
11 0.3276 0 0
12 0.3588 0 0
13 0.39 0 0
14 0.4212 0 0
15 0.4524 0 0
16 0.4836 0 0
17 0.5148 0 0
18 0.546 0 0
19 0.5772 0 0
20 0.6084 0 0
21 0.6396 0 0
22 0.6708 0 0
23 0.702 0 0
24 0.7332 0 0
25 0.7644 0 0
26 0.7956 0 0
27 0.8268 0 0
28 0.858 0 0
29 0.8892 0 0
30 0.9204 0.0756411 0.005
31 0.9516 0.396271 0.033
32 0.9828 1.07473 0.114
33 1.014 2.35578 0.303
34 1.0452 3.2848 0.583
35 1.0764 3.93781 0.939
36 1.1076 3.94893 1.317
37 1.1388 4.00235 1.722
38 1.17 3.55769 2.102
39 1.2012 3.29535 2.473
40 1.2324 3.02936 2.832
41 1.2636 2.56857 3.152
42 1.2948 2.45392 3.473
43 1.326 2.16487 3.77
44 1.3572 2.06648 4.067
45 1.3884 1.89487 4.352
46 1.4196 1.73618 4.625
47 1.4508 1.74756 4.912
48 1.482 1.6164 5.189
49 1.5132 1.56163 5.468
50 1.5444 1.41857 5.732
51 1.5756 1.3836 6
52 1.6068 1.58853 6.32
53 1.638 1.4235 6.618
54 1.6692 1.38918 6.92
55 1.7004 1.46722 7.251
56 1.7316 1.55588 7.615
57 1.7628 1.35694 7.944
58 1.794 1.5013 8.321
59 1.8252 1.50043 8.711
60 1.8564 1.49133 9.112
61 1.8876 1.56114 9.546
62 1.9188 1.55256 9.992
63 1.95 1.63136 10.476
64 1.9812 1.74038 11.009
65 2.0124 1.64569 11.529
66 2.0436 1.59583 12.049
67 2.0748 1.68515 12.615
68 2.106 1.76563 13.226
69 2.1372 1.71165 13.836
70 2.1684 1.77178 14.486
71 2.1996 1.65565 15.111
72 2.2308 1.60966 15.736
73 2.262 1.533 16.348
74 2.2932 1.64024 17.021
75 2.3244 1.47552 17.643
76 2.3556 1.52908 18.305
77 2.3868 1.53886 18.989
78 2.418 1.46214 19.656
79 2.4492 1.51273 20.364
80 2.4804 1.39159 21.032
81 2.5116 1.38974 21.716
82 2.5428 1.40936 22.427
83 2.574 1.41409 23.158
84 2.6052 1.47107 23.937
85 2.6364 1.27419 24.628
86 2.6676 1.46069 25.439
87 2.6988 1.32857 26.194
88 2.73 1.44111 27.032
89 2.7612 1.35661 27.839
90 2.7924 1.35112 28.661
91 2.8236 1.3584 29.506
92 2.8548 1.27069 30.314
93 2.886 1.31876 31.171
94 2.9172 1.33589 32.058
95 2.9484 1.34315 32.969
96 2.9796 1.29351 33.865
97 3.0108 1.26967 34.763
98 3.042 1.30886 35.708
99 3.0732 1.27563 36.648
100 3.1044 1.31661 37.638
4500 100
1 0.0156 0 0
2 0.0468 0 0
3 0.078 0 0
4 0.1092 0 0
5 0.1404 0 0
6 0.1716 0 0
7 0.2028 0 0
8 0.234 0 0
9 0.2652 0 0
10 0.2964 0 0
11 0.3276 0 0
12 0.3588 0 0
13 0.39 0 0
14 0.4212 0 0
15 0.4524 0 0
16 0.4836 0 0
17 0.5148 0 0
18 0.546 0 0
19 0.5772 0 0
20 0.6084 0 0
21 0.6396 0 0
22 0.6708 0 0
23 0.702 0 0
24 0.7332 0 0
25 0.7644 0 0
26 0.7956 0 0
27 0.8268 0 0
28 0.858 0 0
29 0.8892 0 0
30 0.9204 0.0605129 0.004
31 0.9516 0.339661 0.028
32 0.9828 1.24722 0.122
33 1.014 2.34331 0.31
34 1.0452 3.21442 0.584
35 1.0764 4.09267 0.954
36 1.1076 3.96983 1.334
37 1.1388 3.83435 1.722
38 1.17 3.44535 2.09
39 1.2012 3.30423 2.462
40 1.2324 2.8184 2.796
41 1.2636 2.66489 3.128
42 1.2948 2.63739 3.473
43 1.326 2.36897 3.798
44 1.3572 2.06648 4.095
45 1.3884 1.88822 4.379
46 1.4196 1.55811 4.624
47 1.4508 1.56489 4.881
48 1.482 1.49386 5.137
49 1.5132 1.47208 5.4
50 1.5444 1.40245 5.661
51 1.5756 1.31132 5.915
52 1.6068 1.35025 6.187
53 1.638 1.38051 6.476
54 1.6692 1.48118 6.798
55 1.7004 1.41846 7.118
56 1.7316 1.26095 7.413
57 1.7628 1.47243 7.77
58 1.794 1.34998 8.109
59 1.8252 1.50428 8.5
60 1.8564 1.56199 8.92
61 1.8876 1.43884 9.32
62 1.9188 1.60826 9.782
63 1.95 1.63136 10.266
64 1.9812 1.63589 10.767
65 2.0124 1.75013 11.32
66 2.0436 1.59583 11.84
67 2.0748 1.61072 12.381
68 2.106 1.61536 12.94
69 2.1372 1.77618 13.573
70 2.1684 1.66547 14.184
71 2.1996 1.60796 14.791
72 2.2308 1.59421 15.41
73 2.262 1.58811 16.044
74 2.2932 1.56469 16.686
75 2.3244 1.62497 17.371
76 2.3556 1.54294 18.039
77 2.3868 1.44662 18.682
78 2.418 1.37007 19.307
79 2.4492 1.43367 19.978
80 2.4804 1.42908 20.664
81 2.5116 1.41818 21.362
82 2.5428 1.33404 22.035
83 2.574 1.35606 22.736
84 2.6052 1.32 23.435
85 2.6364 1.28525 24.132
86 2.6676 1.41206 24.916
87 2.6988 1.39719 25.71
88 2.73 1.2657 26.446
89 2.7612 1.32803 27.236
90 2.7924 1.40865 28.093
91 2.8236 1.32947 28.92
92 2.8548 1.38549 29.801
93 2.886 1.33261 30.667
94 2.9172 1.28016 31.517
95 2.9484 1.3343 32.422
96 2.9796 1.30939 33.329
97 3.0108 1.27108 34.228
98 3.042 1.28116 35.153
99 3.0732 1.26206 36.083
100 3.1044 1.23017 37.008
5000 100
1 0.0156 0 0
2 0.0468 0 0
3 0.078 0 0
4 0.1092 0 0
5 0.1404 0 0
6 0.1716 0 0
7 0.2028 0 0
8 0.234 0 0
9 0.2652 0 0
10 0.2964 0 0
11 0.3276 0 0
12 0.3588 0 0
13 0.39 0 0
14 0.4212 0 0
15 0.4524 0 0
16 0.4836 0 0
17 0.5148 0 0
18 0.546 0 0
19 0.5772 0 0
20 0.6084 0 0
21 0.6396 0 0
22 0.6708 0 0
23 0.702 0 0
24 0.7332 0 0
25 0.7644 0 0
26 0.7956 0 0
27 0.8268 0 0
28 0.858 0 0
29 0.8892 0 0
30 0.9204 0.0151282 0.001
31 0.9516 0.410424 0.03
32 0.9828 1.10127 0.113
33 1.014 1.78241 0.256
34 1.0452 3.30827 0.538
35 1.0764 3.55067 0.859
36 1.1076 3.76089 1.219
37 1.1388 3.48847 1.572
38 1.17 3.59514 1.956
39 1.2012 3.38417 2.337
40 1.2324 2.95341 2.687
41 1.2636 2.72108 3.026
42 1.2948 2.17872 3.311
43 1.326 2.26692 3.622
44 1.3572 1.83687 3.886
45 1.3884 1.86828 4.167
46 1.4196 1.8125 4.452
47 1.4508 1.47355 4.694
48 1.482 1.48802 4.949
49 1.5132 1.56723 5.229
50 1.5444 1.54754 5.517
51 1.5756 1.50234 5.808
52 1.6068 1.48428 6.107
53 1.638 1.44261 6.409
54 1.6692 1.36619 6.706
55 1.7004 1.3697 7.015
56 1.7316 1.34216 7.329
57 1.7628 1.48067 7.688
58 1.794 1.45351 8.053
59 1.8252 1.34654 8.403
60 1.8564 1.47645 8.8
61 1.8876 1.40647 9.191
62 1.9188 1.43768 9.604
63 1.95 1.47968 10.043
64 1.9812 1.59671 10.532
65 2.0124 1.67101 11.06
66 2.0436 1.70938 11.617
67 2.0748 1.6524 12.172
68 2.106 1.55179 12.709
69 2.1372 1.62747 13.289
70 2.1684 1.67092 13.902
71 2.1996 1.57088 14.495
72 2.2308 1.55815 15.1
73 2.262 1.52298 15.708
74 2.2932 1.55494 16.346
75 2.3244 1.50398 16.98
76 2.3556 1.56373 17.657
77 2.3868 1.52987 18.337
78 2.418 1.42049 18.985
79 2.4492 1.46359 19.67
80 2.4804 1.32076 20.304
81 2.5116 1.36739 20.977
82 2.5428 1.43315 21.7
83 2.574 1.43344 22.441
84 2.6052 1.36909 23.166
85 2.6364 1.36638 23.907
86 2.6676 1.33641 24.649
87 2.6988 1.22123 25.343
88 2.73 1.34996 26.128
89 2.7612 1.23726 26.864
90 2.7924 1.26565 27.634
91 2.8236 1.29892 28.442
92 2.8548 1.26282 29.245
93 2.886 1.35877 30.128
94 2.9172 1.25606 30.962
95 2.9484 1.29744 31.842
96 2.9796 1.26897 32.721
97 3.0108 1.3644 33.686
98 3.042 1.30332 34.627
99 3.0732 1.19556 35.508
100 3.1044 1.30332 36.488
5500 100
1 0.0156 0 0
2 0.0468 0 0
3 0.078 0 0
4 0.1092 0 0
5 0.1404 0 0
6 0.1716 0 0
7 0.2028 0 0
8 0.234 0 0
9 0.2652 0 0
10 0.2964 0 0
11 0.3276 0 0
12 0.3588 0 0
13 0.39 0 0
14 0.4212 0 0
15 0.4524 0 0
16 0.4836 0 0
17 0.5148 0 0
18 0.546 0 0
19 0.5772 0 0
20 0.6084 0 0
21 0.6396 0 0
22 0.6708 0 0
23 0.702 0 0
24 0.7332 0 0
25 0.7644 0 0
26 0.7956 0 0
27 0.8268 0 0
28 0.858 0 0
29 0.8892 0 0
30 0.9204 0.0151282 0.001
31 0.9516 0.283051 0.021
32 0.9828 1.10127 0.104
33 1.014 2.05663 0.269
34 1.0452 2.67477 0.497
35 1.0764 3.77189 0.838
36 1.1076 3.59374 1.182
37 1.1388 3.62682 1.549
38 1.17 3.43598 1.916
39 1.2012 2.83347 2.235
40 1.2324 2.82684 2.57
41 1.2636 2.66489 2.902
42 1.2948 2.29339 3.202
43 1.326 1.9462 3.469
44 1.3572 1.98299 3.754
45 1.3884 1.78184 4.022
46 1.4196 1.77434 4.301
47 1.4508 1.56489 4.558
48 1.482 1.64558 4.84
49 1.5132 1.45528 5.1
50 1.5444 1.52067 5.383
51 1.5756 1.35779 5.646
52 1.6068 1.5091 5.95
53 1.638 1.46172 6.256
54 1.6692 1.36159 6.552
55 1.7004 1.37857 6.863
56 1.7316 1.23103 7.151
57 1.7628 1.34869 7.478
58 1.794 1.35794 7.819
59 1.8252 1.35808 8.172
60 1.8564 1.37232 8.541
61 1.8876 1.42445 8.937
62 1.9188 1.54908 9.382
63 1.95 1.52013 9.833
64 1.9812 1.55426 10.309
65 2.0124 1.5729 10.806
66 2.0436 1.56514 11.316
67 2.0748 1.53926 11.833
68 2.106 1.65871 12.407
69 2.1372 1.62747 12.987
70 2.1684 1.58097 13.567
71 2.1996 1.63975 14.186
72 2.2308 1.55042 14.788
73 2.262 1.6858 15.461
74 2.2932 1.49644 16.075
75 2.3244 1.53245 16.721
76 2.3556 1.48289 17.363
77 2.3868 1.52537 18.041
78 2.418 1.45337 18.704
79 2.4492 1.34607 19.334
80 2.4804 1.36867 19.991
81 2.5116 1.25564 20.609
82 2.5428 1.41134 21.321
83 2.574 1.37927 22.034
84 2.6052 1.3351 22.741
85 2.6364 1.22624 23.406
86 2.6676 1.29859 24.127
87 2.6988 1.36552 24.903
88 2.73 1.35684 25.692
89 2.7612 1.35661 26.499
90 2.7924 1.30839 27.295
91 2.8236 1.32947 28.122
92 2.8548 1.28012 28.936
93 2.886 1.29568 29.778
94 2.9172 1.30878 30.647
95 2.9484 1.20898 31.467
96 2.9796 1.27041 32.347
97 3.0108 1.21736 33.208
98 3.042 1.2216 34.09
99 3.0732 1.17521 34.956
100 3.1044 1.23948 35.888
6000 100
1 0.0156 0 0
2 0.0468 0 0
3 0.078 0 0
4 0.1092 0 0
5 0.1404 0 0
6 0.1716 0 0
7 0.2028 0 0
8 0.234 0 0
9 0.2652 0 0
10 0.2964 0 0
11 0.3276 0 0
12 0.3588 0 0
13 0.39 0 0
14 0.4212 0 0
15 0.4524 0 0
16 0.4836 0 0
17 0.5148 0 0
18 0.546 0 0
19 0.5772 0 0
20 0.6084 0 0
21 0.6396 0 0
22 0.6708 0 0
23 0.702 0 0
24 0.7332 0 0
25 0.7644 0 0
26 0.7956 0 0
27 0.8268 0 0
28 0.858 0 0
29 0.8892 0 0
30 0.9204 0.0605129 0.004
31 0.9516 0.268898 0.023
32 0.9828 0.915514 0.092
33 1.014 2.05663 0.257
34 1.0452 2.94459 0.508
35 1.0764 3.69446 0.842
36 1.1076 3.95938 1.221
37 1.1388 3.65647 1.591
38 1.17 3.52024 1.967
39 1.2012 3.2687 2.335
40 1.2324 2.8859 2.677
41 1.2636 2.49633 2.988
42 1.2948 2.02583 3.253
43 1.326 2.0118 3.529
44 1.3572 1.90645 3.803
45 1.3884 1.84833 4.081
46 1.4196 1.71075 4.35
47 1.4508 1.63796 4.619
48 1.482 1.47635 4.872
49 1.5132 1.46088 5.133
50 1.5444 1.54754 5.421
51 1.5756 1.52299 5.716
52 1.6068 1.28572 5.975
53 1.638 1.36618 6.261
54 1.6692 1.47198 6.581
55 1.7004 1.30765 6.876
56 1.7316 1.27805 7.175
57 1.7628 1.47655 7.533
58 1.794 1.43759 7.894
59 1.8252 1.4081 8.26
60 1.8564 1.49505 8.662
61 1.8876 1.50719 9.081
62 1.9188 1.45857 9.5
63 1.95 1.37857 9.909
64 1.9812 1.40406 10.339
65 2.0124 1.48112 10.807
66 2.0436 1.5989 11.328
67 2.0748 1.66431 11.887
68 2.106 1.61536 12.446
69 2.1372 1.70323 13.053
70 2.1684 1.73362 13.689
71 2.1996 1.62916 14.304
72 2.2308 1.56073 14.91
73 2.262 1.59061 15.545
74 2.2932 1.53544 16.175
75 2.3244 1.55855 16.832
76 2.3556 1.46903 17.468
77 2.3868 1.40163 18.091
78 2.418 1.57175 18.808
79 2.4492 1.37812 19.453
80 2.4804 1.38742 20.119
81 2.5116 1.42021 20.818
82 2.5428 1.35584 21.502
83 2.574 1.27868 22.163
84 2.6052 1.33888 22.872
85 2.6364 1.33504 23.596
86 2.6676 1.23555 24.282
87 2.6988 1.39016 25.072
88 2.73 1.29321 25.824
89 2.7612 1.31795 26.608
90 2.7924 1.30839 27.404
91 2.8236 1.36644 28.254
92 2.8548 1.24552 29.046
93 2.886 1.24952 29.858
94 2.9172 1.26962 30.701
95 2.9484 1.28712 31.574
96 2.9796 1.31517 32.485
97 3.0108 1.32623 33.423
98 3.042 1.32963 34.383
99 3.0732 1.24985 35.304
100 3.1044 1.20091 36.207
6500 100
1 0.0156 0 0
2 0.0468 0 0
3 0.078 0 0
4 0.1092 0 0
5 0.1404 0 0
6 0.1716 0 0
7 0.2028 0 0
8 0.234 0 0
9 0.2652 0 0
10 0.2964 0 0
11 0.3276 0 0
12 0.3588 0 0
13 0.39 0 0
14 0.4212 0 0
15 0.4524 0 0
16 0.4836 0 0
17 0.5148 0 0
18 0.546 0 0
19 0.5772 0 0
20 0.6084 0 0
21 0.6396 0 0
22 0.6708 0 0
23 0.702 0 0
24 0.7332 0 0
25 0.7644 0 0
26 0.7956 0 0
27 0.8268 0 0
28 0.858 0 0
29 0.8892 0 0
30 0.9204 0.0151282 0.001
31 0.9516 0.254746 0.019
32 0.9828 0.902245 0.087
33 1.014 1.91952 0.241
34 1.0452 2.76862 0.477
35 1.0764 3.39581 0.784
36 1.1076 3.63552 1.132
37 1.1388 3.42918 1.479
38 1.17 3.21129 1.822
39 1.2012 3.04664 2.165
40 1.2324 2.76777 2.493
41 1.2636 2.10302 2.755
42 1.2948 2.40806 3.07
43 1.326 2.15758 3.366
44 1.3572 1.82296 3.628
45 1.3884 1.68876 3.882
46 1.4196 1.76162 4.159
47 1.4508 1.66231 4.432
48 1.482 1.37715 4.668
49 1.5132 1.47208 4.931
50 1.5444 1.48843 5.208
51 1.5756 1.3836 5.476
52 1.6068 1.42968 5.764
53 1.638 1.31841 6.04
54 1.6692 1.22819 6.307
55 1.7004 1.28548 6.597
56 1.7316 1.35926 6.915
57 1.7628 1.37756 7.249
58 1.794 1.24644 7.562
59 1.8252 1.2619 7.89
60 1.8564 1.35001 8.253
61 1.8876 1.33093 8.623
62 1.9188 1.40984 9.028
63 1.95 1.42912 9.452
64 1.9812 1.4661 9.901
65 2.0124 1.5824 10.401
66 2.0436 1.53138 10.9
67 2.0748 1.57797 11.43
68 2.106 1.47665 11.941
69 2.1372 1.56574 12.499
70 2.1684 1.4992 13.049
71 2.1996 1.46757 13.603
72 2.2308 1.45513 14.168
73 2.262 1.42779 14.738
74 2.2932 1.35752 15.295
75 2.3244 1.41859 15.893
76 2.3556 1.3905 16.495
77 2.3868 1.43762 17.134
78 2.418 1.37227 17.76
79 2.4492 1.42726 18.428
80 2.4804 1.38117 19.091
81 2.5116 1.33691 19.749
82 2.5428 1.36773 20.439
83 2.574 1.32124 21.122
84 2.6052 1.45218 21.891
85 2.6364 1.35163 22.624
86 2.6676 1.28598 23.338
87 2.6988 1.18251 24.01
88 2.73 1.28462 24.757
89 2.7612 1.1801 25.459
90 2.7924 1.20155 26.19
91 2.8236 1.25069 26.968
92 2.8548 1.21093 27.738
93 2.886 1.26952 28.563
94 2.9172 1.23649 29.384
95 2.9484 1.18244 30.186
96 2.9796 1.29929 31.086
97 3.0108 1.18767 31.926
98 3.042 1.32825 32.885
99 3.0732 1.29599 33.84
100 3.1044 1.18894 34.734
7000 100
1 0.0156 0 0
2 0.0468 0 0
3 0.078 0 0
4 0.1092 0 0
5 0.1404 0 0
6 0.1716 0 0
7 0.2028 0 0
8 0.234 0 0
9 0.2652 0 0
10 0.2964 0 0
11 0.3276 0 0
12 0.3588 0 0
13 0.39 0 0
14 0.4212 0 0
15 0.4524 0 0
16 0.4836 0 0
17 0.5148 0 0
18 0.546 0 0
19 0.5772 0 0
20 0.6084 0 0
21 0.6396 0 0
22 0.6708 0 0
23 0.702 0 0
24 0.7332 0 0
25 0.7644 0 0
26 0.7956 0 0
27 0.8268 0 0
28 0.858 0 0
29 0.8892 0 0
30 0.9204 0.0302564 0.002
31 0.9516 0.240593 0.019
32 0.9828 0.981855 0.093
33 1.014 1.84474 0.241
34 1.0452 2.76862 0.477
35 1.0764 3.30732 0.776
36 1.1076 3.23854 1.086
37 1.1388 3.47859 1.438
38 1.17 2.94914 1.753
39 1.2012 2.68247 2.055
40 1.2324 2.64963 2.369
41 1.2636 2.4883 2.679
42 1.2948 2.14049 2.959
43 1.326 2.19403 3.26
44 1.3572 1.74642 3.511
45 1.3884 1.59568 3.751
46 1.4196 1.60899 4.004
47 1.4508 1.53444 4.256
48 1.482 1.56388 4.524
49 1.5132 1.39371 4.773
50 1.5444 1.21976 5
51 1.5756 1.45588 5.282
52 1.6068 1.32543 5.549
53 1.638 1.25153 5.811
54 1.6692 1.18219 6.068
55 1.7004 1.24559 6.349
56 1.7316 1.27805 6.648
57 1.7628 1.31157 6.966
58 1.794 1.27033 7.285
59 1.8252 1.28114 7.618
60 1.8564 1.34629 7.98
61 1.8876 1.28776 8.338
62 1.9188 1.35762 8.728
63 1.95 1.43586 9.154
64 1.9812 1.50202 9.614
65 2.0124 1.43998 10.069
66 2.0436 1.41169 10.529
67 2.0748 1.48567 11.028
68 2.106 1.54023 11.561
69 2.1372 1.48436 12.09
70 2.1684 1.45831 12.625
71 2.1996 1.58942 13.225
72 2.2308 1.51179 13.812
73 2.262 1.42278 14.38
74 2.2932 1.50863 14.999
75 2.3244 1.41384 15.595
76 2.3556 1.45286 16.224
77 2.3868 1.31613 16.809
78 2.418 1.32623 17.414
79 2.4492 1.35035 18.046
80 2.4804 1.33326 18.686
81 2.5116 1.33691 19.344
82 2.5428 1.28845 19.994
83 2.574 1.31156 20.672
84 2.6052 1.24446 21.331
85 2.6364 1.25943 22.014
86 2.6676 1.24456 22.705
87 2.6988 1.34792 23.471
88 2.73 1.22615 24.184
89 2.7612 1.3314 24.976
90 2.7924 1.27058 25.749
91 2.8236 1.23462 26.517
92 2.8548 1.24081 27.306
93 2.886 1.25259 28.12
94 2.9172 1.21992 28.93
95 2.9484 1.24289 29.773
96 2.9796 1.19246 30.599
97 3.0108 1.1806 31.434
98 3.042 1.23683 32.327
99 3.0732 1.20099 33.212
100 3.1044 1.18096 34.1
7500 100
1 0.0156 0 0
2 0.0468 0 0
3 0.078 0 0
4 0.1092 0 0
5 0.1404 0 0
6 0.1716 0 0
7 0.2028 0 0
8 0.234 0 0
9 0.2652 0 0
10 0.2964 0 0
11 0.3276 0 0
12 0.3588 0 0
13 0.39 0 0
14 0.4212 0 0
15 0.4524 0 0
16 0.4836 0 0
17 0.5148 0 0
18 0.546 0 0
19 0.5772 0 0
20 0.6084 0 0
21 0.6396 0 0
22 0.6708 0 0
23 0.702 0 0
24 0.7332 0 0
25 0.7644 0 0
26 0.7956 0 0
27 0.8268 0 0
28 0.858 0 0
29 0.8892 0 0
30 0.9204 0.0453846 0.003
31 0.9516 0.311356 0.025
32 0.9828 0.769562 0.083
33 1.014 2.0317 0.246
34 1.0452 2.59265 0.467
35 1.0764 3.50642 0.784
36 1.1076 3.72955 1.141
37 1.1388 3.74541 1.52
38 1.17 2.96787 1.837
39 1.2012 2.94894 2.169
40 1.2324 2.87747 2.51
41 1.2636 2.35987 2.804
42 1.2948 2.20165 3.092
43 1.326 1.97535 3.363
44 1.3572 1.9482 3.643
45 1.3884 1.93476 3.934
46 1.4196 1.5136 4.172
47 1.4508 1.63796 4.441
48 1.482 1.37132 4.676
49 1.5132 1.45528 4.936
50 1.5444 1.43469 5.203
51 1.5756 1.29584 5.454
52 1.6068 1.34032 5.724
53 1.638 1.39484 6.016
54 1.6692 1.15459 6.267
55 1.7004 1.30321 6.561
56 1.7316 1.32507 6.871
57 1.7628 1.39406 7.209
58 1.794 1.36192 7.551
59 1.8252 1.31961 7.894
60 1.8564 1.3686 8.262
61 1.8876 1.37769 8.645
62 1.9188 1.3054 9.02
63 1.95 1.40216 9.436
64 1.9812 1.59344 9.924
65 2.0124 1.43998 10.379
66 2.0436 1.5191 10.874
67 2.0748 1.54224 11.392
68 2.106 1.55757 11.931
69 2.1372 1.48717 12.461
70 2.1684 1.56734 13.036
71 2.1996 1.5126 13.607
72 2.2308 1.56073 14.213
73 2.262 1.57308 14.841
74 2.2932 1.56956 15.485
75 2.3244 1.45417 16.098
76 2.3556 1.44824 16.725
77 2.3868 1.34313 17.322
78 2.418 1.50379 18.008
79 2.4492 1.34394 18.637
80 2.4804 1.3645 19.292
81 2.5116 1.31659 19.94
82 2.5428 1.32413 20.608
83 2.574 1.26707 21.263
84 2.6052 1.33321 21.969
85 2.6364 1.26312 22.654
86 2.6676 1.27337 23.361
87 2.6988 1.24762 24.07
88 2.73 1.26398 24.805
89 2.7612 1.18851 25.512
90 2.7924 1.25414 26.275
91 2.8236 1.25552 27.056
92 2.8548 1.21722 27.83
93 2.886 1.22336 28.625
94 2.9172 1.24251 29.45
95 2.9484 1.27975 30.318
96 2.9796 1.23432 31.173
97 3.0108 1.29936 32.092
98 3.042 1.21883 32.972
99 3.0732 1.30956 33.937
100 3.1044 1.19293 34.834
8000 100
1 0.0156 0 0
2 0.0468 0 0
3 0.078 0 0
4 0.1092 0 0
5 0.1404 0 0
6 0.1716 0 0
7 0.2028 0 0
8 0.234 0 0
9 0.2652 0 0
10 0.2964 0 0
11 0.3276 0 0
12 0.3588 0 0
13 0.39 0 0
14 0.4212 0 0
15 0.4524 0 0
16 0.4836 0 0
17 0.5148 0 0
18 0.546 0 0
19 0.5772 0 0
20 0.6084 0 0
21 0.6396 0 0
22 0.6708 0 0
23 0.702 0 0
24 0.7332 0 0
25 0.7644 0 0
26 0.7956 0 0
27 0.8268 0 0
28 0.858 0 0
29 0.8892 0 0
30 0.9204 0 0
31 0.9516 0.127373 0.009
32 0.9828 0.981855 0.083
33 1.014 1.90706 0.236
34 1.0452 2.66304 0.463
35 1.0764 3.01972 0.736
36 1.1076 3.36391 1.058
37 1.1388 3.17224 1.379
38 1.17 2.92105 1.691
39 1.2012 2.80682 2.007
40 1.2324 2.57369 2.312
41 1.2636 2.2796 2.596
42 1.2948 2.29339 2.896
43 1.326 2.07011 3.18
44 1.3572 1.71163 3.426
45 1.3884 1.84168 3.703
46 1.4196 1.58355 3.952
47 1.4508 1.55271 4.207
48 1.482 1.66309 4.492
49 1.5132 1.57283 4.773
50 1.5444 1.45081 5.043
51 1.5756 1.39393 5.313
52 1.6068 1.4545 5.606
53 1.638 1.2993 5.878
54 1.6692 1.22819 6.145
55 1.7004 1.33424 6.446
56 1.7316 1.46185 6.788
57 1.7628 1.33632 7.112
58 1.794 1.27033 7.431
59 1.8252 1.42733 7.802
60 1.8564 1.35744 8.167
61 1.8876 1.45683 8.572
62 1.9188 1.40287 8.975
63 1.95 1.40553 9.392
64 1.9812 1.43018 9.83
65 2.0124 1.42416 10.28
66 2.0436 1.46693 10.758
67 2.0748 1.47972 11.255
68 2.106 1.4911 11.771
69 2.1372 1.45911 12.291
70 2.1684 1.65729 12.899
71 2.1996 1.58412 13.497
72 2.2308 1.52209 14.088
73 2.262 1.4303 14.659
74 2.2932 1.55981 15.299
75 2.3244 1.43756 15.905
76 2.3556 1.48751 16.549
77 2.3868 1.37238 17.159
78 2.418 1.44022 17.816
79 2.4492 1.30548 18.427
80 2.4804 1.37909 19.089
81 2.5116 1.3491 19.753
82 2.5428 1.35782 20.438
83 2.574 1.33284 21.127
84 2.6052 1.37665 21.856
85 2.6364 1.3461 22.586
86 2.6676 1.32921 23.324
87 2.6988 1.30217 24.064
88 2.73 1.29493 24.817
89 2.7612 1.26583 25.57
90 2.7924 1.26565 26.34
91 2.8236 1.3584 27.185
92 2.8548 1.21407 27.957
93 2.886 1.23413 28.759
94 2.9172 1.25456 29.592
95 2.9484 1.29744 30.472
96 2.9796 1.29784 31.371
97 3.0108 1.33612 32.316
98 3.042 1.15235 33.148
99 3.0732 1.28649 34.096
100 3.1044 1.25677 35.041
8500 100
1 0.0156 0 0
2 0.0468 0 0
3 0.078 0 0
4 0.1092 0 0
5 0.1404 0 0
6 0.1716 0 0
7 0.2028 0 0
8 0.234 0 0
9 0.2652 0 0
10 0.2964 0 0
11 0.3276 0 0
12 0.3588 0 0
13 0.39 0 0
14 0.4212 0 0
15 0.4524 0 0
16 0.4836 0 0
17 0.5148 0 0
18 0.546 0 0
19 0.5772 0 0
20 0.6084 0 0
21 0.6396 0 0
22 0.6708 0 0
23 0.702 0 0
24 0.7332 0 0
25 0.7644 0 0
26 0.7956 0 0
27 0.8268 0 0
28 0.858 0 0
29 0.8892 0.0162084 0.001
30 0.9204 0.0151282 0.002
31 0.9516 0.283051 0.022
32 0.9828 0.981855 0.096
33 1.014 1.88213 0.247
34 1.0452 2.85074 0.49
35 1.0764 3.47324 0.804
36 1.1076 3.5624 1.145
37 1.1388 3.47859 1.497
38 1.17 2.96787 1.814
39 1.2012 3.2687 2.182
40 1.2324 2.91122 2.527
41 1.2636 2.51238 2.84
42 1.2948 2.17872 3.125
43 1.326 2.23047 3.431
44 1.3572 1.98299 3.716
45 1.3884 1.95471 4.01
46 1.4196 1.80614 4.294
47 1.4508 1.72321 4.577
48 1.482 1.68643 4.866
49 1.5132 1.70156 5.17
50 1.5444 1.49917 5.449
51 1.5756 1.53332 5.746
52 1.6068 1.33536 6.015
53 1.638 1.45694 6.32
54 1.6692 1.46278 6.638
55 1.7004 1.31651 6.935
56 1.7316 1.50886 7.288
57 1.7628 1.4848 7.648
58 1.794 1.27431 7.968
59 1.8252 1.34269 8.317
60 1.8564 1.39092 8.691
61 1.8876 1.43165 9.089
62 1.9188 1.41332 9.495
63 1.95 1.61451 9.974
64 1.9812 1.65222 10.48
65 2.0124 1.4558 10.94
66 2.0436 1.61731 11.467
67 2.0748 1.50353 11.972
68 2.106 1.59513 12.524
69 2.1372 1.57977 13.087
70 2.1684 1.59188 13.671
71 2.1996 1.52849 14.248
72 2.2308 1.55815 14.853
73 2.262 1.56306 15.477
74 2.2932 1.55006 16.113
75 2.3244 1.56566 16.773
76 2.3556 1.40204 17.38
77 2.3868 1.32063 17.967
78 2.418 1.47091 18.638
79 2.4492 1.3824 19.285
80 2.4804 1.55408 20.031
81 2.5116 1.37754 20.709
82 2.5428 1.41927 21.425
83 2.574 1.3754 22.136
84 2.6052 1.35965 22.856
85 2.6364 1.3922 23.611
86 2.6676 1.40125 24.389
87 2.6988 1.38664 25.177
88 2.73 1.25882 25.909
89 2.7612 1.31963 26.694
90 2.7924 1.32318 27.499
91 2.8236 1.3359 28.33
92 2.8548 1.23923 29.118
93 2.886 1.33261 29.984
94 2.9172 1.25606 30.818
95 2.9484 1.30629 31.704
96 2.9796 1.24876 32.569
97 3.0108 1.3545 33.527
98 3.042 1.26731 34.442
99 3.0732 1.23492 35.352
100 3.1044 1.32858 36.351
9000 100
1 0.0156 0 0
2 0.0468 0 0
3 0.078 0 0
4 0.1092 0 0
5 0.1404 0 0
6 0.1716 0 0
7 0.2028 0 0
8 0.234 0 0
9 0.2652 0 0
10 0.2964 0 0
11 0.3276 0 0
12 0.3588 0 0
13 0.39 0 0
14 0.4212 0 0
15 0.4524 0 0
16 0.4836 0 0
17 0.5148 0 0
18 0.546 0 0
19 0.5772 0 0
20 0.6084 0 0
21 0.6396 0 0
22 0.6708 0 0
23 0.702 0 0
24 0.7332 0 0
25 0.7644 0 0
26 0.7956 0 0
27 0.8268 0 0
28 0.858 0 0
29 0.8892 0 0
30 0.9204 0.0605129 0.004
31 0.9516 0.325509 0.027
32 0.9828 0.955319 0.099
33 1.014 2.4181 0.293
34 1.0452 2.86247 0.537
35 1.0764 3.55067 0.858
36 1.1076 3.40569 1.184
37 1.1388 3.68612 1.557
38 1.17 3.08021 1.886
39 1.2012 3.53517 2.284
40 1.2324 2.71714 2.606
41 1.2636 2.53646 2.922
42 1.2948 2.61446 3.264
43 1.326 2.09927 3.552
44 1.3572 2.17781 3.865
45 1.3884 1.82839 4.14
46 1.4196 1.88882 4.437
47 1.4508 1.73538 4.722
48 1.482 1.67476 5.009
49 1.5132 1.61201 5.297
50 1.5444 1.42395 5.562
51 1.5756 1.38876 5.831
52 1.6068 1.38003 6.109
53 1.638 1.38051 6.398
54 1.6692 1.28799 6.678
55 1.7004 1.40073 6.994
56 1.7316 1.34216 7.308
57 1.7628 1.29507 7.622
58 1.794 1.38183 7.969
59 1.8252 1.38886 8.33
60 1.8564 1.3686 8.698
61 1.8876 1.37769 9.081
62 1.9188 1.45161 9.498
63 1.95 1.50328 9.944
64 1.9812 1.52487 10.411
65 2.0124 1.56974 10.907
66 2.0436 1.56821 11.418
67 2.0748 1.60476 11.957
68 2.106 1.62981 12.521
69 2.1372 1.59941 13.091
70 2.1684 1.70091 13.715
71 2.1996 1.63975 14.334
72 2.2308 1.67405 14.984
73 2.262 1.57308 15.612
74 2.2932 1.56225 16.253
75 2.3244 1.46603 16.871
76 2.3556 1.49675 17.519
77 2.3868 1.50737 18.189
78 2.418 1.52791 18.886
79 2.4492 1.35248 19.519
80 2.4804 1.4395 20.21
81 2.5116 1.51571 20.956
82 2.5428 1.40936 21.667
83 2.574 1.29415 22.336
84 2.6052 1.2709 23.009
85 2.6364 1.30922 23.719
86 2.6676 1.34902 24.468
87 2.6988 1.29161 25.202
88 2.73 1.36028 25.993
89 2.7612 1.31459 26.775
90 2.7924 1.3166 27.576
91 2.8236 1.21854 28.334
92 2.8548 1.27698 29.146
93 2.886 1.31107 29.998
94 2.9172 1.3404 30.888
95 2.9484 1.2886 31.762
96 2.9796 1.2964 32.66
97 3.0108 1.17211 33.489
98 3.042 1.28393 34.416
99 3.0732 1.30549 35.378
100 3.1044 1.27273 36.335
9500 100
1 0.0156 0 0
2 0.0468 0 0
3 0.078 0 0
4 0.1092 0 0
5 0.1404 0 0
6 0.1716 0 0
7 0.2028 0 0
8 0.234 0 0
9 0.2652 0 0
10 0.2964 0 0
11 0.3276 0 0
12 0.3588 0 0
13 0.39 0 0
14 0.4212 0 0
15 0.4524 0 0
16 0.4836 0 0
17 0.5148 0 0
18 0.546 0 0
19 0.5772 0 0
20 0.6084 0 0
21 0.6396 0 0
22 0.6708 0 0
23 0.702 0 0
24 0.7332 0 0
25 0.7644 0 0
26 0.7956 0 0
27 0.8268 0 0
28 0.858 0 0
29 0.8892 0 0
30 0.9204 0.0453846 0.003
31 0.9516 0.353814 0.028
32 0.9828 1.00839 0.104
33 1.014 2.05663 0.269
34 1.0452 2.67477 0.497
35 1.0764 3.41793 0.806
36 1.1076 3.64597 1.155
37 1.1388 3.40941 1.5
38 1.17 3.30491 1.853
39 1.2012 2.97558 2.188
40 1.2324 2.27835 2.458
41 1.2636 2.52041 2.772
42 1.2948 2.26281 3.068
43 1.326 2.26692 3.379
44 1.3572 1.92037 3.655
45 1.3884 1.7619 3.92
46 1.4196 1.51996 4.159
47 1.4508 1.63187 4.427
48 1.482 1.62224 4.705
49 1.5132 1.50566 4.974
50 1.5444 1.47768 5.249
51 1.5756 1.51783 5.543
52 1.6068 1.28075 5.801
53 1.638 1.32796 6.079
54 1.6692 1.38458 6.38
55 1.7004 1.3963 6.695
56 1.7316 1.4191 7.027
57 1.7628 1.38169 7.362
58 1.794 1.27033 7.681
59 1.8252 1.54275 8.082
60 1.8564 1.49505 8.484
61 1.8876 1.41726 8.878
62 1.9188 1.52123 9.315
63 1.95 1.42912 9.739
64 1.9812 1.39426 10.166
65 2.0124 1.53176 10.65
66 2.0436 1.46386 11.127
67 2.0748 1.54522 11.646
68 2.106 1.54601 12.181
69 2.1372 1.55171 12.734
70 2.1684 1.50737 13.287
71 2.1996 1.61591 13.897
72 2.2308 1.52467 14.489
73 2.262 1.43531 15.062
74 2.2932 1.52325 15.687
75 2.3244 1.50398 16.321
76 2.3556 1.4159 16.934
77 2.3868 1.34988 17.534
78 2.418 1.47091 18.205
79 2.4492 1.51914 18.916
80 2.4804 1.39367 19.585
81 2.5116 1.41005 20.279
82 2.5428 1.35782 20.964
83 2.574 1.3193 21.646
84 2.6052 1.36154 22.367
85 2.6364 1.36085 23.105
86 2.6676 1.3238 23.84
87 2.6988 1.2705 24.562
88 2.73 1.25194 25.29
89 2.7612 1.37006 26.105
90 2.7924 1.31167 26.903
91 2.8236 1.20407 27.652
92 2.8548 1.36662 28.521
93 2.886 1.28645 29.357
94 2.9172 1.23347 30.176
95 2.9484 1.2886 31.05
96 2.9796 1.25886 31.922
97 3.0108 1.19756 32.769
98 3.042 1.20913 33.642
99 3.0732 1.31634 34.612
100 3.1044 1.30864 35.596
10000 100
1 0.0156 0 0
2 0.0468 0 0
3 0.078 0 0
4 0.1092 0 0
5 0.1404 0 0
6 0.1716 0 0
7 0.2028 0 0
8 0.234 0 0
9 0.2652 0 0
10 0.2964 0 0
11 0.3276 0 0
12 0.3588 0 0
13 0.39 0 0
14 0.4212 0 0
15 0.4524 0 0
16 0.4836 0 0
17 0.5148 0 0
18 0.546 0 0
19 0.5772 0 0
20 0.6084 0 0
21 0.6396 0 0
22 0.6708 0 0
23 0.702 0 0
24 0.7332 0 0
25 0.7644 0 0
26 0.7956 0 0
27 0.8268 0 0
28 0.858 0 0
29 0.8892 0 0
30 0.9204 0.0605129 0.004
31 0.9516 0.141525 0.014
32 0.9828 0.902245 0.082
33 1.014 1.6827 0.217
34 1.0452 3.16749 0.487
35 1.0764 3.5396 0.807
36 1.1076 3.79223 1.17
37 1.1388 3.34024 1.508
38 1.17 3.43598 1.875
39 1.2012 2.89564 2.201
40 1.2324 2.65807 2.516
41 1.2636 2.5766 2.837
42 1.2948 2.42335 3.154
43 1.326 2.02638 3.432
44 1.3572 1.88558 3.703
45 1.3884 1.9946 4.003
46 1.4196 1.71075 4.272
47 1.4508 1.71103 4.553
48 1.482 1.38299 4.79
49 1.5132 1.39931 5.04
50 1.5444 1.45619 5.311
51 1.5756 1.41974 5.586
52 1.6068 1.524 5.893
53 1.638 1.39484 6.185
54 1.6692 1.30179 6.468
55 1.7004 1.44506 6.794
56 1.7316 1.38918 7.119
57 1.7628 1.34869 7.446
58 1.794 1.37387 7.791
59 1.8252 1.33115 8.137
60 1.8564 1.5843 8.563
61 1.8876 1.45683 8.968
62 1.9188 1.48642 9.395
63 1.95 1.49991 9.84
64 1.9812 1.59018 10.327
65 2.0124 1.44315 10.783
66 2.0436 1.48841 11.268
67 2.0748 1.61072 11.809
68 2.106 1.49977 12.328
69 2.1372 1.61905 12.905
70 2.1684 1.62731 13.502
71 2.1996 1.60796 14.109
72 2.2308 1.65602 14.752
73 2.262 1.47789 15.342
74 2.2932 1.51838 15.965
75 2.3244 1.48501 16.591
76 2.3556 1.60069 17.284
77 2.3868 1.50962 17.955
78 2.418 1.42707 18.606
79 2.4492 1.42085 19.271
80 2.4804 1.44783 19.966
81 2.5116 1.33691 20.624
82 2.5428 1.39549 21.328
83 2.574 1.45858 22.082
84 2.6052 1.32566 22.784
85 2.6364 1.3627 23.523
86 2.6676 1.21214 24.196
87 2.6988 1.26346 24.914
88 2.73 1.28805 25.663
89 2.7612 1.35997 26.472
90 2.7924 1.26894 27.244
91 2.8236 1.34876 28.083
92 2.8548 1.31472 28.919
93 2.886 1.29722 29.762
94 2.9172 1.33287 30.647
95 2.9484 1.2709 31.509
96 2.9796 1.31084 32.417
97 3.0108 1.23998 33.294
98 3.042 1.31717 34.245
99 3.0732 1.23628 35.156
100 3.1044 1.23815 36.087
