# Time-averaged data for fix rdf
# TimeStep Number-of-rows
# Row c_myRDF[1] c_myRDF[2] c_myRDF[3]
1000 100
1 0.0076 0 0
2 0.0228 0 0
3 0.038 0 0
4 0.0532 0 0
5 0.0684 0 0
6 0.0836 0 0
7 0.0988 0 0
8 0.114 0 0
9 0.1292 0 0
10 0.1444 0 0
11 0.1596 0 0
12 0.1748 0 0
13 0.19 0 0
14 0.2052 0 0
15 0.2204 0 0
16 0.2356 0 0
17 0.2508 0 0
18 0.266 0 0
19 0.2812 0 0
20 0.2964 0 0
21 0.3116 0 0
22 0.3268 0 0
23 0.342 0 0
24 0.3572 0 0
25 0.3724 0 0
26 0.3876 0 0
27 0.4028 0 0
28 0.418 0 0
29 0.4332 0 0
30 0.4484 0 0
31 0.4636 0 0
32 0.4788 0 0
33 0.494 0 0
34 0.5092 0 0
35 0.5244 0 0
36 0.5396 0 0
37 0.5548 0 0
38 0.57 0 0
39 0.5852 0 0
40 0.6004 0 0
41 0.6156 0 0
42 0.6308 0 0
43 0.646 0 0
44 0.6612 0 0
45 0.6764 0 0
46 0.6916 0 0
47 0.7068 0 0
48 0.722 0 0
49 0.7372 0 0
50 0.7524 0 0
51 0.7676 0 0
52 0.7828 0 0
53 0.798 0 0
54 0.8132 0 0
55 0.8284 0 0
56 0.8436 0 0
57 0.8588 0 0
58 0.874 0 0
59 0.8892 0 0
60 0.9044 0 0
61 0.9196 0 0
62 0.9348 0.0903166 0.003
63 0.95 0.1166 0.007
64 0.9652 0.451825 0.023
65 0.9804 0.520034 0.042
66 0.9956 1.06164 0.082
67 1.0108 1.57067 0.143
68 1.026 1.72441 0.212
69 1.0412 2.69365 0.323
70 1.0564 2.4281 0.426
71 1.0716 3.047 0.559
72 1.0868 2.851 0.687
73 1.102 3.20616 0.835
74 1.1172 3.26706 0.99
75 1.1324 3.34407 1.153
76 1.1476 3.15619 1.311
77 1.1628 3.0353 1.467
78 1.178 2.65415 1.607
79 1.1932 2.66087 1.751
80 1.2084 2.19799 1.873
81 1.2236 2.47758 2.014
82 1.2388 2.36573 2.152
83 1.254 2.27527 2.288
84 1.2692 1.91079 2.405
85 1.2844 2.12099 2.538
86 1.2996 2.08725 2.672
87 1.3148 1.87186 2.795
88 1.33 1.88881 2.922
89 1.3452 1.4393 3.021
90 1.3604 1.70583 3.141
91 1.3756 1.47371 3.247
92 1.3908 1.44167 3.353
93 1.406 1.55706 3.47
94 1.4212 1.563 3.59
95 1.4364 1.23683 3.687
96 1.4516 1.41083 3.8
97 1.4668 1.3206 3.908
98 1.482 1.25772 4.013
99 1.4972 1.15015 4.111
100 1.5124 1.27667 4.222
1500 100
1 0.0076 0 0
2 0.0228 0 0
3 0.038 0 0
4 0.0532 0 0
5 0.0684 0 0
6 0.0836 0 0
7 0.0988 0 0
8 0.114 0 0
9 0.1292 0 0
10 0.1444 0 0
11 0.1596 0 0
12 0.1748 0 0
13 0.19 0 0
14 0.2052 0 0
15 0.2204 0 0
16 0.2356 0 0
17 0.2508 0 0
18 0.266 0 0
19 0.2812 0 0
20 0.2964 0 0
21 0.3116 0 0
22 0.3268 0 0
23 0.342 0 0
24 0.3572 0 0
25 0.3724 0 0
26 0.3876 0 0
27 0.4028 0 0
28 0.418 0 0
29 0.4332 0 0
30 0.4484 0 0
31 0.4636 0 0
32 0.4788 0 0
33 0.494 0 0
34 0.5092 0 0
35 0.5244 0 0
36 0.5396 0 0
37 0.5548 0 0
38 0.57 0 0
39 0.5852 0 0
40 0.6004 0 0
41 0.6156 0 0
42 0.6308 0 0
43 0.646 0 0
44 0.6612 0 0
45 0.6764 0 0
46 0.6916 0 0
47 0.7068 0 0
48 0.722 0 0
49 0.7372 0 0
50 0.7524 0 0
51 0.7676 0 0
52 0.7828 0 0
53 0.798 0 0
54 0.8132 0 0
55 0.8284 0 0
56 0.8436 0 0
57 0.8588 0 0
58 0.874 0 0
59 0.8892 0 0
60 0.9044 0 0
61 0.9196 0 0
62 0.9348 0 0
63 0.95 0.0582998 0.002
64 0.9652 0.310629 0.013
65 0.9804 0.602145 0.035
66 0.9956 0.928931 0.07
67 1.0108 1.0557 0.111
68 1.026 1.54947 0.173
69 1.0412 1.89283 0.251
70 1.0564 2.09807 0.34
71 1.0716 2.35971 0.443
72 1.0868 2.58372 0.559
73 1.102 2.77289 0.687
74 1.1172 2.61365 0.811
75 1.1324 2.83117 0.949
76 1.1476 2.49699 1.074
77 1.1628 2.50996 1.203
78 1.178 2.3129 1.325
79 1.1932 2.42065 1.456
80 1.2084 2.30609 1.584
81 1.2236 2.31944 1.716
82 1.2388 1.85144 1.824
83 1.254 1.80683 1.932
84 1.2692 1.64949 2.033
85 1.2844 1.59473 2.133
86 1.2996 1.46419 2.227
87 1.3148 1.65881 2.336
88 1.33 1.26417 2.421
89 1.3452 1.54107 2.527
90 1.3604 1.46417 2.63
91 1.3756 1.48761 2.737
92 1.3908 1.21046 2.826
93 1.406 1.54375 2.942
94 1.4212 1.10713 3.027
95 1.4364 1.4536 3.141
96 1.4516 1.14864 3.233
97 1.4668 1.13718 3.326
98 1.482 1.19782 3.426
99 1.4972 1.13842 3.523
100 1.5124 1.20766 3.628
2000 100
1 0.0076 0 0
2 0.0228 0 0
3 0.038 0 0
4 0.0532 0 0
5 0.0684 0 0
6 0.0836 0 0
7 0.0988 0 0
8 0.114 0 0
9 0.1292 0 0
10 0.1444 0 0
11 0.1596 0 0
12 0.1748 0 0
13 0.19 0 0
14 0.2052 0 0
15 0.2204 0 0
16 0.2356 0 0
17 0.2508 0 0
18 0.266 0 0
19 0.2812 0 0
20 0.2964 0 0
21 0.3116 0 0
22 0.3268 0 0
23 0.342 0 0
24 0.3572 0 0
25 0.3724 0 0
26 0.3876 0 0
27 0.4028 0 0
28 0.418 0 0
29 0.4332 0 0
30 0.4484 0 0
31 0.4636 0 0
32 0.4788 0 0
33 0.494 0 0
34 0.5092 0 0
35 0.5244 0 0
36 0.5396 0 0
37 0.5548 0 0
38 0.57 0 0
39 0.5852 0 0
40 0.6004 0 0
41 0.6156 0 0
42 0.6308 0 0
43 0.646 0 0
44 0.6612 0 0
45 0.6764 0 0
46 0.6916 0 0
47 0.7068 0 0
48 0.722 0 0
49 0.7372 0 0
50 0.7524 0 0
51 0.7676 0 0
52 0.7828 0 0
53 0.798 0 0
54 0.8132 0 0
55 0.8284 0 0
56 0.8436 0 0
57 0.8588 0 0
58 0.874 0 0
59 0.8892 0 0
60 0.9044 0 0
61 0.9196 0 0
62 0.9348 0.0602111 0.002
63 0.95 0.145749 0.007
64 0.9652 0.310629 0.018
65 0.9804 0.547404 0.038
66 0.9956 0.716604 0.065
67 1.0108 1.10719 0.108
68 1.026 1.57446 0.171
69 1.0412 1.55309 0.235
70 1.0564 2.09807 0.324
71 1.0716 1.71823 0.399
72 1.0868 2.45008 0.509
73 1.102 2.46961 0.623
74 1.1172 2.2764 0.731
75 1.1324 2.42086 0.849
76 1.1476 2.09747 0.954
77 1.1628 2.00408 1.057
78 1.178 1.99061 1.162
79 1.1932 2.23587 1.283
80 1.2084 1.99981 1.394
81 1.2236 1.89772 1.502
82 1.2388 1.92001 1.614
83 1.254 1.7901 1.721
84 1.2692 1.87813 1.836
85 1.2844 1.56284 1.934
86 1.2996 1.44861 2.027
87 1.3148 1.44575 2.122
88 1.33 1.36827 2.214
89 1.3452 1.33753 2.306
90 1.3604 1.43574 2.407
91 1.3756 1.40419 2.508
92 1.3908 1.18326 2.595
93 1.406 1.05135 2.674
94 1.4212 1.27645 2.772
95 1.4364 1.35159 2.878
96 1.4516 1.3484 2.986
97 1.4668 1.1861 3.083
98 1.482 1.24574 3.187
99 1.4972 1.24404 3.293
100 1.5124 0.977632 3.378
2500 100
1 0.0076 0 0
2 0.0228 0 0
3 0.038 0 0
4 0.0532 0 0
5 0.0684 0 0
6 0.0836 0 0
7 0.0988 0 0
8 0.114 0 0
9 0.1292 0 0
10 0.1444 0 0
11 0.1596 0 0
12 0.1748 0 0
13 0.19 0 0
14 0.2052 0 0
15 0.2204 0 0
16 0.2356 0 0
17 0.2508 0 0
18 0.266 0 0
19 0.2812 0 0
20 0.2964 0 0
21 0.3116 0 0
22 0.3268 0 0
23 0.342 0 0
24 0.3572 0 0
25 0.3724 0 0
26 0.3876 0 0
27 0.4028 0 0
28 0.418 0 0
29 0.4332 0 0
30 0.4484 0 0
31 0.4636 0 0
32 0.4788 0 0
33 0.494 0 0
34 0.5092 0 0
35 0.5244 0 0
36 0.5396 0 0
37 0.5548 0 0
38 0.57 0 0
39 0.5852 0 0
40 0.6004 0 0
41 0.6156 0 0
42 0.6308 0 0
43 0.646 0 0
44 0.6612 0 0
45 0.6764 0 0
46 0.6916 0 0
47 0.7068 0 0
48 0.722 0 0
49 0.7372 0 0
50 0.7524 0 0
51 0.7676 0 0
52 0.7828 0 0
53 0.798 0 0
54 0.8132 0 0
55 0.8284 0 0
56 0.8436 0 0
57 0.8588 0 0
58 0.874 0 0
59 0.8892 0 0
60 0.9044 0 0
61 0.9196 0 0
62 0.9348 0.0301055 0.001
63 0.95 0.0874497 0.004
64 0.9652 0.310629 0.015
65 0.9804 0.328443 0.027
66 0.9956 0.955472 0.063
67 1.0108 0.875455 0.097
68 1.026 1.34954 0.151
69 1.0412 1.60163 0.217
70 1.0564 1.57944 0.284
71 1.0716 1.85569 0.365
72 1.0868 2.13825 0.461
73 1.102 2.55626 0.579
74 1.1172 2.4661 0.696
75 1.1324 2.31828 0.809
76 1.1476 2.19735 0.919
77 1.1628 1.92625 1.018
78 1.178 2.25602 1.137
79 1.1932 1.9587 1.243
80 1.2084 1.62147 1.333
81 1.2236 1.52872 1.42
82 1.2388 1.7143 1.52
83 1.254 1.75664 1.625
84 1.2692 1.66582 1.727
85 1.2844 1.212 1.803
86 1.2996 1.43304 1.895
87 1.3148 1.27835 1.979
88 1.33 1.56162 2.084
89 1.3452 1.29391 2.173
90 1.3604 1.50682 2.279
91 1.3756 1.36248 2.377
92 1.3908 1.30566 2.473
93 1.406 1.17112 2.561
94 1.4212 0.963853 2.635
95 1.4364 1.02007 2.715
96 1.4516 1.14864 2.807
97 1.4668 1.38174 2.92
98 1.482 1.19782 3.02
99 1.4972 1.34967 3.135
100 1.5124 1.02364 3.224
3000 100
1 0.0076 0 0
2 0.0228 0 0
3 0.038 0 0
4 0.0532 0 0
5 0.0684 0 0
6 0.0836 0 0
7 0.0988 0 0
8 0.114 0 0
9 0.1292 0 0
10 0.1444 0 0
11 0.1596 0 0
12 0.1748 0 0
13 0.19 0 0
14 0.2052 0 0
15 0.2204 0 0
16 0.2356 0 0
17 0.2508 0 0
18 0.266 0 0
19 0.2812 0 0
20 0.2964 0 0
21 0.3116 0 0
22 0.3268 0 0
23 0.342 0 0
24 0.3572 0 0
25 0.3724 0 0
26 0.3876 0 0
27 0.4028 0 0
28 0.418 0 0
29 0.4332 0 0
30 0.4484 0 0
31 0.4636 0 0
32 0.4788 0 0
33 0.494 0 0
34 0.5092 0 0
35 0.5244 0 0
36 0.5396 0 0
37 0.5548 0 0
38 0.57 0 0
39 0.5852 0 0
40 0.6004 0 0
41 0.6156 0 0
42 0.6308 0 0
43 0.646 0 0
44 0.6612 0 0
45 0.6764 0 0
46 0.6916 0 0
47 0.7068 0 0
48 0.722 0 0
49 0.7372 0 0
50 0.7524 0 0
51 0.7676 0 0
52 0.7828 0 0
53 0.798 0 0
54 0.8132 0 0
55 0.8284 0 0
56 0.8436 0 0
57 0.8588 0 0
58 0.874 0 0
59 0.8892 0 0
60 0.9044 0 0
61 0.9196 0 0
62 0.9348 0.0602111 0.002
63 0.95 0.174899 0.008
64 0.9652 0.0847171 0.011
65 0.9804 0.383183 0.025
66 0.9956 0.61044 0.048
67 1.0108 1.02995 0.088
68 1.026 1.04964 0.13
69 1.0412 1.40749 0.188
70 1.0564 1.50872 0.252
71 1.0716 1.99315 0.339
72 1.0868 2.11598 0.434
73 1.102 2.36129 0.543
74 1.1172 2.04454 0.64
75 1.1324 2.40034 0.757
76 1.1476 2.01756 0.858
77 1.1628 2.06245 0.964
78 1.178 1.78207 1.058
79 1.1932 2.21739 1.178
80 1.2084 1.81965 1.279
81 1.2236 1.63415 1.372
82 1.2388 1.59429 1.465
83 1.254 1.47223 1.553
84 1.2692 1.19221 1.626
85 1.2844 1.32363 1.709
86 1.2996 1.35515 1.796
87 1.3148 1.5675 1.899
88 1.33 1.29391 1.986
89 1.3452 1.29391 2.075
90 1.3604 0.909779 2.139
91 1.3756 1.14004 2.221
92 1.3908 1.04725 2.298
93 1.406 1.29089 2.395
94 1.4212 1.06805 2.477
95 1.4364 0.943562 2.551
96 1.4516 0.848994 2.619
97 1.4668 1.38174 2.732
98 1.482 0.898369 2.807
99 1.4972 1.00932 2.893
100 1.5124 1.06964 2.986
3500 100
1 0.0076 0 0
2 0.0228 0 0
3 0.038 0 0
4 0.0532 0 0
5 0.0684 0 0
6 0.0836 0 0
7 0.0988 0 0
8 0.114 0 0
9 0.1292 0 0
10 0.1444 0 0
11 0.1596 0 0
12 0.1748 0 0
13 0.19 0 0
14 0.2052 0 0
15 0.2204 0 0
16 0.2356 0 0
17 0.2508 0 0
18 0.266 0 0
19 0.2812 0 0
20 0.2964 0 0
21 0.3116 0 0
22 0.3268 0 0
23 0.342 0 0
24 0.3572 0 0
25 0.3724 0 0
26 0.3876 0 0
27 0.4028 0 0
28 0.418 0 0
29 0.4332 0 0
30 0.4484 0 0
31 0.4636 0 0
32 0.4788 0 0
33 0.494 0 0
34 0.5092 0 0
35 0.5244 0 0
36 0.5396 0 0
37 0.5548 0 0
38 0.57 0 0
39 0.5852 0 0
40 0.6004 0 0
41 0.6156 0 0
42 0.6308 0 0
43 0.646 0 0
44 0.6612 0 0
45 0.6764 0 0
46 0.6916 0 0
47 0.7068 0 0
48 0.722 0 0
49 0.7372 0 0
50 0.7524 0 0
51 0.7676 0 0
52 0.7828 0 0
53 0.798 0 0
54 0.8132 0 0
55 0.8284 0 0
56 0.8436 0 0
57 0.8588 0 0
58 0.874 0 0
59 0.8892 0 0
60 0.9044 0 0
61 0.9196 0 0
62 0.9348 0.0301055 0.001
63 0.95 0.174899 0.007
64 0.9652 0.197673 0.014
65 0.9804 0.301072 0.025
66 0.9956 0.928931 0.06
67 1.0108 1.02995 0.1
68 1.026 1.09962 0.144
69 1.0412 1.45602 0.204
70 1.0564 1.76803 0.279
71 1.0716 1.83278 0.359
72 1.0868 2.22734 0.459
73 1.102 1.79805 0.542
74 1.1172 2.17101 0.645
75 1.1324 1.96951 0.741
76 1.1476 1.75788 0.829
77 1.1628 1.94571 0.929
78 1.178 1.78207 1.023
79 1.1932 1.84783 1.123
80 1.2084 1.45932 1.204
81 1.2236 1.89772 1.312
82 1.2388 1.40572 1.394
83 1.254 1.35512 1.475
84 1.2692 1.33919 1.557
85 1.2844 1.38742 1.644
86 1.2996 1.52649 1.742
87 1.3148 1.14138 1.817
88 1.33 1.21955 1.899
89 1.3452 1.07584 1.973
90 1.3604 1.17987 2.056
91 1.3756 1.07052 2.133
92 1.3908 1.18326 2.22
93 1.406 1.27759 2.316
94 1.4212 1.32855 2.418
95 1.4364 1.08382 2.503
96 1.4516 1.04876 2.587
97 1.4668 1.01491 2.67
98 1.482 0.838477 2.74
99 1.4972 0.833275 2.811
100 1.5124 1.08115 2.905
4000 100
1 0.0076 0 0
2 0.0228 0 0
3 0.038 0 0
4 0.0532 0 0
5 0.0684 0 0
6 0.0836 0 0
7 0.0988 0 0
8 0.114 0 0
9 0.1292 0 0
10 0.1444 0 0
11 0.1596 0 0
12 0.1748 0 0
13 0.19 0 0
14 0.2052 0 0
15 0.2204 0 0
16 0.2356 0 0
17 0.2508 0 0
18 0.266 0 0
19 0.2812 0 0
20 0.2964 0 0
21 0.3116 0 0
22 0.3268 0 0
23 0.342 0 0
24 0.3572 0 0
25 0.3724 0 0
26 0.3876 0 0
27 0.4028 0 0
28 0.418 0 0
29 0.4332 0 0
30 0.4484 0 0
31 0.4636 0 0
32 0.4788 0 0
33 0.494 0 0
34 0.5092 0 0
35 0.5244 0 0
36 0.5396 0 0
37 0.5548 0 0
38 0.57 0 0
39 0.5852 0 0
40 0.6004 0 0
41 0.6156 0 0
42 0.6308 0 0
43 0.646 0 0
44 0.6612 0 0
45 0.6764 0 0
46 0.6916 0 0
47 0.7068 0 0
48 0.722 0 0
49 0.7372 0 0
50 0.7524 0 0
51 0.7676 0 0
52 0.7828 0 0
53 0.798 0 0
54 0.8132 0 0
55 0.8284 0 0
56 0.8436 0 0
57 0.8588 0 0
58 0.874 0 0
59 0.8892 0 0
60 0.9044 0 0
61 0.9196 0 0
62 0.9348 0.0301055 0.001
63 0.95 0.204049 0.008
64 0.9652 0.310629 0.019
65 0.9804 0.520034 0.038
66 0.9956 0.690063 0.064
67 1.0108 1.08144 0.106
68 1.026 1.24957 0.156
69 1.0412 1.43176 0.215
70 1.0564 1.83875 0.293
71 1.0716 1.94733 0.378
72 1.0868 1.82642 0.46
73 1.102 2.03634 0.554
74 1.1172 2.19209 0.658
75 1.1324 1.949 0.753
76 1.1476 2.17737 0.862
77 1.1628 2.17919 0.974
78 1.178 1.95269 1.077
79 1.1932 2.16196 1.194
80 1.2084 1.63949 1.285
81 1.2236 1.73958 1.384
82 1.2388 1.38858 1.465
83 1.254 1.60607 1.561
84 1.2692 1.61683 1.66
85 1.2844 1.515 1.755
86 1.2996 1.52649 1.853
87 1.3148 1.26313 1.936
88 1.33 1.30878 2.024
89 1.3452 1.07584 2.098
90 1.3604 1.00929 2.169
91 1.3756 1.47371 2.275
92 1.3908 1.08805 2.355
93 1.406 1.18443 2.444
94 1.4212 1.06805 2.526
95 1.4364 1.21133 2.621
96 1.4516 1.0113 2.702
97 1.4668 0.978223 2.782
98 1.482 0.850456 2.853
99 1.4972 0.97411 2.936
100 1.5124 0.828112 3.008
4500 100
1 0.0076 0 0
2 0.0228 0 0
3 0.038 0 0
4 0.0532 0 0
5 0.0684 0 0
6 0.0836 0 0
7 0.0988 0 0
8 0.114 0 0
9 0.1292 0 0
10 0.1444 0 0
11 0.1596 0 0
12 0.1748 0 0
13 0.19 0 0
14 0.2052 0 0
15 0.2204 0 0
16 0.2356 0 0
17 0.2508 0 0
18 0.266 0 0
19 0.2812 0 0
20 0.2964 0 0
21 0.3116 0 0
22 0.3268 0 0
23 0.342 0 0
24 0.3572 0 0
25 0.3724 0 0
26 0.3876 0 0
27 0.4028 0 0
28 0.418 0 0
29 0.4332 0 0
30 0.4484 0 0
31 0.4636 0 0
32 0.4788 0 0
33 0.494 0 0
34 0.5092 0 0
35 0.5244 0 0
36 0.5396 0 0
37 0.5548 0 0
38 0.57 0 0
39 0.5852 0 0
40 0.6004 0 0
41 0.6156 0 0
42 0.6308 0 0
43 0.646 0 0
44 0.6612 0 0
45 0.6764 0 0
46 0.6916 0 0
47 0.7068 0 0
48 0.722 0 0
49 0.7372 0 0
50 0.7524 0 0
51 0.7676 0 0
52 0.7828 0 0
53 0.798 0 0
54 0.8132 0 0
55 0.8284 0 0
56 0.8436 0 0
57 0.8588 0 0
58 0.874 0 0
59 0.8892 0 0
60 0.9044 0 0
61 0.9196 0 0
62 0.9348 0.0301055 0.001
63 0.95 0.0582998 0.003
64 0.9652 0.197673 0.01
65 0.9804 0.766366 0.038
66 0.9956 0.796226 0.068
67 1.0108 1.15869 0.113
68 1.026 1.27456 0.164
69 1.0412 1.33469 0.219
70 1.0564 2.09807 0.308
71 1.0716 1.94733 0.393
72 1.0868 2.1828 0.491
73 1.102 1.86304 0.577
74 1.1172 2.31856 0.687
75 1.1324 1.92848 0.781
76 1.1476 2.03754 0.883
77 1.1628 1.90679 0.981
78 1.178 1.87686 1.08
79 1.1932 1.94022 1.185
80 1.2084 1.60345 1.274
81 1.2236 1.51115 1.36
82 1.2388 1.57715 1.452
83 1.254 1.57261 1.546
84 1.2692 1.58416 1.643
85 1.2844 1.61068 1.744
86 1.2996 1.19939 1.821
87 1.3148 1.41531 1.914
88 1.33 1.36827 2.006
89 1.3452 1.33753 2.098
90 1.3604 1.35045 2.193
91 1.3756 1.18174 2.278
92 1.3908 1.12885 2.361
93 1.406 1.25097 2.455
94 1.4212 0.820577 2.518
95 1.4364 1.21133 2.613
96 1.4516 1.18609 2.708
97 1.4668 0.953767 2.786
98 1.482 1.09002 2.877
99 1.4972 0.868484 2.951
100 1.5124 1.05814 3.043
5000 100
1 0.0076 0 0
2 0.0228 0 0
3 0.038 0 0
4 0.0532 0 0
5 0.0684 0 0
6 0.0836 0 0
7 0.0988 0 0
8 0.114 0 0
9 0.1292 0 0
10 0.1444 0 0
11 0.1596 0 0
12 0.1748 0 0
13 0.19 0 0
14 0.2052 0 0
15 0.2204 0 0
16 0.2356 0 0
17 0.2508 0 0
18 0.266 0 0
19 0.2812 0 0
20 0.2964 0 0
21 0.3116 0 0
22 0.3268 0 0
23 0.342 0 0
24 0.3572 0 0
25 0.3724 0 0
26 0.3876 0 0
27 0.4028 0 0
28 0.418 0 0
29 0.4332 0 0
30 0.4484 0 0
31 0.4636 0 0
32 0.4788 0 0
33 0.494 0 0
34 0.5092 0 0
35 0.5244 0 0
36 0.5396 0 0
37 0.5548 0 0
38 0.57 0 0
39 0.5852 0 0
40 0.6004 0 0
41 0.6156 0 0
42 0.6308 0 0
43 0.646 0 0
44 0.6612 0 0
45 0.6764 0 0
46 0.6916 0 0
47 0.7068 0 0
48 0.722 0 0
49 0.7372 0 0
50 0.7524 0 0
51 0.7676 0 0
52 0.7828 0 0
53 0.798 0 0
54 0.8132 0 0
55 0.8284 0 0
56 0.8436 0 0
57 0.8588 0 0
58 0.874 0 0
59 0.8892 0 0
60 0.9044 0 0
61 0.9196 0 0
62 0.9348 0.0301055 0.001
63 0.95 0.145749 0.006
64 0.9652 0.169434 0.012
65 0.9804 0.383183 0.026
66 0.9956 0.636981 0.05
67 1.0108 0.926952 0.086
68 1.026 1.09962 0.13
69 1.0412 1.50456 0.192
70 1.0564 1.55587 0.258
71 1.0716 1.80987 0.337
72 1.0868 2.11598 0.432
73 1.102 2.01468 0.525
74 1.1172 1.7073 0.606
75 1.1324 1.78487 0.693
76 1.1476 2.05752 0.796
77 1.1628 1.88733 0.893
78 1.178 1.99061 0.998
79 1.1932 2.2913 1.122
80 1.2084 2.19799 1.244
81 1.2236 1.54629 1.332
82 1.2388 1.74858 1.434
83 1.254 1.52242 1.525
84 1.2692 1.64949 1.626
85 1.2844 1.19605 1.701
86 1.2996 1.09035 1.771
87 1.3148 1.36966 1.861
88 1.33 1.26417 1.946
89 1.3452 1.39568 2.042
90 1.3604 1.44996 2.144
91 1.3756 1.15394 2.227
92 1.3908 1.40087 2.33
93 1.406 1.17112 2.418
94 1.4212 0.950828 2.491
95 1.4364 1.19858 2.585
96 1.4516 1.03627 2.668
97 1.4668 1.13718 2.761
98 1.482 1.04211 2.848
99 1.4972 0.962374 2.93
100 1.5124 0.96613 3.014
5500 100
1 0.0076 0 0
2 0.0228 0 0
3 0.038 0 0
4 0.0532 0 0
5 0.0684 0 0
6 0.0836 0 0
7 0.0988 0 0
8 0.114 0 0
9 0.1292 0 0
10 0.1444 0 0
11 0.1596 0 0
12 0.1748 0 0
13 0.19 0 0
14 0.2052 0 0
15 0.2204 0 0
16 0.2356 0 0
17 0.2508 0 0
18 0.266 0 0
19 0.2812 0 0
20 0.2964 0 0
21 0.3116 0 0
22 0.3268 0 0
23 0.342 0 0
24 0.3572 0 0
25 0.3724 0 0
26 0.3876 0 0
27 0.4028 0 0
28 0.418 0 0
29 0.4332 0 0
30 0.4484 0 0
31 0.4636 0 0
32 0.4788 0 0
33 0.494 0 0
34 0.5092 0 0
35 0.5244 0 0
36 0.5396 0 0
37 0.5548 0 0
38 0.57 0 0
39 0.5852 0 0
40 0.6004 0 0
41 0.6156 0 0
42 0.6308 0 0
43 0.646 0 0
44 0.6612 0 0
45 0.6764 0 0
46 0.6916 0 0
47 0.7068 0 0
48 0.722 0 0
49 0.7372 0 0
50 0.7524 0 0
51 0.7676 0 0
52 0.7828 0 0
53 0.798 0 0
54 0.8132 0 0
55 0.8284 0 0
56 0.8436 0 0
57 0.8588 0 0
58 0.874 0 0
59 0.8892 0 0
60 0.9044 0 0
61 0.9196 0.031109 0.001
62 0.9348 0 0.001
63 0.95 0.145749 0.006
64 0.9652 0.225912 0.014
65 0.9804 0.602145 0.036
66 0.9956 0.583899 0.058
67 1.0108 0.849706 0.091
68 1.026 1.37453 0.146
69 1.0412 1.65016 0.214
70 1.0564 1.65016 0.284
71 1.0716 2.06188 0.374
72 1.0868 1.71505 0.451
73 1.102 2.05801 0.546
74 1.1172 1.91808 0.637
75 1.1324 1.99003 0.734
76 1.1476 2.03754 0.836
77 1.1628 1.94571 0.936
78 1.178 1.89582 1.036
79 1.1932 1.94022 1.141
80 1.2084 1.62147 1.231
81 1.2236 2.02072 1.346
82 1.2388 1.49144 1.433
83 1.254 1.35512 1.514
84 1.2692 1.38818 1.599
85 1.2844 1.46715 1.691
86 1.2996 1.24612 1.771
87 1.3148 1.14138 1.846
88 1.33 1.02621 1.915
89 1.3452 1.3666 2.009
90 1.3604 1.0235 2.081
91 1.3756 1.15394 2.164
92 1.3908 1.04725 2.241
93 1.406 1.22435 2.333
94 1.4212 1.17225 2.423
95 1.4364 0.956313 2.498
96 1.4516 0.898935 2.57
97 1.4668 0.868173 2.641
98 1.482 0.814521 2.709
99 1.4972 1.07974 2.801
100 1.5124 0.96613 2.885
6000 100
1 0.0076 0 0
2 0.0228 0 0
3 0.038 0 0
4 0.0532 0 0
5 0.0684 0 0
6 0.0836 0 0
7 0.0988 0 0
8 0.114 0 0
9 0.1292 0 0
10 0.1444 0 0
11 0.1596 0 0
12 0.1748 0 0
13 0.19 0 0
14 0.2052 0 0
15 0.2204 0 0
16 0.2356 0 0
17 0.2508 0 0
18 0.266 0 0
19 0.2812 0 0
20 0.2964 0 0
21 0.3116 0 0
22 0.3268 0 0
23 0.342 0 0
24 0.3572 0 0
25 0.3724 0 0
26 0.3876 0 0
27 0.4028 0 0
28 0.418 0 0
29 0.4332 0 0
30 0.4484 0 0
31 0.4636 0 0
32 0.4788 0 0
33 0.494 0 0
34 0.5092 0 0
35 0.5244 0 0
36 0.5396 0 0
37 0.5548 0 0
38 0.57 0 0
39 0.5852 0 0
40 0.6004 0 0
41 0.6156 0 0
42 0.6308 0 0
43 0.646 0 0
44 0.6612 0 0
45 0.6764 0 0
46 0.6916 0 0
47 0.7068 0 0
48 0.722 0 0
49 0.7372 0 0
50 0.7524 0 0
51 0.7676 0 0
52 0.7828 0 0
53 0.798 0 0
54 0.8132 0 0
55 0.8284 0 0
56 0.8436 0 0
57 0.8588 0 0
58 0.874 0 0
59 0.8892 0 0
60 0.9044 0 0
61 0.9196 0 0
62 0.9348 0 0
63 0.95 0.145749 0.005
64 0.9652 0.169434 0.011
65 0.9804 0.383183 0.025
66 0.9956 0.796226 0.055
67 1.0108 1.15869 0.1
68 1.026 1.47449 0.159
69 1.0412 1.23762 0.21
70 1.0564 1.50872 0.274
71 1.0716 1.78696 0.352
72 1.0868 2.31644 0.456
73 1.102 2.33963 0.564
74 1.1172 2.21317 0.669
75 1.1324 1.8259 0.758
76 1.1476 2.45703 0.881
77 1.1628 2.15973 0.992
78 1.178 1.70624 1.082
79 1.1932 1.99565 1.19
80 1.2084 1.60345 1.279
81 1.2236 1.61658 1.371
82 1.2388 1.69715 1.47
83 1.254 1.55588 1.563
84 1.2692 1.71482 1.668
85 1.2844 1.33958 1.752
86 1.2996 1.43304 1.844
87 1.3148 1.43053 1.938
88 1.33 1.21955 2.02
89 1.3452 1.16307 2.1
90 1.3604 1.42153 2.2
91 1.3756 1.27906 2.292
92 1.3908 1.15606 2.377
93 1.406 1.07796 2.458
94 1.4212 0.989903 2.534
95 1.4364 1.22408 2.63
96 1.4516 1.14864 2.722
97 1.4668 1.21055 2.821
98 1.482 0.95826 2.901
99 1.4972 1.15015 2.999
100 1.5124 0.805109 3.069
6500 100
1 0.0076 0 0
2 0.0228 0 0
3 0.038 0 0
4 0.0532 0 0
5 0.0684 0 0
6 0.0836 0 0
7 0.0988 0 0
8 0.114 0 0
9 0.1292 0 0
10 0.1444 0 0
11 0.1596 0 0
12 0.1748 0 0
13 0.19 0 0
14 0.2052 0 0
15 0.2204 0 0
16 0.2356 0 0
17 0.2508 0 0
18 0.266 0 0
19 0.2812 0 0
20 0.2964 0 0
21 0.3116 0 0
22 0.3268 0 0
23 0.342 0 0
24 0.3572 0 0
25 0.3724 0 0
26 0.3876 0 0
27 0.4028 0 0
28 0.418 0 0
29 0.4332 0 0
30 0.4484 0 0
31 0.4636 0 0
32 0.4788 0 0
33 0.494 0 0
34 0.5092 0 0
35 0.5244 0 0
36 0.5396 0 0
37 0.5548 0 0
38 0.57 0 0
39 0.5852 0 0
40 0.6004 0 0
41 0.6156 0 0
42 0.6308 0 0
43 0.646 0 0
44 0.6612 0 0
45 0.6764 0 0
46 0.6916 0 0
47 0.7068 0 0
48 0.722 0 0
49 0.7372 0 0
50 0.7524 0 0
51 0.7676 0 0
52 0.7828 0 0
53 0.798 0 0
54 0.8132 0 0
55 0.8284 0 0
56 0.8436 0 0
57 0.8588 0 0
58 0.874 0 0
59 0.8892 0 0
60 0.9044 0 0
61 0.9196 0.031109 0.001
62 0.9348 0.0301055 0.002
63 0.95 0.0874497 0.005
64 0.9652 0.254151 0.014
65 0.9804 0.410553 0.029
66 0.9956 0.928931 0.064
67 1.0108 1.0557 0.105
68 1.026 1.19959 0.153
69 1.0412 1.09202 0.198
70 1.0564 2.00377 0.283
71 1.0716 1.83278 0.363
72 1.0868 1.89324 0.448
73 1.102 2.31797 0.555
74 1.1172 2.12886 0.656
75 1.1324 1.92848 0.75
76 1.1476 1.87773 0.844
77 1.1628 2.02353 0.948
78 1.178 1.8579 1.046
79 1.1932 1.71848 1.139
80 1.2084 1.63949 1.23
81 1.2236 1.88015 1.337
82 1.2388 1.35429 1.416
83 1.254 1.89048 1.529
84 1.2692 1.56783 1.625
85 1.2844 1.41931 1.714
86 1.2996 1.27727 1.796
87 1.3148 1.20225 1.875
88 1.33 1.17493 1.954
89 1.3452 1.49745 2.057
90 1.3604 1.29359 2.148
91 1.3756 1.27906 2.24
92 1.3908 0.952046 2.31
93 1.406 0.838415 2.373
94 1.4212 1.15923 2.462
95 1.4364 1.00732 2.541
96 1.4516 0.93639 2.616
97 1.4668 1.14941 2.71
98 1.482 1.00617 2.794
99 1.4972 1.02106 2.881
100 1.5124 0.862616 2.956
7000 100
1 0.0076 0 0
2 0.0228 0 0
3 0.038 0 0
4 0.0532 0 0
5 0.0684 0 0
6 0.0836 0 0
7 0.0988 0 0
8 0.114 0 0
9 0.1292 0 0
10 0.1444 0 0
11 0.1596 0 0
12 0.1748 0 0
13 0.19 0 0
14 0.2052 0 0
15 0.2204 0 0
16 0.2356 0 0
17 0.2508 0 0
18 0.266 0 0
19 0.2812 0 0
20 0.2964 0 0
21 0.3116 0 0
22 0.3268 0 0
23 0.342 0 0
24 0.3572 0 0
25 0.3724 0 0
26 0.3876 0 0
27 0.4028 0 0
28 0.418 0 0
29 0.4332 0 0
30 0.4484 0 0
31 0.4636 0 0
32 0.4788 0 0
33 0.494 0 0
34 0.5092 0 0
35 0.5244 0 0
36 0.5396 0 0
37 0.5548 0 0
38 0.57 0 0
39 0.5852 0 0
40 0.6004 0 0
41 0.6156 0 0
42 0.6308 0 0
43 0.646 0 0
44 0.6612 0 0
45 0.6764 0 0
46 0.6916 0 0
47 0.7068 0 0
48 0.722 0 0
49 0.7372 0 0
50 0.7524 0 0
51 0.7676 0 0
52 0.7828 0 0
53 0.798 0 0
54 0.8132 0 0
55 0.8284 0 0
56 0.8436 0 0
57 0.8588 0 0
58 0.874 0 0
59 0.8892 0 0
60 0.9044 0 0
61 0.9196 0.031109 0.001
62 0.9348 0.0301055 0.002
63 0.95 0.0874497 0.005
64 0.9652 0.169434 0.011
65 0.9804 0.547404 0.031
66 0.9956 0.663522 0.056
67 1.0108 1.15869 0.101
68 1.026 1.39952 0.157
69 1.0412 1.43176 0.216
70 1.0564 1.29656 0.271
71 1.0716 1.6495 0.343
72 1.0868 1.89324 0.428
73 1.102 1.73306 0.508
74 1.1172 2.25532 0.615
75 1.1324 1.84642 0.705
76 1.1476 2.17737 0.814
77 1.1628 1.82896 0.908
78 1.178 1.93374 1.01
79 1.1932 1.64457 1.099
80 1.2084 1.63949 1.19
81 1.2236 1.91529 1.299
82 1.2388 1.50858 1.387
83 1.254 1.32166 1.466
84 1.2692 1.33919 1.548
85 1.2844 1.45121 1.639
86 1.2996 1.46419 1.733
87 1.3148 1.18704 1.811
88 1.33 1.16006 1.889
89 1.3452 1.23576 1.974
90 1.3604 1.49261 2.079
91 1.3756 0.931493 2.146
92 1.3908 1.22406 2.236
93 1.406 1.06465 2.316
94 1.4212 1.10713 2.401
95 1.4364 0.892558 2.471
96 1.4516 1.0113 2.552
97 1.4668 1.12496 2.644
98 1.482 0.994194 2.727
99 1.4972 1.05626 2.817
100 1.5124 0.759102 2.883
7500 100
1 0.0076 0 0
2 0.0228 0 0
3 0.038 0 0
4 0.0532 0 0
5 0.0684 0 0
6 0.0836 0 0
7 0.0988 0 0
8 0.114 0 0
9 0.1292 0 0
10 0.1444 0 0
11 0.1596 0 0
12 0.1748 0 0
13 0.19 0 0
14 0.2052 0 0
15 0.2204 0 0
16 0.2356 0 0
17 0.2508 0 0
18 0.266 0 0
19 0.2812 0 0
20 0.2964 0 0
21 0.3116 0 0
22 0.3268 0 0
23 0.342 0 0
24 0.3572 0 0
25 0.3724 0 0
26 0.3876 0 0
27 0.4028 0 0
28 0.418 0 0
29 0.4332 0 0
30 0.4484 0 0
31 0.4636 0 0
32 0.4788 0 0
33 0.494 0 0
34 0.5092 0 0
35 0.5244 0 0
36 0.5396 0 0
37 0.5548 0 0
38 0.57 0 0
39 0.5852 0 0
40 0.6004 0 0
41 0.6156 0 0
42 0.6308 0 0
43 0.646 0 0
44 0.6612 0 0
45 0.6764 0 0
46 0.6916 0 0
47 0.7068 0 0
48 0.722 0 0
49 0.7372 0 0
50 0.7524 0 0
51 0.7676 0 0
52 0.7828 0 0
53 0.798 0 0
54 0.8132 0 0
55 0.8284 0 0
56 0.8436 0 0
57 0.8588 0 0
58 0.874 0 0
59 0.8892 0 0
60 0.9044 0 0
61 0.9196 0 0
62 0.9348 0.0301055 0.001
63 0.95 0.174899 0.007
64 0.9652 0.254151 0.016
65 0.9804 0.547404 0.036
66 0.9956 0.716604 0.063
67 1.0108 1.08144 0.105
68 1.026 1.47449 0.164
69 1.0412 1.33469 0.219
70 1.0564 1.67374 0.29
71 1.0716 1.85569 0.371
72 1.0868 1.64823 0.445
73 1.102 1.77639 0.527
74 1.1172 1.81269 0.613
75 1.1324 1.90796 0.706
76 1.1476 1.67797 0.79
77 1.1628 1.84842 0.885
78 1.178 1.83894 0.982
79 1.1932 1.45978 1.061
80 1.2084 1.83767 1.163
81 1.2236 1.59901 1.254
82 1.2388 1.38858 1.335
83 1.254 1.48896 1.424
84 1.2692 1.46984 1.514
85 1.2844 1.46715 1.606
86 1.2996 1.57322 1.707
87 1.3148 1.4914 1.805
88 1.33 1.26417 1.89
89 1.3452 1.26484 1.977
90 1.3604 1.10879 2.055
91 1.3756 1.29297 2.148
92 1.3908 1.26486 2.241
93 1.406 1.06465 2.321
94 1.4212 1.28948 2.42
95 1.4364 1.28783 2.521
96 1.4516 1.16112 2.614
97 1.4668 1.14941 2.708
98 1.482 1.00617 2.792
99 1.4972 0.856748 2.865
100 1.5124 1.20766 2.97
8000 100
1 0.0076 0 0
2 0.0228 0 0
3 0.038 0 0
4 0.0532 0 0
5 0.0684 0 0
6 0.0836 0 0
7 0.0988 0 0
8 0.114 0 0
9 0.1292 0 0
10 0.1444 0 0
11 0.1596 0 0
12 0.1748 0 0
13 0.19 0 0
14 0.2052 0 0
15 0.2204 0 0
16 0.2356 0 0
17 0.2508 0 0
18 0.266 0 0
19 0.2812 0 0
20 0.2964 0 0
21 0.3116 0 0
22 0.3268 0 0
23 0.342 0 0
24 0.3572 0 0
25 0.3724 0 0
26 0.3876 0 0
27 0.4028 0 0
28 0.418 0 0
29 0.4332 0 0
30 0.4484 0 0
31 0.4636 0 0
32 0.4788 0 0
33 0.494 0 0
34 0.5092 0 0
35 0.5244 0 0
36 0.5396 0 0
37 0.5548 0 0
38 0.57 0 0
39 0.5852 0 0
40 0.6004 0 0
41 0.6156 0 0
42 0.6308 0 0
43 0.646 0 0
44 0.6612 0 0
45 0.6764 0 0
46 0.6916 0 0
47 0.7068 0 0
48 0.722 0 0
49 0.7372 0 0
50 0.7524 0 0
51 0.7676 0 0
52 0.7828 0 0
53 0.798 0 0
54 0.8132 0 0
55 0.8284 0 0
56 0.8436 0 0
57 0.8588 0 0
58 0.874 0 0
59 0.8892 0 0
60 0.9044 0 0
61 0.9196 0 0
62 0.9348 0.0301055 0.001
63 0.95 0.233199 0.009
64 0.9652 0.141195 0.014
65 0.9804 0.383183 0.028
66 0.9956 0.504277 0.047
67 1.0108 0.926952 0.083
68 1.026 1.24957 0.133
69 1.0412 1.50456 0.195
70 1.0564 1.8859 0.275
71 1.0716 1.76405 0.352
72 1.0868 1.58141 0.423
73 1.102 1.75472 0.504
74 1.1172 2.31856 0.614
75 1.1324 1.84642 0.704
76 1.1476 1.97761 0.803
77 1.1628 2.23756 0.918
78 1.178 1.66832 1.006
79 1.1932 1.66304 1.096
80 1.2084 1.56742 1.183
81 1.2236 1.84501 1.288
82 1.2388 1.57715 1.38
83 1.254 1.57261 1.474
84 1.2692 1.5515 1.569
85 1.2844 1.41931 1.658
86 1.2996 1.38631 1.747
87 1.3148 1.18704 1.825
88 1.33 1.75496 1.943
89 1.3452 1.10491 2.019
90 1.3604 1.26516 2.108
91 1.3756 1.22345 2.196
92 1.3908 1.12885 2.279
93 1.406 1.03804 2.357
94 1.4212 1.05503 2.438
95 1.4364 1.08382 2.523
96 1.4516 1.19858 2.619
97 1.4668 1.07605 2.707
98 1.482 0.790564 2.773
99 1.4972 1.03279 2.861
100 1.5124 1.08115 2.955
8500 100
1 0.0076 0 0
2 0.0228 0 0
3 0.038 0 0
4 0.0532 0 0
5 0.0684 0 0
6 0.0836 0 0
7 0.0988 0 0
8 0.114 0 0
9 0.1292 0 0
10 0.1444 0 0
11 0.1596 0 0
12 0.1748 0 0
13 0.19 0 0
14 0.2052 0 0
15 0.2204 0 0
16 0.2356 0 0
17 0.2508 0 0
18 0.266 0 0
19 0.2812 0 0
20 0.2964 0 0
21 0.3116 0 0
22 0.3268 0 0
23 0.342 0 0
24 0.3572 0 0
25 0.3724 0 0
26 0.3876 0 0
27 0.4028 0 0
28 0.418 0 0
29 0.4332 0 0
30 0.4484 0 0
31 0.4636 0 0
32 0.4788 0 0
33 0.494 0 0
34 0.5092 0 0
35 0.5244 0 0
36 0.5396 0 0
37 0.5548 0 0
38 0.57 0 0
39 0.5852 0 0
40 0.6004 0 0
41 0.6156 0 0
42 0.6308 0 0
43 0.646 0 0
44 0.6612 0 0
45 0.6764 0 0
46 0.6916 0 0
47 0.7068 0 0
48 0.722 0 0
49 0.7372 0 0
50 0.7524 0 0
51 0.7676 0 0
52 0.7828 0 0
53 0.798 0 0
54 0.8132 0 0
55 0.8284 0 0
56 0.8436 0 0
57 0.8588 0 0
58 0.874 0 0
59 0.8892 0 0
60 0.9044 0 0
61 0.9196 0 0
62 0.9348 0 0
63 0.95 0.0874497 0.003
64 0.9652 0.367107 0.016
65 0.9804 0.492664 0.034
66 0.9956 0.663522 0.059
67 1.0108 0.823957 0.091
68 1.026 1.39952 0.147
69 1.0412 1.31042 0.201
70 1.0564 1.8859 0.281
71 1.0716 1.76405 0.358
72 1.0868 1.89324 0.443
73 1.102 1.7114 0.522
74 1.1172 2.02347 0.618
75 1.1324 2.09261 0.72
76 1.1476 1.7379 0.807
77 1.1628 2.00408 0.91
78 1.178 1.57353 0.993
79 1.1932 1.5337 1.076
80 1.2084 1.58544 1.164
81 1.2236 1.66929 1.259
82 1.2388 1.59429 1.352
83 1.254 1.55588 1.445
84 1.2692 1.61683 1.544
85 1.2844 1.4831 1.637
86 1.2996 1.46419 1.731
87 1.3148 1.29356 1.816
88 1.33 1.13031 1.892
89 1.3452 1.16307 1.972
90 1.3604 1.12301 2.051
91 1.3756 1.36248 2.149
92 1.3908 1.18326 2.236
93 1.406 1.33082 2.336
94 1.4212 1.10713 2.421
95 1.4364 1.19858 2.515
96 1.4516 0.91142 2.588
97 1.4668 0.929312 2.664
98 1.482 0.994194 2.747
99 1.4972 0.868484 2.821
100 1.5124 1.01214 2.909
9000 100
1 0.0076 0 0
2 0.0228 0 0
3 0.038 0 0
4 0.0532 0 0
5 0.0684 0 0
6 0.0836 0 0
7 0.0988 0 0
8 0.114 0 0
9 0.1292 0 0
10 0.1444 0 0
11 0.1596 0 0
12 0.1748 0 0
13 0.19 0 0
14 0.2052 0 0
15 0.2204 0 0
16 0.2356 0 0
17 0.2508 0 0
18 0.266 0 0
19 0.2812 0 0
20 0.2964 0 0
21 0.3116 0 0
22 0.3268 0 0
23 0.342 0 0
24 0.3572 0 0
25 0.3724 0 0
26 0.3876 0 0
27 0.4028 0 0
28 0.418 0 0
29 0.4332 0 0
30 0.4484 0 0
31 0.4636 0 0
32 0.4788 0 0
33 0.494 0 0
34 0.5092 0 0
35 0.5244 0 0
36 0.5396 0 0
37 0.5548 0 0
38 0.57 0 0
39 0.5852 0 0
40 0.6004 0 0
41 0.6156 0 0
42 0.6308 0 0
43 0.646 0 0
44 0.6612 0 0
45 0.6764 0 0
46 0.6916 0 0
47 0.7068 0 0
48 0.722 0 0
49 0.7372 0 0
50 0.7524 0 0
51 0.7676 0 0
52 0.7828 0 0
53 0.798 0 0
54 0.8132 0 0
55 0.8284 0 0
56 0.8436 0 0
57 0.8588 0 0
58 0.874 0 0
59 0.8892 0 0
60 0.9044 0 0
61 0.9196 0 0
62 0.9348 0 0
63 0.95 0.174899 0.006
64 0.9652 0.225912 0.014
65 0.9804 0.492664 0.032
66 0.9956 0.716604 0.059
67 1.0108 0.77246 0.089
68 1.026 1.1746 0.136
69 1.0412 1.38322 0.193
70 1.0564 1.86233 0.272
71 1.0716 1.83278 0.352
72 1.0868 2.20507 0.451
73 1.102 2.40462 0.562
74 1.1172 1.43329 0.63
75 1.1324 2.11312 0.733
76 1.1476 1.81781 0.824
77 1.1628 2.39322 0.947
78 1.178 1.70624 1.037
79 1.1932 1.75543 1.132
80 1.2084 1.80163 1.232
81 1.2236 1.44086 1.314
82 1.2388 1.61144 1.408
83 1.254 1.70645 1.51
84 1.2692 1.45351 1.599
85 1.2844 1.37147 1.685
86 1.2996 1.43304 1.777
87 1.3148 1.24791 1.859
88 1.33 1.3534 1.95
89 1.3452 1.0613 2.023
90 1.3604 1.22251 2.109
91 1.3756 1.22345 2.197
92 1.3908 1.02005 2.272
93 1.406 1.05135 2.351
94 1.4212 1.00293 2.428
95 1.4364 1.00732 2.507
96 1.4516 1.24852 2.607
97 1.4668 1.05159 2.693
98 1.482 1.01815 2.778
99 1.4972 1.02106 2.865
100 1.5124 0.805109 2.935
9500 100
1 0.0076 0 0
2 0.0228 0 0
3 0.038 0 0
4 0.0532 0 0
5 0.0684 0 0
6 0.0836 0 0
7 0.0988 0 0
8 0.114 0 0
9 0.1292 0 0
10 0.1444 0 0
11 0.1596 0 0
12 0.1748 0 0
13 0.19 0 0
14 0.2052 0 0
15 0.2204 0 0
16 0.2356 0 0
17 0.2508 0 0
18 0.266 0 0
19 0.2812 0 0
20 0.2964 0 0
21 0.3116 0 0
22 0.3268 0 0
23 0.342 0 0
24 0.3572 0 0
25 0.3724 0 0
26 0.3876 0 0
27 0.4028 0 0
28 0.418 0 0
29 0.4332 0 0
30 0.4484 0 0
31 0.4636 0 0
32 0.4788 0 0
33 0.494 0 0
34 0.5092 0 0
35 0.5244 0 0
36 0.5396 0 0
37 0.5548 0 0
38 0.57 0 0
39 0.5852 0 0
40 0.6004 0 0
41 0.6156 0 0
42 0.6308 0 0
43 0.646 0 0
44 0.6612 0 0
45 0.6764 0 0
46 0.6916 0 0
47 0.7068 0 0
48 0.722 0 0
49 0.7372 0 0
50 0.7524 0 0
51 0.7676 0 0
52 0.7828 0 0
53 0.798 0 0
54 0.8132 0 0
55 0.8284 0 0
56 0.8436 0 0
57 0.8588 0 0
58 0.874 0 0
59 0.8892 0 0
60 0.9044 0 0
61 0.9196 0 0
62 0.9348 0.0301055 0.001
63 0.95 0.1166 0.005
64 0.9652 0.28239 0.015
65 0.9804 0.355813 0.028
66 0.9956 0.690063 0.054
67 1.0108 1.02995 0.094
68 1.026 1.37453 0.149
69 1.0412 1.33469 0.204
70 1.0564 1.86233 0.283
71 1.0716 1.78696 0.361
72 1.0868 1.91552 0.447
73 1.102 2.10133 0.544
74 1.1172 1.93916 0.636
75 1.1324 2.23622 0.745
76 1.1476 1.81781 0.836
77 1.1628 1.92625 0.935
78 1.178 1.59249 1.019
79 1.1932 1.60761 1.106
80 1.2084 1.63949 1.197
81 1.2236 1.58144 1.287
82 1.2388 1.54287 1.377
83 1.254 1.53915 1.469
84 1.2692 1.37185 1.553
85 1.2844 1.16415 1.626
86 1.2996 1.24612 1.706
87 1.3148 1.1566 1.782
88 1.33 1.20468 1.863
89 1.3452 1.19214 1.945
90 1.3604 1.03772 2.018
91 1.3756 1.12613 2.099
92 1.3908 1.19686 2.187
93 1.406 0.984805 2.261
94 1.4212 0.963853 2.335
95 1.4364 0.91806 2.407
96 1.4516 1.11118 2.496
97 1.4668 0.696984 2.553
98 1.482 1.00617 2.637
99 1.4972 0.88022 2.712
100 1.5124 0.713096 2.774
10000 100
1 0.0076 0 0
2 0.0228 0 0
3 0.038 0 0
4 0.0532 0 0
5 0.0684 0 0
6 0.0836 0 0
7 0.0988 0 0
8 0.114 0 0
9 0.1292 0 0
10 0.1444 0 0
11 0.1596 0 0
12 0.1748 0 0
13 0.19 0 0
14 0.2052 0 0
15 0.2204 0 0
16 0.2356 0 0
17 0.2508 0 0
18 0.266 0 0
19 0.2812 0 0
20 0.2964 0 0
21 0.3116 0 0
22 0.3268 0 0
23 0.342 0 0
24 0.3572 0 0
25 0.3724 0 0
26 0.3876 0 0
27 0.4028 0 0
28 0.418 0 0
29 0.4332 0 0
30 0.4484 0 0
31 0.4636 0 0
32 0.4788 0 0
33 0.494 0 0
34 0.5092 0 0
35 0.5244 0 0
36 0.5396 0 0
37 0.5548 0 0
38 0.57 0 0
39 0.5852 0 0
40 0.6004 0 0
41 0.6156 0 0
42 0.6308 0 0
43 0.646 0 0
44 0.6612 0 0
45 0.6764 0 0
46 0.6916 0 0
47 0.7068 0 0
48 0.722 0 0
49 0.7372 0 0
50 0.7524 0 0
51 0.7676 0 0
52 0.7828 0 0
53 0.798 0 0
54 0.8132 0 0
55 0.8284 0 0
56 0.8436 0 0
57 0.8588 0 0
58 0.874 0 0
59 0.8892 0 0
60 0.9044 0 0
61 0.9196 0 0
62 0.9348 0 0
63 0.95 0.174899 0.006
64 0.9652 0.197673 0.013
65 0.9804 0.355813 0.026
66 0.9956 0.663522 0.051
67 1.0108 0.823957 0.083
68 1.026 1.47449 0.142
69 1.0412 1.35896 0.198
70 1.0564 1.62659 0.267
71 1.0716 1.76405 0.344
72 1.0868 1.80415 0.425
73 1.102 1.8847 0.512
74 1.1172 2.31856 0.622
75 1.1324 1.84642 0.712
76 1.1476 1.83778 0.804
77 1.1628 1.90679 0.902
78 1.178 1.6304 0.988
79 1.1932 1.47826 1.068
80 1.2084 1.90973 1.174
81 1.2236 1.31786 1.249
82 1.2388 1.45715 1.334
83 1.254 1.35512 1.415
84 1.2692 1.43718 1.503
85 1.2844 1.67447 1.608
86 1.2996 1.46419 1.702
87 1.3148 1.21747 1.782
88 1.33 1.36827 1.874
89 1.3452 1.10491 1.95
90 1.3604 0.938209 2.016
91 1.3756 1.33468 2.112
92 1.3908 1.12885 2.195
93 1.406 0.998113 2.27
94 1.4212 1.1462 2.358
95 1.4364 1.17308 2.45
96 1.4516 0.724142 2.508
97 1.4668 1.00268 2.59
98 1.482 0.922325 2.667
99 1.4972 0.762858 2.732
100 1.5124 0.839613 2.805
