# Time-averaged data for fix rdf
# TimeStep Number-of-rows
# Row c_myRDF[1] c_myRDF[2] c_myRDF[3]
1000 100
1 0.0096 0 0
2 0.0288 0 0
3 0.048 0 0
4 0.0672 0 0
5 0.0864 0 0
6 0.1056 0 0
7 0.1248 0 0
8 0.144 0 0
9 0.1632 0 0
10 0.1824 0 0
11 0.2016 0 0
12 0.2208 0 0
13 0.24 0 0
14 0.2592 0 0
15 0.2784 0 0
16 0.2976 0 0
17 0.3168 0 0
18 0.336 0 0
19 0.3552 0 0
20 0.3744 0 0
21 0.3936 0 0
22 0.4128 0 0
23 0.432 0 0
24 0.4512 0 0
25 0.4704 0 0
26 0.4896 0 0
27 0.5088 0 0
28 0.528 0 0
29 0.5472 0 0
30 0.5664 0 0
31 0.5856 0 0
32 0.6048 0 0
33 0.624 0 0
34 0.6432 0 0
35 0.6624 0 0
36 0.6816 0 0
37 0.7008 0 0
38 0.72 0 0
39 0.7392 0 0
40 0.7584 0 0
41 0.7776 0 0
42 0.7968 0 0
43 0.816 0 0
44 0.8352 0 0
45 0.8544 0 0
46 0.8736 0 0
47 0.8928 0 0
48 0.912 0 0
49 0.9312 0.0240179 0.001
50 0.9504 0.25363 0.012
51 0.9696 0.753209 0.046
52 0.9888 1.36328 0.11
53 1.008 2.07025 0.211
54 1.0272 2.92129 0.359
55 1.0464 3.10039 0.522
56 1.0656 4.0168 0.741
57 1.0848 4.10594 0.973
58 1.104 4.57954 1.241
59 1.1232 4.24272 1.498
60 1.1424 4.06939 1.753
61 1.1616 3.79706 1.999
62 1.1808 3.58496 2.239
63 1.2 3.0662 2.451
64 1.2192 3.02643 2.667
65 1.2384 3.09628 2.895
66 1.2576 2.67324 3.098
67 1.2768 2.86174 3.322
68 1.296 2.33118 3.51
69 1.3152 2.27565 3.699
70 1.3344 2.26912 3.893
71 1.3536 1.98923 4.068
72 1.3728 1.95608 4.245
73 1.392 1.94549 4.426
74 1.4112 1.872 4.605
75 1.4304 1.58796 4.761
76 1.4496 1.73449 4.936
77 1.4688 1.55428 5.097
78 1.488 1.63672 5.271
79 1.5072 1.5036 5.435
80 1.5264 1.6001 5.614
81 1.5456 1.50828 5.787
82 1.5648 1.34391 5.945
83 1.584 1.39454 6.113
84 1.6032 1.42616 6.289
85 1.6224 1.46382 6.474
86 1.6416 1.52252 6.671
87 1.6608 1.51017 6.871
88 1.68 1.34302 7.053
89 1.6992 1.25514 7.227
90 1.7184 1.21314 7.399
91 1.7376 1.49 7.615
92 1.7568 1.47785 7.834
93 1.776 1.71019 8.093
94 1.7952 1.20204 8.279
95 1.8144 1.32857 8.489
96 1.8336 1.46815 8.726
97 1.8528 1.32261 8.944
98 1.872 1.51552 9.199
99 1.8912 1.4849 9.454
100 1.9104 1.56363 9.728
1500 100
1 0.0096 0 0
2 0.0288 0 0
3 0.048 0 0
4 0.0672 0 0
5 0.0864 0 0
6 0.1056 0 0
7 0.1248 0 0
8 0.144 0 0
9 0.1632 0 0
10 0.1824 0 0
11 0.2016 0 0
12 0.2208 0 0
13 0.24 0 0
14 0.2592 0 0
15 0.2784 0 0
16 0.2976 0 0
17 0.3168 0 0
18 0.336 0 0
19 0.3552 0 0
20 0.3744 0 0
21 0.3936 0 0
22 0.4128 0 0
23 0.432 0 0
24 0.4512 0 0
25 0.4704 0 0
26 0.4896 0 0
27 0.5088 0 0
28 0.528 0 0
29 0.5472 0 0
30 0.5664 0 0
31 0.5856 0 0
32 0.6048 0 0
33 0.624 0 0
34 0.6432 0 0
35 0.6624 0 0
36 0.6816 0 0
37 0.7008 0 0
38 0.72 0 0
39 0.7392 0 0
40 0.7584 0 0
41 0.7776 0 0
42 0.7968 0 0
43 0.816 0 0
44 0.8352 0 0
45 0.8544 0 0
46 0.8736 0 0
47 0.8928 0 0
48 0.912 0 0
49 0.9312 0.144107 0.006
50 0.9504 0.115286 0.011
51 0.9696 0.62029 0.039
52 0.9888 0.809448 0.077
53 1.008 1.74229 0.162
54 1.0272 2.19097 0.273
55 1.0464 2.66291 0.413
56 1.0656 3.28313 0.592
57 1.0848 3.11485 0.768
58 1.104 3.57136 0.977
59 1.1232 3.54936 1.192
60 1.1424 2.85655 1.371
61 1.1616 2.93269 1.561
62 1.1808 2.8381 1.751
63 1.2 3.02281 1.96
64 1.2192 3.1105 2.182
65 1.2384 2.40369 2.359
66 1.2576 2.09382 2.518
67 1.2768 2.05687 2.679
68 1.296 2.28158 2.863
69 1.3152 2.14321 3.041
70 1.3344 1.53224 3.172
71 1.3536 1.97787 3.346
72 1.3728 1.91188 3.519
73 1.392 1.53704 3.662
74 1.4112 1.81971 3.836
75 1.4304 1.62867 3.996
76 1.4496 1.6552 4.163
77 1.4688 1.55428 4.324
78 1.488 1.62731 4.497
79 1.5072 1.5311 4.664
80 1.5264 1.43025 4.824
81 1.5456 1.39494 4.984
82 1.5648 1.3269 5.14
83 1.584 1.21192 5.286
84 1.6032 1.44237 5.464
85 1.6224 1.30557 5.629
86 1.6416 1.22883 5.788
87 1.6608 1.23079 5.951
88 1.68 1.29137 6.126
89 1.6992 1.40662 6.321
90 1.7184 1.31894 6.508
91 1.7376 1.24166 6.688
92 1.7568 1.36313 6.89
93 1.776 1.22157 7.075
94 1.7952 1.18265 7.258
95 1.8144 1.23367 7.453
96 1.8336 1.10266 7.631
97 1.8528 1.31654 7.848
98 1.872 1.25402 8.059
99 1.8912 1.18792 8.263
100 1.9104 1.41526 8.511
2000 100
1 0.0096 0 0
2 0.0288 0 0
3 0.048 0 0
4 0.0672 0 0
5 0.0864 0 0
6 0.1056 0 0
7 0.1248 0 0
8 0.144 0 0
9 0.1632 0 0
10 0.1824 0 0
11 0.2016 0 0
12 0.2208 0 0
13 0.24 0 0
14 0.2592 0 0
15 0.2784 0 0
16 0.2976 0 0
17 0.3168 0 0
18 0.336 0 0
19 0.3552 0 0
20 0.3744 0 0
21 0.3936 0 0
22 0.4128 0 0
23 0.432 0 0
24 0.4512 0 0
25 0.4704 0 0
26 0.4896 0 0
27 0.5088 0 0
28 0.528 0 0
29 0.5472 0 0
30 0.5664 0 0
31 0.5856 0 0
32 0.6048 0 0
33 0.624 0 0
34 0.6432 0 0
35 0.6624 0 0
36 0.6816 0 0
37 0.7008 0 0
38 0.72 0 0
39 0.7392 0 0
40 0.7584 0 0
41 0.7776 0 0
42 0.7968 0 0
43 0.816 0 0
44 0.8352 0 0
45 0.8544 0 0
46 0.8736 0 0
47 0.8928 0.0261283 0.001
48 0.912 0 0.001
49 0.9312 0.0240179 0.002
50 0.9504 0.184458 0.01
51 0.9696 0.354451 0.026
52 0.9888 0.979858 0.072
53 1.008 1.55781 0.148
54 1.0272 1.85541 0.242
55 1.0464 2.68193 0.383
56 1.0656 2.6045 0.525
57 1.0848 2.81399 0.684
58 1.104 2.93911 0.856
59 1.1232 3.20267 1.05
60 1.1424 2.69697 1.219
61 1.1616 2.979 1.412
62 1.1808 2.91278 1.607
63 1.2 2.32857 1.768
64 1.2192 2.45197 1.943
65 1.2384 2.40369 2.12
66 1.2576 1.92263 2.266
67 1.2768 2.06965 2.428
68 1.296 2.04598 2.593
69 1.3152 1.89036 2.75
70 1.3344 1.81296 2.905
71 1.3536 1.71642 3.056
72 1.3728 1.69085 3.209
73 1.392 1.61228 3.359
74 1.4112 1.49551 3.502
75 1.4304 1.59814 3.659
76 1.4496 1.37768 3.798
77 1.4688 1.39982 3.943
78 1.488 1.33571 4.085
79 1.5072 1.38441 4.236
80 1.5264 1.23359 4.374
81 1.5456 1.43853 4.539
82 1.5648 1.19931 4.68
83 1.584 1.27002 4.833
84 1.6032 1.23979 4.986
85 1.6224 1.29765 5.15
86 1.6416 1.14382 5.298
87 1.6608 1.14018 5.449
88 1.68 1.1733 5.608
89 1.6992 1.24071 5.78
90 1.7184 1.29778 5.964
91 1.7376 1.21407 6.14
92 1.7568 1.17418 6.314
93 1.776 1.20836 6.497
94 1.7952 1.2085 6.684
95 1.8144 1.24 6.88
96 1.8336 1.43718 7.112
97 1.8528 1.23767 7.316
98 1.872 1.08761 7.499
99 1.8912 1.33932 7.729
100 1.9104 1.08427 7.919
2500 100
1 0.0096 0 0
2 0.0288 0 0
3 0.048 0 0
4 0.0672 0 0
5 0.0864 0 0
6 0.1056 0 0
7 0.1248 0 0
8 0.144 0 0
9 0.1632 0 0
10 0.1824 0 0
11 0.2016 0 0
12 0.2208 0 0
13 0.24 0 0
14 0.2592 0 0
15 0.2784 0 0
16 0.2976 0 0
17 0.3168 0 0
18 0.336 0 0
19 0.3552 0 0
20 0.3744 0 0
21 0.3936 0 0
22 0.4128 0 0
23 0.432 0 0
24 0.4512 0 0
25 0.4704 0 0
26 0.4896 0 0
27 0.5088 0 0
28 0.528 0 0
29 0.5472 0 0
30 0.5664 0 0
31 0.5856 0 0
32 0.6048 0 0
33 0.624 0 0
34 0.6432 0 0
35 0.6624 0 0
36 0.6816 0 0
37 0.7008 0 0
38 0.72 0 0
39 0.7392 0 0
40 0.7584 0 0
41 0.7776 0 0
42 0.7968 0 0
43 0.816 0 0
44 0.8352 0 0
45 0.8544 0 0
46 0.8736 0 0
47 0.8928 0 0
48 0.912 0 0
49 0.9312 0 0
50 0.9504 0.0922291 0.004
51 0.9696 0.443064 0.024
52 0.9888 0.68164 0.056
53 1.008 1.43483 0.126
54 1.0272 1.93437 0.224
55 1.0464 2.24445 0.342
56 1.0656 2.05425 0.454
57 1.0848 2.83169 0.614
58 1.104 2.73405 0.774
59 1.1232 2.50931 0.926
60 1.1424 3.07997 1.119
61 1.1616 2.53138 1.283
62 1.1808 2.5991 1.457
63 1.2 2.50213 1.63
64 1.2192 2.38191 1.8
65 1.2384 2.19999 1.962
66 1.2576 2.12016 2.123
67 1.2768 1.69916 2.256
68 1.296 1.84758 2.405
69 1.3152 1.89036 2.562
70 1.3344 1.87144 2.722
71 1.3536 1.65959 2.868
72 1.3728 1.52508 3.006
73 1.392 1.38656 3.135
74 1.4112 1.58963 3.287
75 1.4304 1.43527 3.428
76 1.4496 1.34794 3.564
77 1.4688 1.13916 3.682
78 1.488 1.35452 3.826
79 1.5072 1.36607 3.975
80 1.5264 1.26041 4.116
81 1.5456 1.29032 4.264
82 1.5648 1.3269 4.42
83 1.584 1.28662 4.575
84 1.6032 1.29651 4.735
85 1.6224 1.0128 4.863
86 1.6416 1.04335 4.998
87 1.6608 1.07222 5.14
88 1.68 1.22496 5.306
89 1.6992 1.29121 5.485
90 1.7184 1.19903 5.655
91 1.7376 1.28305 5.841
92 1.7568 1.20118 6.019
93 1.776 1.15554 6.194
94 1.7952 1.07279 6.36
95 1.8144 1.21469 6.552
96 1.8336 1.1708 6.741
97 1.8528 1.27407 6.951
98 1.872 1.1827 7.15
99 1.8912 1.14716 7.347
100 1.9104 1.15275 7.549
3000 100
1 0.0096 0 0
2 0.0288 0 0
3 0.048 0 0
4 0.0672 0 0
5 0.0864 0 0
6 0.1056 0 0
7 0.1248 0 0
8 0.144 0 0
9 0.1632 0 0
10 0.1824 0 0
11 0.2016 0 0
12 0.2208 0 0
13 0.24 0 0
14 0.2592 0 0
15 0.2784 0 0
16 0.2976 0 0
17 0.3168 0 0
18 0.336 0 0
19 0.3552 0 0
20 0.3744 0 0
21 0.3936 0 0
22 0.4128 0 0
23 0.432 0 0
24 0.4512 0 0
25 0.4704 0 0
26 0.4896 0 0
27 0.5088 0 0
28 0.528 0 0
29 0.5472 0 0
30 0.5664 0 0
31 0.5856 0 0
32 0.6048 0 0
33 0.624 0 0
34 0.6432 0 0
35 0.6624 0 0
36 0.6816 0 0
37 0.7008 0 0
38 0.72 0 0
39 0.7392 0 0
40 0.7584 0 0
41 0.7776 0 0
42 0.7968 0 0
43 0.816 0 0
44 0.8352 0 0
45 0.8544 0 0
46 0.8736 0 0
47 0.8928 0 0
48 0.912 0 0
49 0.9312 0.0480357 0.002
50 0.9504 0.207516 0.011
51 0.9696 0.310145 0.025
52 0.9888 1.06506 0.075
53 1.008 1.37333 0.142
54 1.0272 1.75672 0.231
55 1.0464 2.28249 0.351
56 1.0656 2.40274 0.482
57 1.0848 2.58391 0.628
58 1.104 2.6657 0.784
59 1.1232 3.12013 0.973
60 1.1424 2.79272 1.148
61 1.1616 2.37702 1.302
62 1.1808 2.22567 1.451
63 1.2 2.77693 1.643
64 1.2192 2.25581 1.804
65 1.2384 2.17283 1.964
66 1.2576 2.31769 2.14
67 1.2768 1.86524 2.286
68 1.296 1.90958 2.44
69 1.3152 1.56526 2.57
70 1.3344 1.61412 2.708
71 1.3536 1.8642 2.872
72 1.3728 1.51403 3.009
73 1.392 1.40806 3.14
74 1.4112 1.46413 3.28
75 1.4304 1.34366 3.412
76 1.4496 1.34794 3.548
77 1.4688 1.3612 3.689
78 1.488 1.19461 3.816
79 1.5072 1.19188 3.946
80 1.5264 1.21572 4.082
81 1.5456 1.08108 4.206
82 1.5648 1.20782 4.348
83 1.584 1.16211 4.488
84 1.6032 1.29651 4.648
85 1.6224 1.03654 4.779
86 1.6416 1.06654 4.917
87 1.6608 1.14773 5.069
88 1.68 1.18806 5.23
89 1.6992 1.19022 5.395
90 1.7184 1.31188 5.581
91 1.7376 1.20028 5.755
92 1.7568 1.16744 5.928
93 1.776 0.977254 6.076
94 1.7952 1.21497 6.264
95 1.8144 1.10714 6.439
96 1.8336 1.23895 6.639
97 1.8528 1.13453 6.826
98 1.872 1.14704 7.019
99 1.8912 1.28691 7.24
100 1.9104 1.16416 7.444
3500 100
1 0.0096 0 0
2 0.0288 0 0
3 0.048 0 0
4 0.0672 0 0
5 0.0864 0 0
6 0.1056 0 0
7 0.1248 0 0
8 0.144 0 0
9 0.1632 0 0
10 0.1824 0 0
11 0.2016 0 0
12 0.2208 0 0
13 0.24 0 0
14 0.2592 0 0
15 0.2784 0 0
16 0.2976 0 0
17 0.3168 0 0
18 0.336 0 0
19 0.3552 0 0
20 0.3744 0 0
21 0.3936 0 0
22 0.4128 0 0
23 0.432 0 0
24 0.4512 0 0
25 0.4704 0 0
26 0.4896 0 0
27 0.5088 0 0
28 0.528 0 0
29 0.5472 0 0
30 0.5664 0 0
31 0.5856 0 0
32 0.6048 0 0
33 0.624 0 0
34 0.6432 0 0
35 0.6624 0 0
36 0.6816 0 0
37 0.7008 0 0
38 0.72 0 0
39 0.7392 0 0
40 0.7584 0 0
41 0.7776 0 0
42 0.7968 0 0
43 0.816 0 0
44 0.8352 0 0
45 0.8544 0 0
46 0.8736 0 0
47 0.8928 0 0
48 0.912 0 0
49 0.9312 0.0240179 0.001
50 0.9504 0.161401 0.008
51 0.9696 0.465217 0.029
52 0.9888 0.958557 0.074
53 1.008 1.39383 0.142
54 1.0272 1.97385 0.242
55 1.0464 2.11131 0.353
56 1.0656 2.71455 0.501
57 1.0848 2.7432 0.656
58 1.104 2.64861 0.811
59 1.1232 2.74043 0.977
60 1.1424 2.68101 1.145
61 1.1616 2.11462 1.282
62 1.1808 2.40491 1.443
63 1.2 2.83479 1.639
64 1.2192 2.39592 1.81
65 1.2384 2.26789 1.977
66 1.2576 2.00164 2.129
67 1.2768 2.12075 2.295
68 1.296 1.63679 2.427
69 1.3152 1.80607 2.577
70 1.3344 1.71939 2.724
71 1.3536 1.84146 2.886
72 1.3728 1.53613 3.025
73 1.392 1.53704 3.168
74 1.4112 1.24451 3.287
75 1.4304 1.47599 3.432
76 1.4496 1.28848 3.562
77 1.4688 1.28397 3.695
78 1.488 1.18521 3.821
79 1.5072 0.96267 3.926
80 1.5264 1.22466 4.063
81 1.5456 1.33391 4.216
82 1.5648 1.10575 4.346
83 1.584 1.10401 4.479
84 1.6032 1.06962 4.611
85 1.6224 1.15523 4.757
86 1.6416 1.31385 4.927
87 1.6608 1.08732 5.071
88 1.68 1.12165 5.223
89 1.6992 1.26956 5.399
90 1.7184 1.25546 5.577
91 1.7376 1.00023 5.722
92 1.7568 1.09995 5.885
93 1.776 1.18855 6.065
94 1.7952 0.982312 6.217
95 1.8144 1.20837 6.408
96 1.8336 1.09647 6.585
97 1.8528 1.177 6.779
98 1.872 1.19458 6.98
99 1.8912 1.3335 7.209
100 1.9104 1.05574 7.394
4000 100
1 0.0096 0 0
2 0.0288 0 0
3 0.048 0 0
4 0.0672 0 0
5 0.0864 0 0
6 0.1056 0 0
7 0.1248 0 0
8 0.144 0 0
9 0.1632 0 0
10 0.1824 0 0
11 0.2016 0 0
12 0.2208 0 0
13 0.24 0 0
14 0.2592 0 0
15 0.2784 0 0
16 0.2976 0 0
17 0.3168 0 0
18 0.336 0 0
19 0.3552 0 0
20 0.3744 0 0
21 0.3936 0 0
22 0.4128 0 0
23 0.432 0 0
24 0.4512 0 0
25 0.4704 0 0
26 0.4896 0 0
27 0.5088 0 0
28 0.528 0 0
29 0.5472 0 0
30 0.5664 0 0
31 0.5856 0 0
32 0.6048 0 0
33 0.624 0 0
34 0.6432 0 0
35 0.6624 0 0
36 0.6816 0 0
37 0.7008 0 0
38 0.72 0 0
39 0.7392 0 0
40 0.7584 0 0
41 0.7776 0 0
42 0.7968 0 0
43 0.816 0 0
44 0.8352 0 0
45 0.8544 0 0
46 0.8736 0 0
47 0.8928 0 0
48 0.912 0 0
49 0.9312 0.0480357 0.002
50 0.9504 0.230573 0.012
51 0.9696 0.420911 0.031
52 0.9888 0.915954 0.074
53 1.008 1.39383 0.142
54 1.0272 1.51986 0.219
55 1.0464 1.73089 0.31
56 1.0656 2.29269 0.435
57 1.0848 2.56622 0.58
58 1.104 2.40938 0.721
59 1.1232 2.74043 0.887
60 1.1424 2.42568 1.039
61 1.1616 2.39246 1.194
62 1.1808 2.21073 1.342
63 1.2 2.27072 1.499
64 1.2192 2.42395 1.672
65 1.2384 2.03703 1.822
66 1.2576 1.89629 1.966
67 1.2768 1.6225 2.093
68 1.296 1.99638 2.254
69 1.3152 1.60139 2.387
70 1.3344 1.62581 2.526
71 1.3536 1.50045 2.658
72 1.3728 1.71295 2.813
73 1.392 1.44031 2.947
74 1.4112 1.45367 3.086
75 1.4304 1.53706 3.237
76 1.4496 1.40741 3.379
77 1.4688 1.24536 3.508
78 1.488 1.1758 3.633
79 1.5072 1.19188 3.763
80 1.5264 1.10845 3.887
81 1.5456 1.13339 4.017
82 1.5648 1.25885 4.165
83 1.584 1.27832 4.319
84 1.6032 1.07772 4.452
85 1.6224 1.11567 4.593
86 1.6416 1.08199 4.733
87 1.6608 0.974061 4.862
88 1.68 1.13641 5.016
89 1.6992 1.26235 5.191
90 1.7184 1.10734 5.348
91 1.7376 1.20028 5.522
92 1.7568 1.14719 5.692
93 1.776 0.983857 5.841
94 1.7952 0.962925 5.99
95 1.8144 1.15143 6.172
96 1.8336 1.12125 6.353
97 1.8528 0.982856 6.515
98 1.872 1.16487 6.711
99 1.8912 0.960818 6.876
100 1.9104 1.06144 7.062
4500 100
1 0.0096 0 0
2 0.0288 0 0
3 0.048 0 0
4 0.0672 0 0
5 0.0864 0 0
6 0.1056 0 0
7 0.1248 0 0
8 0.144 0 0
9 0.1632 0 0
10 0.1824 0 0
11 0.2016 0 0
12 0.2208 0 0
13 0.24 0 0
14 0.2592 0 0
15 0.2784 0 0
16 0.2976 0 0
17 0.3168 0 0
18 0.336 0 0
19 0.3552 0 0
20 0.3744 0 0
21 0.3936 0 0
22 0.4128 0 0
23 0.432 0 0
24 0.4512 0 0
25 0.4704 0 0
26 0.4896 0 0
27 0.5088 0 0
28 0.528 0 0
29 0.5472 0 0
30 0.5664 0 0
31 0.5856 0 0
32 0.6048 0 0
33 0.624 0 0
34 0.6432 0 0
35 0.6624 0 0
36 0.6816 0 0
37 0.7008 0 0
38 0.72 0 0
39 0.7392 0 0
40 0.7584 0 0
41 0.7776 0 0
42 0.7968 0 0
43 0.816 0 0
44 0.8352 0 0
45 0.8544 0 0
46 0.8736 0 0
47 0.8928 0 0
48 0.912 0 0
49 0.9312 0.0720536 0.003
50 0.9504 0.207516 0.012
51 0.9696 0.420911 0.031
52 0.9888 0.447326 0.052
53 1.008 1.33234 0.117
54 1.0272 1.73698 0.205
55 1.0464 1.97816 0.309
56 1.0656 2.23767 0.431
57 1.0848 2.49542 0.572
58 1.104 2.11889 0.696
59 1.1232 2.57535 0.852
60 1.1424 3.04805 1.043
61 1.1616 2.09919 1.179
62 1.1808 2.40491 1.34
63 1.2 2.22733 1.494
64 1.2192 2.14372 1.647
65 1.2384 1.8469 1.783
66 1.2576 2.05431 1.939
67 1.2768 1.82691 2.082
68 1.296 1.79798 2.227
69 1.3152 1.56526 2.357
70 1.3344 1.52055 2.487
71 1.3536 1.45498 2.615
72 1.3728 1.39247 2.741
73 1.392 1.31132 2.863
74 1.4112 1.27589 2.985
75 1.4304 1.10953 3.094
76 1.4496 1.29839 3.225
77 1.4688 1.38051 3.368
78 1.488 1.1758 3.493
79 1.5072 1.16437 3.62
80 1.5264 1.37662 3.774
81 1.5456 1.07236 3.897
82 1.5648 1.19081 4.037
83 1.584 1.17041 4.178
84 1.6032 1.25599 4.333
85 1.6224 1.06819 4.468
86 1.6416 0.958336 4.592
87 1.6608 1.22324 4.754
88 1.68 1.06999 4.899
89 1.6992 1.09644 5.051
90 1.7184 0.938068 5.184
91 1.7376 1.00713 5.33
92 1.7568 1.04597 5.485
93 1.776 1.13573 5.657
94 1.7952 1.0017 5.812
95 1.8144 1.05653 5.979
96 1.8336 0.916821 6.127
97 1.8528 1.09813 6.308
98 1.872 1.12326 6.497
99 1.8912 1.05981 6.679
100 1.9104 1.07286 6.867
5000 100
1 0.0096 0 0
2 0.0288 0 0
3 0.048 0 0
4 0.0672 0 0
5 0.0864 0 0
6 0.1056 0 0
7 0.1248 0 0
8 0.144 0 0
9 0.1632 0 0
10 0.1824 0 0
11 0.2016 0 0
12 0.2208 0 0
13 0.24 0 0
14 0.2592 0 0
15 0.2784 0 0
16 0.2976 0 0
17 0.3168 0 0
18 0.336 0 0
19 0.3552 0 0
20 0.3744 0 0
21 0.3936 0 0
22 0.4128 0 0
23 0.432 0 0
24 0.4512 0 0
25 0.4704 0 0
26 0.4896 0 0
27 0.5088 0 0
28 0.528 0 0
29 0.5472 0 0
30 0.5664 0 0
31 0.5856 0 0
32 0.6048 0 0
33 0.624 0 0
34 0.6432 0 0
35 0.6624 0 0
36 0.6816 0 0
37 0.7008 0 0
38 0.72 0 0
39 0.7392 0 0
40 0.7584 0 0
41 0.7776 0 0
42 0.7968 0 0
43 0.816 0 0
44 0.8352 0 0
45 0.8544 0 0
46 0.8736 0 0
47 0.8928 0 0
48 0.912 0.0250398 0.001
49 0.9312 0.0720536 0.004
50 0.9504 0.161401 0.011
51 0.9696 0.465217 0.032
52 0.9888 0.702942 0.065
53 1.008 1.10687 0.119
54 1.0272 1.36195 0.188
55 1.0464 1.63579 0.274
56 1.0656 2.12762 0.39
57 1.0848 2.21225 0.515
58 1.104 2.90493 0.685
59 1.1232 2.37724 0.829
60 1.1424 2.60122 0.992
61 1.1616 2.16093 1.132
62 1.1808 2.19579 1.279
63 1.2 1.83683 1.406
64 1.2192 1.93355 1.544
65 1.2384 1.95554 1.688
66 1.2576 1.9358 1.835
67 1.2768 1.72471 1.97
68 1.296 1.69879 2.107
69 1.3152 1.92648 2.267
70 1.3344 1.6843 2.411
71 1.3536 1.42088 2.536
72 1.3728 1.42562 2.665
73 1.392 1.36507 2.792
74 1.4112 1.27589 2.914
75 1.4304 1.36401 3.048
76 1.4496 1.06052 3.155
77 1.4688 1.29363 3.289
78 1.488 1.39215 3.437
79 1.5072 1.42108 3.592
80 1.5264 1.15314 3.721
81 1.5456 1.20314 3.859
82 1.5648 1.15678 3.995
83 1.584 1.0542 4.122
84 1.6032 1.09393 4.257
85 1.6224 1.04445 4.389
86 1.6416 1.12836 4.535
87 1.6608 1.06467 4.676
88 1.68 1.01096 4.813
89 1.6992 1.02431 4.955
90 1.7184 0.938068 5.088
91 1.7376 0.945045 5.225
92 1.7568 1.15394 5.396
93 1.776 1.01027 5.549
94 1.7952 0.995238 5.703
95 1.8144 0.986939 5.859
96 1.8336 1.18939 6.051
97 1.8528 1.16487 6.243
98 1.872 0.903366 6.395
99 1.8912 0.937525 6.556
100 1.9104 1.1071 6.75
5500 100
1 0.0096 0 0
2 0.0288 0 0
3 0.048 0 0
4 0.0672 0 0
5 0.0864 0 0
6 0.1056 0 0
7 0.1248 0 0
8 0.144 0 0
9 0.1632 0 0
10 0.1824 0 0
11 0.2016 0 0
12 0.2208 0 0
13 0.24 0 0
14 0.2592 0 0
15 0.2784 0 0
16 0.2976 0 0
17 0.3168 0 0
18 0.336 0 0
19 0.3552 0 0
20 0.3744 0 0
21 0.3936 0 0
22 0.4128 0 0
23 0.432 0 0
24 0.4512 0 0
25 0.4704 0 0
26 0.4896 0 0
27 0.5088 0 0
28 0.528 0 0
29 0.5472 0 0
30 0.5664 0 0
31 0.5856 0 0
32 0.6048 0 0
33 0.624 0 0
34 0.6432 0 0
35 0.6624 0 0
36 0.6816 0 0
37 0.7008 0 0
38 0.72 0 0
39 0.7392 0 0
40 0.7584 0 0
41 0.7776 0 0
42 0.7968 0 0
43 0.816 0 0
44 0.8352 0 0
45 0.8544 0 0
46 0.8736 0 0
47 0.8928 0 0
48 0.912 0 0
49 0.9312 0 0
50 0.9504 0.115286 0.005
51 0.9696 0.376604 0.022
52 0.9888 0.702942 0.055
53 1.008 1.25035 0.116
54 1.0272 1.7962 0.207
55 1.0464 1.78795 0.301
56 1.0656 2.42108 0.433
57 1.0848 2.40693 0.569
58 1.104 1.99928 0.686
59 1.1232 2.55884 0.841
60 1.1424 2.55334 1.001
61 1.1616 2.16093 1.141
62 1.1808 2.82316 1.33
63 1.2 1.89468 1.461
64 1.2192 2.1157 1.612
65 1.2384 1.94196 1.755
66 1.2576 1.85678 1.896
67 1.2768 1.91634 2.046
68 1.296 1.67399 2.181
69 1.3152 1.61343 2.315
70 1.3344 1.12286 2.411
71 1.3536 1.44362 2.538
72 1.3728 1.40352 2.665
73 1.392 1.23608 2.78
74 1.4112 1.40138 2.914
75 1.4304 1.16043 3.028
76 1.4496 1.14972 3.144
77 1.4688 1.2357 3.272
78 1.488 1.23224 3.403
79 1.5072 1.29273 3.544
80 1.5264 1.08163 3.665
81 1.5456 1.08108 3.789
82 1.5648 1.16529 3.926
83 1.584 0.888186 4.033
84 1.6032 1.12634 4.172
85 1.6224 0.94159 4.291
86 1.6416 1.03562 4.425
87 1.6608 1.04957 4.564
88 1.68 0.878131 4.683
89 1.6992 1.09644 4.835
90 1.7184 0.888696 4.961
91 1.7376 1.1175 5.123
92 1.7568 0.897508 5.256
93 1.776 0.917826 5.395
94 1.7952 0.988775 5.548
95 1.8144 0.999592 5.706
96 1.8336 1.02833 5.872
97 1.8528 1.01319 6.039
98 1.872 1.09949 6.224
99 1.8912 0.966641 6.39
100 1.9104 1.05574 6.575
6000 100
1 0.0096 0 0
2 0.0288 0 0
3 0.048 0 0
4 0.0672 0 0
5 0.0864 0 0
6 0.1056 0 0
7 0.1248 0 0
8 0.144 0 0
9 0.1632 0 0
10 0.1824 0 0
11 0.2016 0 0
12 0.2208 0 0
13 0.24 0 0
14 0.2592 0 0
15 0.2784 0 0
16 0.2976 0 0
17 0.3168 0 0
18 0.336 0 0
19 0.3552 0 0
20 0.3744 0 0
21 0.3936 0 0
22 0.4128 0 0
23 0.432 0 0
24 0.4512 0 0
25 0.4704 0 0
26 0.4896 0 0
27 0.5088 0 0
28 0.528 0 0
29 0.5472 0 0
30 0.5664 0 0
31 0.5856 0 0
32 0.6048 0 0
33 0.624 0 0
34 0.6432 0 0
35 0.6624 0 0
36 0.6816 0 0
37 0.7008 0 0
38 0.72 0 0
39 0.7392 0 0
40 0.7584 0 0
41 0.7776 0 0
42 0.7968 0 0
43 0.816 0 0
44 0.8352 0 0
45 0.8544 0 0
46 0.8736 0 0
47 0.8928 0 0
48 0.912 0.0250398 0.001
49 0.9312 0.0480357 0.003
50 0.9504 0.25363 0.014
51 0.9696 0.420911 0.033
52 0.9888 0.489929 0.056
53 1.008 1.04537 0.107
54 1.0272 1.59881 0.188
55 1.0464 1.65481 0.275
56 1.0656 1.81581 0.374
57 1.0848 2.17686 0.497
58 1.104 2.28977 0.631
59 1.1232 2.50931 0.783
60 1.1424 2.10651 0.915
61 1.1616 2.63942 1.086
62 1.1808 2.46466 1.251
63 1.2 2.18394 1.402
64 1.2192 1.59728 1.516
65 1.2384 1.92838 1.658
66 1.2576 1.92263 1.804
67 1.2768 1.89079 1.952
68 1.296 1.45079 2.069
69 1.3152 1.68567 2.209
70 1.3344 1.64921 2.35
71 1.3536 1.23901 2.459
72 1.3728 1.44772 2.59
73 1.392 1.39731 2.72
74 1.4112 1.34909 2.849
75 1.4304 1.41491 2.988
76 1.4496 1.16954 3.106
77 1.4688 0.955739 3.205
78 1.488 1.18521 3.331
79 1.5072 1.14604 3.456
80 1.5264 1.08163 3.577
81 1.5456 1.00261 3.692
82 1.5648 0.90161 3.798
83 1.584 0.838381 3.899
84 1.6032 1.11824 4.037
85 1.6224 0.949503 4.157
86 1.6416 0.98925 4.285
87 1.6608 0.951408 4.411
88 1.68 1.04785 4.553
89 1.6992 1.00988 4.693
90 1.7184 1.02271 4.838
91 1.7376 0.931248 4.973
92 1.7568 1.05272 5.129
93 1.776 0.944239 5.272
94 1.7952 1.0017 5.427
95 1.8144 1.0502 5.593
96 1.8336 0.836289 5.728
97 1.8528 1.00106 5.893
98 1.872 0.962798 6.055
99 1.8912 1.10057 6.244
100 1.9104 1.08427 6.434
6500 100
1 0.0096 0 0
2 0.0288 0 0
3 0.048 0 0
4 0.0672 0 0
5 0.0864 0 0
6 0.1056 0 0
7 0.1248 0 0
8 0.144 0 0
9 0.1632 0 0
10 0.1824 0 0
11 0.2016 0 0
12 0.2208 0 0
13 0.24 0 0
14 0.2592 0 0
15 0.2784 0 0
16 0.2976 0 0
17 0.3168 0 0
18 0.336 0 0
19 0.3552 0 0
20 0.3744 0 0
21 0.3936 0 0
22 0.4128 0 0
23 0.432 0 0
24 0.4512 0 0
25 0.4704 0 0
26 0.4896 0 0
27 0.5088 0 0
28 0.528 0 0
29 0.5472 0 0
30 0.5664 0 0
31 0.5856 0 0
32 0.6048 0 0
33 0.624 0 0
34 0.6432 0 0
35 0.6624 0 0
36 0.6816 0 0
37 0.7008 0 0
38 0.72 0 0
39 0.7392 0 0
40 0.7584 0 0
41 0.7776 0 0
42 0.7968 0 0
43 0.816 0 0
44 0.8352 0 0
45 0.8544 0 0
46 0.8736 0 0
47 0.8928 0 0
48 0.912 0.0250398 0.001
49 0.9312 0 0.001
50 0.9504 0.230573 0.011
51 0.9696 0.332298 0.026
52 0.9888 0.873352 0.067
53 1.008 1.10687 0.121
54 1.0272 1.26326 0.185
55 1.0464 2.16837 0.299
56 1.0656 2.3844 0.429
57 1.0848 2.76089 0.585
58 1.104 2.529 0.733
59 1.1232 2.34423 0.875
60 1.1424 2.29801 1.019
61 1.1616 2.62399 1.189
62 1.1808 2.25554 1.34
63 1.2 2.28518 1.498
64 1.2192 1.76542 1.624
65 1.2384 1.9148 1.765
66 1.2576 1.7251 1.896
67 1.2768 2.05687 2.057
68 1.296 1.58719 2.185
69 1.3152 1.76995 2.332
70 1.3344 1.63751 2.472
71 1.3536 1.48908 2.603
72 1.3728 1.49193 2.738
73 1.392 1.30058 2.859
74 1.4112 1.23405 2.977
75 1.4304 1.34366 3.109
76 1.4496 1.09025 3.219
77 1.4688 1.1102 3.334
78 1.488 1.03471 3.444
79 1.5072 1.07269 3.561
80 1.5264 1.21572 3.697
81 1.5456 1.16826 3.831
82 1.5648 1.14828 3.966
83 1.584 1.0459 4.092
84 1.6032 1.13444 4.232
85 1.6224 0.933678 4.35
86 1.6416 0.950608 4.473
87 1.6608 1.04957 4.612
88 1.68 1.0331 4.752
89 1.6992 1.0748 4.901
90 1.7184 0.980387 5.04
91 1.7376 1.07611 5.196
92 1.7568 1.09321 5.358
93 1.776 0.944239 5.501
94 1.7952 0.904761 5.641
95 1.8144 0.961633 5.793
96 1.8336 0.916821 5.941
97 1.8528 1.07386 6.118
98 1.872 0.998458 6.286
99 1.8912 1.11222 6.477
100 1.9104 1.03862 6.659
7000 100
1 0.0096 0 0
2 0.0288 0 0
3 0.048 0 0
4 0.0672 0 0
5 0.0864 0 0
6 0.1056 0 0
7 0.1248 0 0
8 0.144 0 0
9 0.1632 0 0
10 0.1824 0 0
11 0.2016 0 0
12 0.2208 0 0
13 0.24 0 0
14 0.2592 0 0
15 0.2784 0 0
16 0.2976 0 0
17 0.3168 0 0
18 0.336 0 0
19 0.3552 0 0
20 0.3744 0 0
21 0.3936 0 0
22 0.4128 0 0
23 0.432 0 0
24 0.4512 0 0
25 0.4704 0 0
26 0.4896 0 0
27 0.5088 0 0
28 0.528 0 0
29 0.5472 0 0
30 0.5664 0 0
31 0.5856 0 0
32 0.6048 0 0
33 0.624 0 0
34 0.6432 0 0
35 0.6624 0 0
36 0.6816 0 0
37 0.7008 0 0
38 0.72 0 0
39 0.7392 0 0
40 0.7584 0 0
41 0.7776 0 0
42 0.7968 0 0
43 0.816 0 0
44 0.8352 0 0
45 0.8544 0 0
46 0.8736 0 0
47 0.8928 0 0
48 0.912 0.0250398 0.001
49 0.9312 0.0240179 0.002
50 0.9504 0.25363 0.013
51 0.9696 0.376604 0.03
52 0.9888 0.85205 0.07
53 1.008 0.922389 0.115
54 1.0272 1.46065 0.189
55 1.0464 1.82599 0.285
56 1.0656 2.18264 0.404
57 1.0848 2.38924 0.539
58 1.104 2.20433 0.668
59 1.1232 2.65789 0.829
60 1.1424 2.17034 0.965
61 1.1616 2.13006 1.103
62 1.1808 1.98667 1.236
63 1.2 2.01038 1.375
64 1.2192 1.9896 1.517
65 1.2384 1.8469 1.653
66 1.2576 2.08065 1.811
67 1.2768 1.44364 1.924
68 1.296 1.74838 2.065
69 1.3152 1.58935 2.197
70 1.3344 1.53224 2.328
71 1.3536 1.30721 2.443
72 1.3728 1.42562 2.572
73 1.392 1.25758 2.689
74 1.4112 1.43276 2.826
75 1.4304 1.34366 2.958
76 1.4496 1.28848 3.088
77 1.4688 1.3419 3.227
78 1.488 1.26987 3.362
79 1.5072 1.07269 3.479
80 1.5264 1.15314 3.608
81 1.5456 1.17698 3.743
82 1.5648 1.09724 3.872
83 1.584 1.10401 4.005
84 1.6032 1.11824 4.143
85 1.6224 0.886202 4.255
86 1.6416 0.973793 4.381
87 1.6608 1.00426 4.514
88 1.68 1.10689 4.664
89 1.6992 1.08923 4.815
90 1.7184 0.966281 4.952
91 1.7376 1.06231 5.106
92 1.7568 1.01898 5.257
93 1.776 1.0697 5.419
94 1.7952 1.09864 5.589
95 1.8144 1.03122 5.752
96 1.8336 0.892042 5.896
97 1.8528 0.831181 6.033
98 1.872 1.046 6.209
99 1.8912 1.08893 6.396
100 1.9104 0.901656 6.554
7500 100
1 0.0096 0 0
2 0.0288 0 0
3 0.048 0 0
4 0.0672 0 0
5 0.0864 0 0
6 0.1056 0 0
7 0.1248 0 0
8 0.144 0 0
9 0.1632 0 0
10 0.1824 0 0
11 0.2016 0 0
12 0.2208 0 0
13 0.24 0 0
14 0.2592 0 0
15 0.2784 0 0
16 0.2976 0 0
17 0.3168 0 0
18 0.336 0 0
19 0.3552 0 0
20 0.3744 0 0
21 0.3936 0 0
22 0.4128 0 0
23 0.432 0 0
24 0.4512 0 0
25 0.4704 0 0
26 0.4896 0 0
27 0.5088 0 0
28 0.528 0 0
29 0.5472 0 0
30 0.5664 0 0
31 0.5856 0 0
32 0.6048 0 0
33 0.624 0 0
34 0.6432 0 0
35 0.6624 0 0
36 0.6816 0 0
37 0.7008 0 0
38 0.72 0 0
39 0.7392 0 0
40 0.7584 0 0
41 0.7776 0 0
42 0.7968 0 0
43 0.816 0 0
44 0.8352 0 0
45 0.8544 0 0
46 0.8736 0 0
47 0.8928 0 0
48 0.912 0.0250398 0.001
49 0.9312 0.0480357 0.003
50 0.9504 0.115286 0.008
51 0.9696 0.287992 0.021
52 0.9888 0.724243 0.055
53 1.008 1.20935 0.114
54 1.0272 1.75672 0.203
55 1.0464 1.95914 0.306
56 1.0656 1.77913 0.403
57 1.0848 2.05297 0.519
58 1.104 2.20433 0.648
59 1.1232 1.93151 0.765
60 1.1424 2.55334 0.925
61 1.1616 2.25354 1.071
62 1.1808 1.89704 1.198
63 1.2 1.98146 1.335
64 1.2192 2.10169 1.485
65 1.2384 1.95554 1.629
66 1.2576 1.85678 1.77
67 1.2768 1.73748 1.906
68 1.296 1.50039 2.027
69 1.3152 1.66159 2.165
70 1.3344 1.48546 2.292
71 1.3536 1.11397 2.39
72 1.3728 1.40352 2.517
73 1.392 1.16084 2.625
74 1.4112 1.10856 2.731
75 1.4304 0.997563 2.829
76 1.4496 1.27857 2.958
77 1.4688 1.22605 3.085
78 1.488 0.950047 3.186
79 1.5072 1.40275 3.339
80 1.5264 1.00118 3.451
81 1.5456 1.06364 3.573
82 1.5648 1.06322 3.698
83 1.584 1.0459 3.824
84 1.6032 1.09393 3.959
85 1.6224 0.996978 4.085
86 1.6416 1.05881 4.222
87 1.6608 1.04957 4.361
88 1.68 1.01834 4.499
89 1.6992 0.94496 4.63
90 1.7184 0.98744 4.77
91 1.7376 0.965739 4.91
92 1.7568 1.02572 5.062
93 1.776 0.917826 5.201
94 1.7952 0.982312 5.353
95 1.8144 0.942653 5.502
96 1.8336 0.923015 5.651
97 1.8528 0.99499 5.815
98 1.872 1.01629 5.986
99 1.8912 0.966641 6.152
100 1.9104 0.873122 6.305
8000 100
1 0.0096 0 0
2 0.0288 0 0
3 0.048 0 0
4 0.0672 0 0
5 0.0864 0 0
6 0.1056 0 0
7 0.1248 0 0
8 0.144 0 0
9 0.1632 0 0
10 0.1824 0 0
11 0.2016 0 0
12 0.2208 0 0
13 0.24 0 0
14 0.2592 0 0
15 0.2784 0 0
16 0.2976 0 0
17 0.3168 0 0
18 0.336 0 0
19 0.3552 0 0
20 0.3744 0 0
21 0.3936 0 0
22 0.4128 0 0
23 0.432 0 0
24 0.4512 0 0
25 0.4704 0 0
26 0.4896 0 0
27 0.5088 0 0
28 0.528 0 0
29 0.5472 0 0
30 0.5664 0 0
31 0.5856 0 0
32 0.6048 0 0
33 0.624 0 0
34 0.6432 0 0
35 0.6624 0 0
36 0.6816 0 0
37 0.7008 0 0
38 0.72 0 0
39 0.7392 0 0
40 0.7584 0 0
41 0.7776 0 0
42 0.7968 0 0
43 0.816 0 0
44 0.8352 0 0
45 0.8544 0 0
46 0.8736 0 0
47 0.8928 0 0
48 0.912 0.0250398 0.001
49 0.9312 0.0720536 0.004
50 0.9504 0.0691719 0.007
51 0.9696 0.354451 0.023
52 0.9888 0.660339 0.054
53 1.008 1.35284 0.12
54 1.0272 1.38169 0.19
55 1.0464 1.73089 0.281
56 1.0656 2.3844 0.411
57 1.0848 2.01758 0.525
58 1.104 1.89675 0.636
59 1.1232 2.4928 0.787
60 1.1424 2.26609 0.929
61 1.1616 2.48507 1.09
62 1.1808 2.2406 1.24
63 1.2 1.79344 1.364
64 1.2192 1.59728 1.478
65 1.2384 1.80616 1.611
66 1.2576 1.58024 1.731
67 1.2768 1.6225 1.858
68 1.296 1.50039 1.979
69 1.3152 1.50506 2.104
70 1.3344 1.28662 2.214
71 1.3536 1.21627 2.321
72 1.3728 1.60244 2.466
73 1.392 1.32207 2.589
74 1.4112 1.15039 2.699
75 1.4304 1.15025 2.812
76 1.4496 1.01096 2.914
77 1.4688 1.18743 3.037
78 1.488 1.18521 3.163
79 1.5072 0.925997 3.264
80 1.5264 1.08163 3.385
81 1.5456 1.03749 3.504
82 1.5648 1.17379 3.642
83 1.584 1.12061 3.777
84 1.6032 0.988587 3.899
85 1.6224 1.24227 4.056
86 1.6416 0.973793 4.182
87 1.6608 0.928756 4.305
88 1.68 0.804339 4.414
89 1.6992 0.959387 4.547
90 1.7184 1.02976 4.693
91 1.7376 0.807082 4.81
92 1.7568 0.937997 4.949
93 1.776 0.805574 5.071
94 1.7952 0.891836 5.209
95 1.8144 1.01857 5.37
96 1.8336 0.997352 5.531
97 1.8528 0.885784 5.677
98 1.872 1.08761 5.86
99 1.8912 1.04817 6.04
100 1.9104 0.924482 6.202
8500 100
1 0.0096 0 0
2 0.0288 0 0
3 0.048 0 0
4 0.0672 0 0
5 0.0864 0 0
6 0.1056 0 0
7 0.1248 0 0
8 0.144 0 0
9 0.1632 0 0
10 0.1824 0 0
11 0.2016 0 0
12 0.2208 0 0
13 0.24 0 0
14 0.2592 0 0
15 0.2784 0 0
16 0.2976 0 0
17 0.3168 0 0
18 0.336 0 0
19 0.3552 0 0
20 0.3744 0 0
21 0.3936 0 0
22 0.4128 0 0
23 0.432 0 0
24 0.4512 0 0
25 0.4704 0 0
26 0.4896 0 0
27 0.5088 0 0
28 0.528 0 0
29 0.5472 0 0
30 0.5664 0 0
31 0.5856 0 0
32 0.6048 0 0
33 0.624 0 0
34 0.6432 0 0
35 0.6624 0 0
36 0.6816 0 0
37 0.7008 0 0
38 0.72 0 0
39 0.7392 0 0
40 0.7584 0 0
41 0.7776 0 0
42 0.7968 0 0
43 0.816 0 0
44 0.8352 0 0
45 0.8544 0 0
46 0.8736 0 0
47 0.8928 0 0
48 0.912 0 0
49 0.9312 0.0480357 0.002
50 0.9504 0.138344 0.008
51 0.9696 0.509524 0.031
52 0.9888 0.830749 0.07
53 1.008 1.12736 0.125
54 1.0272 1.36195 0.194
55 1.0464 1.67383 0.282
56 1.0656 1.77913 0.379
57 1.0848 1.87599 0.485
58 1.104 2.54609 0.634
59 1.1232 2.2947 0.773
60 1.1424 2.10651 0.905
61 1.1616 2.06832 1.039
62 1.1808 2.03148 1.175
63 1.2 2.15502 1.324
64 1.2192 1.89152 1.459
65 1.2384 1.83332 1.594
66 1.2576 1.5144 1.709
67 1.2768 1.58418 1.833
68 1.296 1.62439 1.964
69 1.3152 1.54118 2.092
70 1.3344 1.21644 2.196
71 1.3536 1.32995 2.313
72 1.3728 1.61349 2.459
73 1.392 1.27908 2.578
74 1.4112 1.02489 2.676
75 1.4304 1.16043 2.79
76 1.4496 1.18936 2.91
77 1.4688 1.25501 3.04
78 1.488 1.22283 3.17
79 1.5072 1.18271 3.299
80 1.5264 1.12633 3.425
81 1.5456 1.16826 3.559
82 1.5648 1.08874 3.687
83 1.584 1.16211 3.827
84 1.6032 1.07772 3.96
85 1.6224 0.996978 4.086
86 1.6416 1.07426 4.225
87 1.6608 1.10243 4.371
88 1.68 1.0331 4.511
89 1.6992 1.02431 4.653
90 1.7184 1.07913 4.806
91 1.7376 0.972637 4.947
92 1.7568 0.991983 5.094
93 1.776 0.977254 5.242
94 1.7952 0.891836 5.38
95 1.8144 0.911021 5.524
96 1.8336 0.867263 5.664
97 1.8528 1.04353 5.836
98 1.872 1.08761 6.019
99 1.8912 1.00158 6.191
100 1.9104 1.01008 6.368
9000 100
1 0.0096 0 0
2 0.0288 0 0
3 0.048 0 0
4 0.0672 0 0
5 0.0864 0 0
6 0.1056 0 0
7 0.1248 0 0
8 0.144 0 0
9 0.1632 0 0
10 0.1824 0 0
11 0.2016 0 0
12 0.2208 0 0
13 0.24 0 0
14 0.2592 0 0
15 0.2784 0 0
16 0.2976 0 0
17 0.3168 0 0
18 0.336 0 0
19 0.3552 0 0
20 0.3744 0 0
21 0.3936 0 0
22 0.4128 0 0
23 0.432 0 0
24 0.4512 0 0
25 0.4704 0 0
26 0.4896 0 0
27 0.5088 0 0
28 0.528 0 0
29 0.5472 0 0
30 0.5664 0 0
31 0.5856 0 0
32 0.6048 0 0
33 0.624 0 0
34 0.6432 0 0
35 0.6624 0 0
36 0.6816 0 0
37 0.7008 0 0
38 0.72 0 0
39 0.7392 0 0
40 0.7584 0 0
41 0.7776 0 0
42 0.7968 0 0
43 0.816 0 0
44 0.8352 0 0
45 0.8544 0 0
46 0.8736 0 0
47 0.8928 0 0
48 0.912 0 0
49 0.9312 0 0
50 0.9504 0.230573 0.01
51 0.9696 0.310145 0.024
52 0.9888 0.575134 0.051
53 1.008 1.20935 0.11
54 1.0272 1.59881 0.191
55 1.0464 1.97816 0.295
56 1.0656 2.10928 0.41
57 1.0848 2.24765 0.537
58 1.104 2.34103 0.674
59 1.1232 2.70742 0.838
60 1.1424 2.3778 0.987
61 1.1616 2.4542 1.146
62 1.1808 2.58416 1.319
63 1.2 2.0827 1.463
64 1.2192 1.9896 1.605
65 1.2384 1.9148 1.746
66 1.2576 1.9358 1.893
67 1.2768 1.77581 2.032
68 1.296 1.40119 2.145
69 1.3152 1.74587 2.29
70 1.3344 1.47376 2.416
71 1.3536 1.31858 2.532
72 1.3728 1.44772 2.663
73 1.392 1.36507 2.79
74 1.4112 1.19222 2.904
75 1.4304 1.11971 3.014
76 1.4496 1.16954 3.132
77 1.4688 1.22605 3.259
78 1.488 0.884203 3.353
79 1.5072 0.999343 3.462
80 1.5264 1.26935 3.604
81 1.5456 1.20314 3.742
82 1.5648 1.01218 3.861
83 1.584 0.996096 3.981
84 1.6032 0.964278 4.1
85 1.6224 1.0761 4.236
86 1.6416 1.07426 4.375
87 1.6608 0.996713 4.507
88 1.68 1.05523 4.65
89 1.6992 1.02431 4.792
90 1.7184 1.10734 4.949
91 1.7376 1.13129 5.113
92 1.7568 0.755797 5.225
93 1.776 0.865002 5.356
94 1.7952 0.878911 5.492
95 1.8144 0.993266 5.649
96 1.8336 0.984963 5.808
97 1.8528 0.891851 5.955
98 1.872 1.02817 6.128
99 1.8912 1.10057 6.317
100 1.9104 0.930189 6.48
9500 100
1 0.0096 0 0
2 0.0288 0 0
3 0.048 0 0
4 0.0672 0 0
5 0.0864 0 0
6 0.1056 0 0
7 0.1248 0 0
8 0.144 0 0
9 0.1632 0 0
10 0.1824 0 0
11 0.2016 0 0
12 0.2208 0 0
13 0.24 0 0
14 0.2592 0 0
15 0.2784 0 0
16 0.2976 0 0
17 0.3168 0 0
18 0.336 0 0
19 0.3552 0 0
20 0.3744 0 0
21 0.3936 0 0
22 0.4128 0 0
23 0.432 0 0
24 0.4512 0 0
25 0.4704 0 0
26 0.4896 0 0
27 0.5088 0 0
28 0.528 0 0
29 0.5472 0 0
30 0.5664 0 0
31 0.5856 0 0
32 0.6048 0 0
33 0.624 0 0
34 0.6432 0 0
35 0.6624 0 0
36 0.6816 0 0
37 0.7008 0 0
38 0.72 0 0
39 0.7392 0 0
40 0.7584 0 0
41 0.7776 0 0
42 0.7968 0 0
43 0.816 0 0
44 0.8352 0 0
45 0.8544 0 0
46 0.8736 0 0
47 0.8928 0 0
48 0.912 0 0
49 0.9312 0.0240179 0.001
50 0.9504 0.184458 0.009
51 0.9696 0.598136 0.036
52 0.9888 0.702942 0.069
53 1.008 1.14786 0.125
54 1.0272 1.5396 0.203
55 1.0464 1.69285 0.292
56 1.0656 2.14596 0.409
57 1.0848 1.96448 0.52
58 1.104 2.68279 0.677
59 1.1232 2.14612 0.807
60 1.1424 2.13842 0.941
61 1.1616 2.20724 1.084
62 1.1808 1.97173 1.216
63 1.2 2.11163 1.362
64 1.2192 1.90553 1.498
65 1.2384 1.96912 1.643
66 1.2576 1.89629 1.787
67 1.2768 1.55863 1.909
68 1.296 1.85998 2.059
69 1.3152 1.55322 2.188
70 1.3344 1.47376 2.314
71 1.3536 1.68232 2.462
72 1.3728 1.46983 2.595
73 1.392 1.16084 2.703
74 1.4112 1.12947 2.811
75 1.4304 1.16043 2.925
76 1.4496 1.20919 3.047
77 1.4688 1.17778 3.169
78 1.488 1.16639 3.293
79 1.5072 1.18271 3.422
80 1.5264 1.05481 3.54
81 1.5456 1.10723 3.667
82 1.5648 0.96115 3.78
83 1.584 1.14551 3.918
84 1.6032 1.10203 4.054
85 1.6224 0.949503 4.174
86 1.6416 0.98925 4.302
87 1.6608 0.868349 4.417
88 1.68 1.00358 4.553
89 1.6992 0.908893 4.679
90 1.7184 1.14966 4.842
91 1.7376 0.938147 4.978
92 1.7568 0.877264 5.108
93 1.776 0.99046 5.258
94 1.7952 0.846598 5.389
95 1.8144 0.980612 5.544
96 1.8336 1.00974 5.707
97 1.8528 0.952521 5.864
98 1.872 1.08761 6.047
99 1.8912 0.937525 6.208
100 1.9104 1.01579 6.386
10000 100
1 0.0096 0 0
2 0.0288 0 0
3 0.048 0 0
4 0.0672 0 0
5 0.0864 0 0
6 0.1056 0 0
7 0.1248 0 0
8 0.144 0 0
9 0.1632 0 0
10 0.1824 0 0
11 0.2016 0 0
12 0.2208 0 0
13 0.24 0 0
14 0.2592 0 0
15 0.2784 0 0
16 0.2976 0 0
17 0.3168 0 0
18 0.336 0 0
19 0.3552 0 0
20 0.3744 0 0
21 0.3936 0 0
22 0.4128 0 0
23 0.432 0 0
24 0.4512 0 0
25 0.4704 0 0
26 0.4896 0 0
27 0.5088 0 0
28 0.528 0 0
29 0.5472 0 0
30 0.5664 0 0
31 0.5856 0 0
32 0.6048 0 0
33 0.624 0 0
34 0.6432 0 0
35 0.6624 0 0
36 0.6816 0 0
37 0.7008 0 0
38 0.72 0 0
39 0.7392 0 0
40 0.7584 0 0
41 0.7776 0 0
42 0.7968 0 0
43 0.816 0 0
44 0.8352 0 0
45 0.8544 0 0
46 0.8736 0 0
47 0.8928 0 0
48 0.912 0 0
49 0.9312 0 0
50 0.9504 0.0922291 0.004
51 0.9696 0.265838 0.016
52 0.9888 0.958557 0.061
53 1.008 1.00438 0.11
54 1.0272 1.55934 0.189
55 1.0464 1.69285 0.278
56 1.0656 1.66908 0.369
57 1.0848 2.30075 0.499
58 1.104 2.25559 0.631
59 1.1232 1.86548 0.744
60 1.1424 2.39376 0.894
61 1.1616 2.36159 1.047
62 1.1808 2.19579 1.194
63 1.2 2.25626 1.35
64 1.2192 2.1157 1.501
65 1.2384 1.69752 1.626
66 1.2576 1.85678 1.767
67 1.2768 1.49475 1.884
68 1.296 1.59959 2.013
69 1.3152 1.42078 2.131
70 1.3344 1.47376 2.257
71 1.3536 1.45498 2.385
72 1.3728 1.33721 2.506
73 1.392 1.23608 2.621
74 1.4112 1.25497 2.741
75 1.4304 1.45563 2.884
76 1.4496 1.22901 3.008
77 1.4688 1.24536 3.137
78 1.488 1.22283 3.267
79 1.5072 1.20105 3.398
80 1.5264 1.09951 3.521
81 1.5456 1.08108 3.645
82 1.5648 1.19931 3.786
83 1.584 0.954592 3.901
84 1.6032 1.05341 4.031
85 1.6224 1.08402 4.168
86 1.6416 0.996979 4.297
87 1.6608 1.03447 4.434
88 1.68 0.944545 4.562
89 1.6992 0.995454 4.7
90 1.7184 0.860484 4.822
91 1.7376 1.0968 4.981
92 1.7568 1.07296 5.14
93 1.776 1.10932 5.308
94 1.7952 1.07925 5.475
95 1.8144 1.0502 5.641
96 1.8336 1.00974 5.804
97 1.8528 0.897918 5.952
98 1.872 0.962798 6.114
99 1.8912 0.966641 6.28
100 1.9104 1.00438 6.456
