# Time-averaged data for fix rdf
# TimeStep Number-of-rows
# Row c_myRDF[1] c_myRDF[2] c_myRDF[3]
500 100
1 0.0096 0 0
2 0.0288 0 0
3 0.048 0 0
4 0.0672 0 0
5 0.0864 0 0
6 0.1056 0 0
7 0.1248 0 0
8 0.144 0 0
9 0.1632 0 0
10 0.1824 0 0
11 0.2016 0 0
12 0.2208 0 0
13 0.24 0 0
14 0.2592 0 0
15 0.2784 0 0
16 0.2976 0 0
17 0.3168 0 0
18 0.336 0 0
19 0.3552 0 0
20 0.3744 0 0
21 0.3936 0 0
22 0.4128 0 0
23 0.432 0 0
24 0.4512 0 0
25 0.4704 0 0
26 0.4896 0 0
27 0.5088 0 0
28 0.528 0 0
29 0.5472 0 0
30 0.5664 0 0
31 0.5856 0 0
32 0.6048 0 0
33 0.624 0 0
34 0.6432 0 0
35 0.6624 0 0
36 0.6816 0 0
37 0.7008 0 0
38 0.72 0 0
39 0.7392 0 0
40 0.7584 0 0
41 0.7776 0 0
42 0.7968 0 0
43 0.816 0 0
44 0.8352 0 0
45 0.8544 0 0
46 0.8736 0 0
47 0.8928 0 0
48 0.912 0 0
49 0.9312 0 0
50 0.9504 0.0918254 0.0005
51 0.9696 0.308787 0.00225
52 0.9888 0.5302 0.005375
53 1.008 0.938759 0.011125
54 1.0272 1.15947 0.0185
55 1.0464 1.43925 0.028
56 1.0656 1.91743 0.041125
57 1.0848 1.65633 0.052875
58 1.104 2.00754 0.067625
59 1.1232 2.13673 0.083875
60 1.1424 1.74774 0.097625
61 1.1616 1.79801 0.11225
62 1.1808 1.84412 0.12775
63 1.2 1.78558 0.14325
64 1.2192 1.72979 0.15875
65 1.2384 1.48728 0.1725
66 1.2576 1.35044 0.185375
67 1.2768 1.53908 0.2005
68 1.296 1.53086 0.216
69 1.3152 1.25872 0.229125
70 1.3344 1.24605 0.2425
71 1.3536 1.31281 0.257
72 1.3728 1.1223 0.26975
73 1.392 1.19857 0.28375
74 1.4112 1.30154 0.299375
75 1.4304 0.983061 0.3115
76 1.4496 1.10521 0.3255
77 1.4688 1.09573 0.33975
78 1.488 0.973984 0.35275
79 1.5072 0.876302 0.36475
80 1.5264 0.925596 0.37775
81 1.5456 0.720458 0.388125
82 1.5648 0.872257 0.401
83 1.584 0.826447 0.4135
84 1.6032 0.91165 0.427625
85 1.6224 0.835056 0.440875
86 1.6416 0.900278 0.4555
87 1.6608 0.909654 0.470625
88 1.68 0.911022 0.486125
89 1.6992 0.940823 0.5025
90 1.7184 0.814583 0.517
91 1.7376 0.831021 0.532125
92 1.7568 1.01451 0.551
93 1.776 1.01899 0.570375
94 1.7952 1.01018 0.59
95 1.8144 0.907032 0.608
96 1.8336 1.0855 0.63
97 1.8528 0.972513 0.650125
98 1.872 1.04142 0.672125
99 1.8912 0.927624 0.692125
100 1.9104 0.920435 0.712375
1000 100
1 0.0096 0 0
2 0.0288 0 0
3 0.048 0 0
4 0.0672 0 0
5 0.0864 0 0
6 0.1056 0 0
7 0.1248 0 0
8 0.144 0 0
9 0.1632 0 0
10 0.1824 0 0
11 0.2016 0 0
12 0.2208 0 0
13 0.24 0 0
14 0.2592 0 0
15 0.2784 0 0
16 0.2976 0 0
17 0.3168 0 0
18 0.336 0 0
19 0.3552 0 0
20 0.3744 0 0
21 0.3936 0 0
22 0.4128 0 0
23 0.432 0 0
24 0.4512 0 0
25 0.4704 0 0
26 0.4896 0 0
27 0.5088 0 0
28 0.528 0 0
29 0.5472 0 0
30 0.5664 0 0
31 0.5856 0 0
32 0.6048 0 0
33 0.624 0 0
34 0.6432 0 0
35 0.6624 0 0
36 0.6816 0 0
37 0.7008 0 0
38 0.72 0 0
39 0.7392 0 0
40 0.7584 0 0
41 0.7776 0 0
42 0.7968 0 0
43 0.816 0 0
44 0.8352 0 0
45 0.8544 0 0
46 0.8736 0 0
47 0.8928 0 0
48 0.912 0 0
49 0.9312 0.0478255 0.00025
50 0.9504 0.0459127 0.0005
51 0.9696 0.242618 0.001875
52 0.9888 0.445368 0.0045
53 1.008 0.918351 0.010125
54 1.0272 1.35599 0.01875
55 1.0464 1.3635 0.02775
56 1.0656 1.6983 0.039375
57 1.0848 1.8854 0.05275
58 1.104 2.39884 0.070375
59 1.1232 1.92305 0.085
60 1.1424 2.00196 0.10075
61 1.1616 2.32051 0.119625
62 1.1808 1.91848 0.13575
63 1.2 1.75678 0.151
64 1.2192 1.56239 0.165
65 1.2384 1.71713 0.180875
66 1.2576 1.58644 0.196
67 1.2768 1.5518 0.21125
68 1.296 1.50616 0.2265
69 1.3152 1.36661 0.24075
70 1.3344 1.4906 0.25675
71 1.3536 1.21095 0.270125
72 1.3728 1.25434 0.284375
73 1.392 0.984539 0.295875
74 1.4112 0.947519 0.30725
75 1.4304 1.12495 0.321125
76 1.4496 1.08548 0.334875
77 1.4688 0.951555 0.34725
78 1.488 1.18002 0.363
79 1.5072 0.976712 0.376375
80 1.5264 1.0324 0.390875
81 1.5456 1.04163 0.405875
82 1.5648 0.9146 0.419375
83 1.584 0.834711 0.432
84 1.6032 0.855176 0.44525
85 1.6224 0.811422 0.458125
86 1.6416 0.977225 0.474
87 1.6608 1.04497 0.491375
88 1.68 0.911022 0.506875
89 1.6992 1.01982 0.524625
90 1.7184 1.00418 0.5425
91 1.7376 0.913436 0.559125
92 1.7568 1.01451 0.578
93 1.776 0.894086 0.595
94 1.7952 0.990881 0.61425
95 1.8144 0.844044 0.631
96 1.8336 0.943645 0.650125
97 1.8528 0.990634 0.670625
98 1.872 0.934915 0.690375
99 1.8912 0.916028 0.710125
100 1.9104 1.01134 0.732375
1500 100
1 0.0096 0 0
2 0.0288 0 0
3 0.048 0 0
4 0.0672 0 0
5 0.0864 0 0
6 0.1056 0 0
7 0.1248 0 0
8 0.144 0 0
9 0.1632 0 0
10 0.1824 0 0
11 0.2016 0 0
12 0.2208 0 0
13 0.24 0 0
14 0.2592 0 0
15 0.2784 0 0
16 0.2976 0 0
17 0.3168 0 0
18 0.336 0 0
19 0.3552 0 0
20 0.3744 0 0
21 0.3936 0 0
22 0.4128 0 0
23 0.432 0 0
24 0.4512 0 0
25 0.4704 0 0
26 0.4896 0 0
27 0.5088 0 0
28 0.528 0 0
29 0.5472 0 0
30 0.5664 0 0
31 0.5856 0 0
32 0.6048 0 0
33 0.624 0 0
34 0.6432 0 0
35 0.6624 0 0
36 0.6816 0 0
37 0.7008 0 0
38 0.72 0 0
39 0.7392 0 0
40 0.7584 0 0
41 0.7776 0 0
42 0.7968 0 0
43 0.816 0 0
44 0.8352 0 0
45 0.8544 0 0
46 0.8736 0 0
47 0.8928 0 0
48 0.912 0 0
49 0.9312 0 0
50 0.9504 0.114782 0.000625
51 0.9696 0.397012 0.002875
52 0.9888 0.763488 0.007375
53 1.008 0.918351 0.013
54 1.0272 1.4739 0.022375
55 1.0464 1.32563 0.031125
56 1.0656 1.7896 0.043375
57 1.0848 2.04399 0.057875
58 1.104 1.85442 0.0715
59 1.1232 1.79156 0.085125
60 1.1424 2.00196 0.100875
61 1.1616 2.05926 0.117625
62 1.1808 2.21592 0.13625
63 1.2 1.77118 0.151625
64 1.2192 1.92509 0.168875
65 1.2384 1.77121 0.18525
66 1.2576 1.5471 0.2
67 1.2768 1.85707 0.21825
68 1.296 1.35802 0.232
69 1.3152 1.54642 0.248125
70 1.3344 1.35086 0.262625
71 1.3536 1.14305 0.27525
72 1.3728 1.47439 0.292
73 1.392 1.17717 0.30575
74 1.4112 1.33277 0.32175
75 1.4304 1.054 0.33475
76 1.4496 1.11508 0.348875
77 1.4688 1.11495 0.363375
78 1.488 0.992715 0.376625
79 1.5072 1.13189 0.392125
80 1.5264 1.0235 0.4065
81 1.5456 1.03295 0.421375
82 1.5648 0.965411 0.435625
83 1.584 1.09917 0.45225
84 1.6032 0.895515 0.466125
85 1.6224 1.02412 0.482375
86 1.6416 0.838721 0.496
87 1.6608 0.92469 0.511375
88 1.68 0.859593 0.526
89 1.6992 0.933642 0.54225
90 1.7184 0.842672 0.55725
91 1.7376 1.06453 0.576625
92 1.7568 0.947328 0.59425
93 1.776 0.874363 0.610875
94 1.7952 0.945841 0.62925
95 1.8144 0.888136 0.646875
96 1.8336 0.992986 0.667
97 1.8528 1.06916 0.689125
98 1.872 0.958583 0.709375
99 1.8912 1.03778 0.73175
100 1.9104 0.994297 0.753625
2000 100
1 0.0096 0 0
2 0.0288 0 0
3 0.048 0 0
4 0.0672 0 0
5 0.0864 0 0
6 0.1056 0 0
7 0.1248 0 0
8 0.144 0 0
9 0.1632 0 0
10 0.1824 0 0
11 0.2016 0 0
12 0.2208 0 0
13 0.24 0 0
14 0.2592 0 0
15 0.2784 0 0
16 0.2976 0 0
17 0.3168 0 0
18 0.336 0 0
19 0.3552 0 0
20 0.3744 0 0
21 0.3936 0 0
22 0.4128 0 0
23 0.432 0 0
24 0.4512 0 0
25 0.4704 0 0
26 0.4896 0 0
27 0.5088 0 0
28 0.528 0 0
29 0.5472 0 0
30 0.5664 0 0
31 0.5856 0 0
32 0.6048 0 0
33 0.624 0 0
34 0.6432 0 0
35 0.6624 0 0
36 0.6816 0 0
37 0.7008 0 0
38 0.72 0 0
39 0.7392 0 0
40 0.7584 0 0
41 0.7776 0 0
42 0.7968 0 0
43 0.816 0 0
44 0.8352 0 0
45 0.8544 0 0
46 0.8736 0 0
47 0.8928 0 0
48 0.912 0 0
49 0.9312 0.0239127 0.000125
50 0.9504 0 0.000125
51 0.9696 0.441124 0.002625
52 0.9888 0.657448 0.0065
53 1.008 0.65305 0.0105
54 1.0272 1.31669 0.018875
55 1.0464 2.17781 0.03325
56 1.0656 1.82612 0.04575
57 1.0848 2.13209 0.060875
58 1.104 2.04156 0.075875
59 1.1232 2.05455 0.0915
60 1.1424 2.22439 0.109
61 1.1616 1.98243 0.125125
62 1.1808 2.0672 0.1425
63 1.2 1.88638 0.158875
64 1.2192 1.71584 0.17425
65 1.2384 2.04163 0.193125
66 1.2576 1.9011 0.21125
67 1.2768 1.69172 0.227875
68 1.296 1.66666 0.24475
69 1.3152 1.15083 0.25675
70 1.3344 1.42073 0.272
71 1.3536 1.2449 0.28575
72 1.3728 1.33136 0.300875
73 1.392 1.14506 0.31425
74 1.4112 1.25989 0.329375
75 1.4304 1.16549 0.34375
76 1.4496 1.16442 0.3585
77 1.4688 1.07651 0.3725
78 1.488 0.908428 0.384625
79 1.5072 0.958456 0.39775
80 1.5264 1.0502 0.4125
81 1.5456 1.03295 0.427375
82 1.5648 0.965411 0.441625
83 1.584 1.09917 0.45825
84 1.6032 1.10528 0.475375
85 1.6224 0.976857 0.490875
86 1.6416 0.931057 0.506
87 1.6608 0.917172 0.52125
88 1.68 1.02857 0.53875
89 1.6992 0.998278 0.556125
90 1.7184 0.969073 0.573375
91 1.7376 0.858492 0.589
92 1.7568 1.05483 0.608625
93 1.776 0.992698 0.6275
94 1.7952 0.887932 0.64475
95 1.8144 0.932228 0.66325
96 1.8336 0.949813 0.6825
97 1.8528 0.918149 0.7015
98 1.872 1.00592 0.72275
99 1.8912 0.9856 0.744
100 1.9104 1.02839 0.766625
2500 100
1 0.0096 0 0
2 0.0288 0 0
3 0.048 0 0
4 0.0672 0 0
5 0.0864 0 0
6 0.1056 0 0
7 0.1248 0 0
8 0.144 0 0
9 0.1632 0 0
10 0.1824 0 0
11 0.2016 0 0
12 0.2208 0 0
13 0.24 0 0
14 0.2592 0 0
15 0.2784 0 0
16 0.2976 0 0
17 0.3168 0 0
18 0.336 0 0
19 0.3552 0 0
20 0.3744 0 0
21 0.3936 0 0
22 0.4128 0 0
23 0.432 0 0
24 0.4512 0 0
25 0.4704 0 0
26 0.4896 0 0
27 0.5088 0 0
28 0.528 0 0
29 0.5472 0 0
30 0.5664 0 0
31 0.5856 0 0
32 0.6048 0 0
33 0.624 0 0
34 0.6432 0 0
35 0.6624 0 0
36 0.6816 0 0
37 0.7008 0 0
38 0.72 0 0
39 0.7392 0 0
40 0.7584 0 0
41 0.7776 0 0
42 0.7968 0 0
43 0.816 0 0
44 0.8352 0 0
45 0.8544 0 0
46 0.8736 0 0
47 0.8928 0 0
48 0.912 0 0
49 0.9312 0.0478255 0.00025
50 0.9504 0.183651 0.00125
51 0.9696 0.220562 0.0025
52 0.9888 0.466576 0.00525
53 1.008 0.734681 0.00975
54 1.0272 1.23808 0.017625
55 1.0464 1.6665 0.028625
56 1.0656 2.00874 0.042375
57 1.0848 1.92064 0.056
58 1.104 2.04156 0.071
59 1.1232 1.93949 0.08575
60 1.1424 1.84307 0.10025
61 1.1616 1.85949 0.115375
62 1.1808 1.81438 0.130625
63 1.2 1.69919 0.145375
64 1.2192 1.89719 0.162375
65 1.2384 1.77121 0.17875
66 1.2576 1.56021 0.193625
67 1.2768 1.60268 0.209375
68 1.296 1.46913 0.22425
69 1.3152 1.51046 0.24
70 1.3344 1.26934 0.253625
71 1.3536 1.30149 0.268
72 1.3728 1.19932 0.281625
73 1.392 1.08085 0.29425
74 1.4112 1.33277 0.31025
75 1.4304 1.18575 0.324875
76 1.4496 1.2335 0.3405
77 1.4688 1.05728 0.35425
78 1.488 1.04891 0.36825
79 1.5072 0.903687 0.380625
80 1.5264 1.18369 0.39725
81 1.5456 0.946144 0.410875
82 1.5648 0.9146 0.424375
83 1.584 0.966942 0.439
84 1.6032 0.935853 0.4535
85 1.6224 1.01625 0.469625
86 1.6416 0.96953 0.485375
87 1.6608 0.977314 0.501625
88 1.68 0.859593 0.51625
89 1.6992 0.933642 0.5325
90 1.7184 0.955028 0.5495
91 1.7376 0.995851 0.567625
92 1.7568 0.920454 0.58475
93 1.776 1.03214 0.604375
94 1.7952 0.868629 0.62125
95 1.8144 0.970021 0.6405
96 1.8336 0.980651 0.660375
97 1.8528 1.1054 0.68325
98 1.872 1.18935 0.708375
99 1.8912 1.07836 0.731625
100 1.9104 1.13066 0.7565
3000 100
1 0.0096 0 0
2 0.0288 0 0
3 0.048 0 0
4 0.0672 0 0
5 0.0864 0 0
6 0.1056 0 0
7 0.1248 0 0
8 0.144 0 0
9 0.1632 0 0
10 0.1824 0 0
11 0.2016 0 0
12 0.2208 0 0
13 0.24 0 0
14 0.2592 0 0
15 0.2784 0 0
16 0.2976 0 0
17 0.3168 0 0
18 0.336 0 0
19 0.3552 0 0
20 0.3744 0 0
21 0.3936 0 0
22 0.4128 0 0
23 0.432 0 0
24 0.4512 0 0
25 0.4704 0 0
26 0.4896 0 0
27 0.5088 0 0
28 0.528 0 0
29 0.5472 0 0
30 0.5664 0 0
31 0.5856 0 0
32 0.6048 0 0
33 0.624 0 0
34 0.6432 0 0
35 0.6624 0 0
36 0.6816 0 0
37 0.7008 0 0
38 0.72 0 0
39 0.7392 0 0
40 0.7584 0 0
41 0.7776 0 0
42 0.7968 0 0
43 0.816 0 0
44 0.8352 0 0
45 0.8544 0 0
46 0.8736 0 0
47 0.8928 0 0
48 0.912 0.0249301 0.000125
49 0.9312 0 0.000125
50 0.9504 0.0918254 0.000625
51 0.9696 0.220562 0.001875
52 0.9888 0.593824 0.005375
53 1.008 0.877535 0.01075
54 1.0272 1.17912 0.01825
55 1.0464 1.72331 0.029625
56 1.0656 1.4609 0.039625
57 1.0848 2.02636 0.054
58 1.104 2.10961 0.0695
59 1.1232 1.9888 0.084625
60 1.1424 1.9384 0.099875
61 1.1616 1.98243 0.116
62 1.1808 1.9631 0.1325
63 1.2 2.05918 0.150375
64 1.2192 1.53449 0.164125
65 1.2384 1.55488 0.1785
66 1.2576 1.69132 0.194625
67 1.2768 1.60268 0.210375
68 1.296 1.37036 0.22425
69 1.3152 1.36661 0.2385
70 1.3344 1.39744 0.2535
71 1.3536 1.42598 0.26925
72 1.3728 1.36436 0.28475
73 1.392 1.29488 0.299875
74 1.4112 1.38484 0.3165
75 1.4304 1.2871 0.332375
76 1.4496 1.20389 0.347625
77 1.4688 1.23029 0.363625
78 1.488 1.05827 0.37775
79 1.5072 1.11363 0.393
80 1.5264 0.978995 0.40675
81 1.5456 0.963504 0.420625
82 1.5648 1.02469 0.43575
83 1.584 1.17355 0.4535
84 1.6032 1.03267 0.4695
85 1.6224 0.961102 0.48475
86 1.6416 1.1619 0.503625
87 1.6608 0.954761 0.5195
88 1.68 0.955104 0.53575
89 1.6992 1.10601 0.555
90 1.7184 0.919917 0.571375
91 1.7376 1.0714 0.590875
92 1.7568 1.10858 0.6115
93 1.776 0.920382 0.629
94 1.7952 0.932972 0.647125
95 1.8144 0.988917 0.66675
96 1.8336 1.11017 0.68925
97 1.8528 1.02688 0.7105
98 1.872 0.958583 0.73075
99 1.8912 1.07836 0.754
100 1.9104 0.999979 0.776
3500 100
1 0.0096 0 0
2 0.0288 0 0
3 0.048 0 0
4 0.0672 0 0
5 0.0864 0 0
6 0.1056 0 0
7 0.1248 0 0
8 0.144 0 0
9 0.1632 0 0
10 0.1824 0 0
11 0.2016 0 0
12 0.2208 0 0
13 0.24 0 0
14 0.2592 0 0
15 0.2784 0 0
16 0.2976 0 0
17 0.3168 0 0
18 0.336 0 0
19 0.3552 0 0
20 0.3744 0 0
21 0.3936 0 0
22 0.4128 0 0
23 0.432 0 0
24 0.4512 0 0
25 0.4704 0 0
26 0.4896 0 0
27 0.5088 0 0
28 0.528 0 0
29 0.5472 0 0
30 0.5664 0 0
31 0.5856 0 0
32 0.6048 0 0
33 0.624 0 0
34 0.6432 0 0
35 0.6624 0 0
36 0.6816 0 0
37 0.7008 0 0
38 0.72 0 0
39 0.7392 0 0
40 0.7584 0 0
41 0.7776 0 0
42 0.7968 0 0
43 0.816 0 0
44 0.8352 0 0
45 0.8544 0 0
46 0.8736 0 0
47 0.8928 0 0
48 0.912 0.0249301 0.000125
49 0.9312 0.0478255 0.000375
50 0.9504 0.114782 0.001
51 0.9696 0.330843 0.002875
52 0.9888 0.487784 0.00575
53 1.008 1.02039 0.012
54 1.0272 1.51321 0.021625
55 1.0464 1.70438 0.032875
56 1.0656 1.91743 0.046
57 1.0848 2.13209 0.061125
58 1.104 2.0926 0.0765
59 1.1232 2.36684 0.0945
60 1.1424 2.09729 0.111
61 1.1616 2.24368 0.12925
62 1.1808 1.81438 0.1445
63 1.2 2.10238 0.16275
64 1.2192 1.61819 0.17725
65 1.2384 1.66305 0.192625
66 1.2576 1.91421 0.210875
67 1.2768 1.75532 0.228125
68 1.296 1.44444 0.24275
69 1.3152 1.79817 0.2615
70 1.3344 1.21111 0.2745
71 1.3536 1.5052 0.291125
72 1.3728 1.1333 0.304
73 1.392 1.434 0.32075
74 1.4112 1.09329 0.333875
75 1.4304 1.07427 0.347125
76 1.4496 1.11508 0.36125
77 1.4688 1.37447 0.379125
78 1.488 1.19875 0.395125
79 1.5072 1.03148 0.40925
80 1.5264 1.14809 0.425375
81 1.5456 1.25863 0.4435
82 1.5648 1.10938 0.459875
83 1.584 1.14876 0.47725
84 1.6032 1.00846 0.492875
85 1.6224 0.913834 0.507375
86 1.6416 1.12342 0.525625
87 1.6608 0.984832 0.542
88 1.68 1.02857 0.5595
89 1.6992 1.2281 0.580875
90 1.7184 1.02525 0.599125
91 1.7376 1.18815 0.62075
92 1.7568 1.04811 0.64025
93 1.776 1.07159 0.660625
94 1.7952 1.03592 0.68075
95 1.8144 1.04561 0.7015
96 1.8336 1.04849 0.72275
97 1.8528 1.0752 0.745
98 1.872 0.976335 0.765625
99 1.8912 0.968207 0.7865
100 1.9104 0.943162 0.80725
4000 100
1 0.0096 0 0
2 0.0288 0 0
3 0.048 0 0
4 0.0672 0 0
5 0.0864 0 0
6 0.1056 0 0
7 0.1248 0 0
8 0.144 0 0
9 0.1632 0 0
10 0.1824 0 0
11 0.2016 0 0
12 0.2208 0 0
13 0.24 0 0
14 0.2592 0 0
15 0.2784 0 0
16 0.2976 0 0
17 0.3168 0 0
18 0.336 0 0
19 0.3552 0 0
20 0.3744 0 0
21 0.3936 0 0
22 0.4128 0 0
23 0.432 0 0
24 0.4512 0 0
25 0.4704 0 0
26 0.4896 0 0
27 0.5088 0 0
28 0.528 0 0
29 0.5472 0 0
30 0.5664 0 0
31 0.5856 0 0
32 0.6048 0 0
33 0.624 0 0
34 0.6432 0 0
35 0.6624 0 0
36 0.6816 0 0
37 0.7008 0 0
38 0.72 0 0
39 0.7392 0 0
40 0.7584 0 0
41 0.7776 0 0
42 0.7968 0 0
43 0.816 0 0
44 0.8352 0 0
45 0.8544 0 0
46 0.8736 0 0
47 0.8928 0 0
48 0.912 0 0
49 0.9312 0 0
50 0.9504 0.137738 0.00075
51 0.9696 0.264675 0.00225
52 0.9888 0.551408 0.0055
53 1.008 0.877535 0.010875
54 1.0272 1.53286 0.020625
55 1.0464 1.55288 0.030875
56 1.0656 1.80786 0.04325
57 1.0848 2.41402 0.060375
58 1.104 2.22871 0.07675
59 1.1232 2.15316 0.093125
60 1.1424 2.0814 0.1095
61 1.1616 2.36662 0.12875
62 1.1808 2.18618 0.147125
63 1.2 1.69919 0.161875
64 1.2192 1.81349 0.178125
65 1.2384 1.85234 0.19525
66 1.2576 1.74377 0.211875
67 1.2768 1.6154 0.22775
68 1.296 1.58024 0.24375
69 1.3152 1.5704 0.260125
70 1.3344 1.80502 0.2795
71 1.3536 1.25622 0.293375
72 1.3728 1.26534 0.30775
73 1.392 1.4233 0.324375
74 1.4112 1.11412 0.33775
75 1.4304 1.08441 0.351125
76 1.4496 1.21376 0.3665
77 1.4688 1.10534 0.380875
78 1.488 1.25494 0.397625
79 1.5072 1.2962 0.415375
80 1.5264 0.961196 0.428875
81 1.5456 1.08503 0.4445
82 1.5648 1.0755 0.460375
83 1.584 1.03306 0.476
84 1.6032 1.073 0.492625
85 1.6224 1.1029 0.510125
86 1.6416 1.06187 0.527375
87 1.6608 0.917172 0.542625
88 1.68 1.10939 0.5615
89 1.6992 0.991096 0.57875
90 1.7184 1.07441 0.597875
91 1.7376 0.940908 0.615
92 1.7568 0.960766 0.632875
93 1.776 1.20965 0.655875
94 1.7952 0.868629 0.67275
95 1.8144 1.00781 0.69275
96 1.8336 1.03616 0.71375
97 1.8528 1.11748 0.736875
98 1.872 1.04142 0.758875
99 1.8912 1.08996 0.782375
100 1.9104 1.01702 0.80475
4500 100
1 0.0096 0 0
2 0.0288 0 0
3 0.048 0 0
4 0.0672 0 0
5 0.0864 0 0
6 0.1056 0 0
7 0.1248 0 0
8 0.144 0 0
9 0.1632 0 0
10 0.1824 0 0
11 0.2016 0 0
12 0.2208 0 0
13 0.24 0 0
14 0.2592 0 0
15 0.2784 0 0
16 0.2976 0 0
17 0.3168 0 0
18 0.336 0 0
19 0.3552 0 0
20 0.3744 0 0
21 0.3936 0 0
22 0.4128 0 0
23 0.432 0 0
24 0.4512 0 0
25 0.4704 0 0
26 0.4896 0 0
27 0.5088 0 0
28 0.528 0 0
29 0.5472 0 0
30 0.5664 0 0
31 0.5856 0 0
32 0.6048 0 0
33 0.624 0 0
34 0.6432 0 0
35 0.6624 0 0
36 0.6816 0 0
37 0.7008 0 0
38 0.72 0 0
39 0.7392 0 0
40 0.7584 0 0
41 0.7776 0 0
42 0.7968 0 0
43 0.816 0 0
44 0.8352 0 0
45 0.8544 0 0
46 0.8736 0 0
47 0.8928 0 0
48 0.912 0 0
49 0.9312 0.0478255 0.00025
50 0.9504 0.114782 0.000875
51 0.9696 0.264675 0.002375
52 0.9888 0.572616 0.00575
53 1.008 0.918351 0.011375
54 1.0272 1.13982 0.018625
55 1.0464 1.62863 0.029375
56 1.0656 2.17309 0.04425
57 1.0848 1.9735 0.05825
58 1.104 2.10961 0.07375
59 1.1232 2.41615 0.092125
60 1.1424 2.04962 0.10825
61 1.1616 2.16684 0.125875
62 1.1808 1.91848 0.142
63 1.2 2.07358 0.16
64 1.2192 1.63214 0.174625
65 1.2384 1.79826 0.19125
66 1.2576 1.87488 0.209125
67 1.2768 1.5518 0.224375
68 1.296 1.679 0.241375
69 1.3152 1.3786 0.25575
70 1.3344 1.31592 0.269875
71 1.3536 1.29017 0.284125
72 1.3728 1.25434 0.298375
73 1.392 1.31629 0.31375
74 1.4112 1.44731 0.331125
75 1.4304 0.983061 0.34325
76 1.4496 1.14468 0.35775
77 1.4688 1.19185 0.37325
78 1.488 1.1051 0.388
79 1.5072 1.02235 0.402
80 1.5264 1.0324 0.4165
81 1.5456 0.963504 0.430375
82 1.5648 1.22793 0.4485
83 1.584 0.933885 0.462625
84 1.6032 0.91165 0.47675
85 1.6224 0.921712 0.491375
86 1.6416 1.08495 0.509
87 1.6608 0.811923 0.5225
88 1.68 0.94041 0.5385
89 1.6992 0.983915 0.555625
90 1.7184 0.926939 0.572125
91 1.7376 1.08513 0.591875
92 1.7568 0.994359 0.610375
93 1.776 0.999272 0.629375
94 1.7952 0.978012 0.648375
95 1.8144 1.05191 0.66925
96 1.8336 0.968316 0.688875
97 1.8528 1.1054 0.71175
98 1.872 1.18344 0.73675
99 1.8912 0.88704 0.755875
100 1.9104 0.999979 0.777875
5000 100
1 0.0096 0 0
2 0.0288 0 0
3 0.048 0 0
4 0.0672 0 0
5 0.0864 0 0
6 0.1056 0 0
7 0.1248 0 0
8 0.144 0 0
9 0.1632 0 0
10 0.1824 0 0
11 0.2016 0 0
12 0.2208 0 0
13 0.24 0 0
14 0.2592 0 0
15 0.2784 0 0
16 0.2976 0 0
17 0.3168 0 0
18 0.336 0 0
19 0.3552 0 0
20 0.3744 0 0
21 0.3936 0 0
22 0.4128 0 0
23 0.432 0 0
24 0.4512 0 0
25 0.4704 0 0
26 0.4896 0 0
27 0.5088 0 0
28 0.528 0 0
29 0.5472 0 0
30 0.5664 0 0
31 0.5856 0 0
32 0.6048 0 0
33 0.624 0 0
34 0.6432 0 0
35 0.6624 0 0
36 0.6816 0 0
37 0.7008 0 0
38 0.72 0 0
39 0.7392 0 0
40 0.7584 0 0
41 0.7776 0 0
42 0.7968 0 0
43 0.816 0 0
44 0.8352 0 0
45 0.8544 0 0
46 0.8736 0 0
47 0.8928 0 0
48 0.912 0 0
49 0.9312 0.0239127 0.000125
50 0.9504 0.229563 0.001375
51 0.9696 0.419068 0.00375
52 0.9888 0.657448 0.007625
53 1.008 0.999982 0.01375
54 1.0272 1.3953 0.022625
55 1.0464 1.68544 0.03375
56 1.0656 2.19135 0.04875
57 1.0848 2.04399 0.06325
58 1.104 2.05858 0.078375
59 1.1232 2.15316 0.09475
60 1.1424 2.28795 0.11275
61 1.1616 2.48956 0.133
62 1.1808 1.84412 0.1485
63 1.2 1.84318 0.1645
64 1.2192 1.77164 0.180375
65 1.2384 2.09571 0.19975
66 1.2576 1.48155 0.213875
67 1.2768 1.53908 0.229
68 1.296 1.60493 0.24525
69 1.3152 1.46251 0.2605
70 1.3344 1.46731 0.27625
71 1.3536 1.35807 0.29125
72 1.3728 1.32035 0.30625
73 1.392 1.10226 0.319125
74 1.4112 1.32236 0.335
75 1.4304 1.10468 0.348625
76 1.4496 1.10521 0.362625
77 1.4688 1.23029 0.378625
78 1.488 1.00208 0.392
79 1.5072 1.12276 0.407375
80 1.5264 1.13029 0.42325
81 1.5456 1.11107 0.43925
82 1.5648 1.09244 0.455375
83 1.584 0.942149 0.469625
84 1.6032 0.968124 0.484625
85 1.6224 0.92959 0.499375
86 1.6416 0.907973 0.514125
87 1.6608 0.969797 0.53025
88 1.68 0.947757 0.546375
89 1.6992 0.92646 0.5625
90 1.7184 1.08143 0.58175
91 1.7376 0.988983 0.59975
92 1.7568 0.967484 0.61775
93 1.776 0.999272 0.63675
94 1.7952 1.01018 0.656375
95 1.8144 0.875538 0.67375
96 1.8336 0.869634 0.691375
97 1.8528 0.948351 0.711
98 1.872 1.09468 0.734125
99 1.8912 0.910231 0.75375
100 1.9104 0.977252 0.77525
5500 100
1 0.0096 0 0
2 0.0288 0 0
3 0.048 0 0
4 0.0672 0 0
5 0.0864 0 0
6 0.1056 0 0
7 0.1248 0 0
8 0.144 0 0
9 0.1632 0 0
10 0.1824 0 0
11 0.2016 0 0
12 0.2208 0 0
13 0.24 0 0
14 0.2592 0 0
15 0.2784 0 0
16 0.2976 0 0
17 0.3168 0 0
18 0.336 0 0
19 0.3552 0 0
20 0.3744 0 0
21 0.3936 0 0
22 0.4128 0 0
23 0.432 0 0
24 0.4512 0 0
25 0.4704 0 0
26 0.4896 0 0
27 0.5088 0 0
28 0.528 0 0
29 0.5472 0 0
30 0.5664 0 0
31 0.5856 0 0
32 0.6048 0 0
33 0.624 0 0
34 0.6432 0 0
35 0.6624 0 0
36 0.6816 0 0
37 0.7008 0 0
38 0.72 0 0
39 0.7392 0 0
40 0.7584 0 0
41 0.7776 0 0
42 0.7968 0 0
43 0.816 0 0
44 0.8352 0 0
45 0.8544 0 0
46 0.8736 0 0
47 0.8928 0 0
48 0.912 0 0
49 0.9312 0 0
50 0.9504 0.114782 0.000625
51 0.9696 0.374956 0.00275
52 0.9888 0.657448 0.006625
53 1.008 0.959167 0.0125
54 1.0272 1.25773 0.0205
55 1.0464 1.53394 0.030625
56 1.0656 1.91743 0.04375
57 1.0848 2.30829 0.060125
58 1.104 2.26273 0.07675
59 1.1232 2.00524 0.092
60 1.1424 2.20851 0.109375
61 1.1616 2.10537 0.1265
62 1.1808 2.18618 0.144875
63 1.2 2.21758 0.164125
64 1.2192 2.09249 0.182875
65 1.2384 1.73065 0.198875
66 1.2576 1.6651 0.21475
67 1.2768 1.50092 0.2295
68 1.296 1.35802 0.24325
69 1.3152 1.71425 0.261125
70 1.3344 1.43237 0.2765
71 1.3536 1.41466 0.292125
72 1.3728 1.14431 0.305125
73 1.392 1.3912 0.321375
74 1.4112 1.14535 0.335125
75 1.4304 1.3175 0.351375
76 1.4496 1.27297 0.3675
77 1.4688 1.22068 0.383375
78 1.488 1.14256 0.398625
79 1.5072 1.04974 0.413
80 1.5264 1.11249 0.428625
81 1.5456 1.07635 0.444125
82 1.5648 1.17712 0.4615
83 1.584 1.10744 0.47825
84 1.6032 0.887447 0.492
85 1.6224 0.953224 0.507125
86 1.6416 0.838721 0.52075
87 1.6608 1.06753 0.5385
88 1.68 1.06531 0.556625
89 1.6992 1.05573 0.575
90 1.7184 0.948006 0.591875
91 1.7376 1.00272 0.610125
92 1.7568 0.846549 0.625875
93 1.776 0.933531 0.643625
94 1.7952 0.830023 0.65975
95 1.8144 1.00781 0.67975
96 1.8336 0.894304 0.697875
97 1.8528 0.990634 0.718375
98 1.872 0.982252 0.739125
99 1.8912 1.00879 0.760875
100 1.9104 1.02839 0.7835
6000 100
1 0.0096 0 0
2 0.0288 0 0
3 0.048 0 0
4 0.0672 0 0
5 0.0864 0 0
6 0.1056 0 0
7 0.1248 0 0
8 0.144 0 0
9 0.1632 0 0
10 0.1824 0 0
11 0.2016 0 0
12 0.2208 0 0
13 0.24 0 0
14 0.2592 0 0
15 0.2784 0 0
16 0.2976 0 0
17 0.3168 0 0
18 0.336 0 0
19 0.3552 0 0
20 0.3744 0 0
21 0.3936 0 0
22 0.4128 0 0
23 0.432 0 0
24 0.4512 0 0
25 0.4704 0 0
26 0.4896 0 0
27 0.5088 0 0
28 0.528 0 0
29 0.5472 0 0
30 0.5664 0 0
31 0.5856 0 0
32 0.6048 0 0
33 0.624 0 0
34 0.6432 0 0
35 0.6624 0 0
36 0.6816 0 0
37 0.7008 0 0
38 0.72 0 0
39 0.7392 0 0
40 0.7584 0 0
41 0.7776 0 0
42 0.7968 0 0
43 0.816 0 0
44 0.8352 0 0
45 0.8544 0 0
46 0.8736 0 0
47 0.8928 0 0
48 0.912 0 0
49 0.9312 0.0478255 0.00025
50 0.9504 0.114782 0.000875
51 0.9696 0.330843 0.00275
52 0.9888 0.487784 0.005625
53 1.008 1.3061 0.013625
54 1.0272 1.27738 0.02175
55 1.0464 1.85588 0.034
56 1.0656 2.3557 0.050125
57 1.0848 1.86778 0.063375
58 1.104 2.02455 0.07825
59 1.1232 2.38327 0.096375
60 1.1424 2.14495 0.11325
61 1.1616 2.12074 0.1305
62 1.1808 2.00771 0.147375
63 1.2 2.11678 0.16575
64 1.2192 2.13434 0.184875
65 1.2384 1.79826 0.2015
66 1.2576 2.05843 0.221125
67 1.2768 1.69172 0.23775
68 1.296 1.80246 0.256
69 1.3152 1.75022 0.27425
70 1.3344 1.63034 0.29175
71 1.3536 1.56179 0.309
72 1.3728 1.32035 0.324
73 1.392 1.4233 0.340625
74 1.4112 1.36401 0.357
75 1.4304 1.34791 0.373625
76 1.4496 1.28284 0.389875
77 1.4688 1.36486 0.407625
78 1.488 1.20811 0.42375
79 1.5072 1.22317 0.4405
80 1.5264 1.0591 0.455375
81 1.5456 1.19787 0.472625
82 1.5648 1.10938 0.489
83 1.584 1.10744 0.50575
84 1.6032 1.073 0.522375
85 1.6224 1.04776 0.539
86 1.6416 1.11573 0.557125
87 1.6608 0.902136 0.572125
88 1.68 0.859593 0.58675
89 1.6992 1.04137 0.604875
90 1.7184 1.01121 0.622875
91 1.7376 0.954643 0.64025
92 1.7568 0.98764 0.658625
93 1.776 1.03214 0.67825
94 1.7952 0.939406 0.6965
95 1.8144 1.0708 0.71775
96 1.8336 0.925142 0.7365
97 1.8528 1.05708 0.758375
98 1.872 1.05326 0.780625
99 1.8912 1.10735 0.8045
100 1.9104 0.988615 0.82625
6500 100
1 0.0096 0 0
2 0.0288 0 0
3 0.048 0 0
4 0.0672 0 0
5 0.0864 0 0
6 0.1056 0 0
7 0.1248 0 0
8 0.144 0 0
9 0.1632 0 0
10 0.1824 0 0
11 0.2016 0 0
12 0.2208 0 0
13 0.24 0 0
14 0.2592 0 0
15 0.2784 0 0
16 0.2976 0 0
17 0.3168 0 0
18 0.336 0 0
19 0.3552 0 0
20 0.3744 0 0
21 0.3936 0 0
22 0.4128 0 0
23 0.432 0 0
24 0.4512 0 0
25 0.4704 0 0
26 0.4896 0 0
27 0.5088 0 0
28 0.528 0 0
29 0.5472 0 0
30 0.5664 0 0
31 0.5856 0 0
32 0.6048 0 0
33 0.624 0 0
34 0.6432 0 0
35 0.6624 0 0
36 0.6816 0 0
37 0.7008 0 0
38 0.72 0 0
39 0.7392 0 0
40 0.7584 0 0
41 0.7776 0 0
42 0.7968 0 0
43 0.816 0 0
44 0.8352 0 0
45 0.8544 0 0
46 0.8736 0 0
47 0.8928 0 0
48 0.912 0.0498603 0.00025
49 0.9312 0.119564 0.000875
50 0.9504 0.114782 0.0015
51 0.9696 0.264675 0.003
52 0.9888 0.827112 0.007875
53 1.008 1.08161 0.0145
54 1.0272 1.69008 0.02525
55 1.0464 1.93163 0.038
56 1.0656 2.17309 0.052875
57 1.0848 2.23781 0.06875
58 1.104 2.8752 0.089875
59 1.1232 2.30109 0.107375
60 1.1424 2.43095 0.1265
61 1.1616 2.32051 0.145375
62 1.1808 2.8108 0.169
63 1.2 2.44798 0.19025
64 1.2192 2.35754 0.211375
65 1.2384 1.93346 0.22925
66 1.2576 1.76999 0.246125
67 1.2768 1.84435 0.26425
68 1.296 1.92591 0.28375
69 1.3152 1.81016 0.302625
70 1.3344 1.71186 0.321
71 1.3536 1.75418 0.340375
72 1.3728 1.54041 0.357875
73 1.392 1.20927 0.372
74 1.4112 1.71803 0.392625
75 1.4304 1.3175 0.408875
76 1.4496 1.28284 0.425125
77 1.4688 1.18224 0.4405
78 1.488 1.18002 0.45625
79 1.5072 1.32358 0.474375
80 1.5264 1.31719 0.492875
81 1.5456 0.963504 0.50675
82 1.5648 1.06703 0.5225
83 1.584 1.14876 0.539875
84 1.6032 0.863244 0.55325
85 1.6224 0.984735 0.568875
86 1.6416 1.12342 0.587125
87 1.6608 1.0976 0.605375
88 1.68 1.0947 0.624
89 1.6992 0.962369 0.64075
90 1.7184 1.08143 0.66
91 1.7376 1.07827 0.679625
92 1.7568 1.08842 0.699875
93 1.776 0.959827 0.718125
94 1.7952 1.07453 0.739
95 1.8144 0.97632 0.758375
96 1.8336 0.999154 0.778625
97 1.8528 0.912108 0.7975
98 1.872 0.940832 0.817375
99 1.8912 1.00299 0.839
100 1.9104 0.948844 0.859875
7000 100
1 0.0096 0 0
2 0.0288 0 0
3 0.048 0 0
4 0.0672 0 0
5 0.0864 0 0
6 0.1056 0 0
7 0.1248 0 0
8 0.144 0 0
9 0.1632 0 0
10 0.1824 0 0
11 0.2016 0 0
12 0.2208 0 0
13 0.24 0 0
14 0.2592 0 0
15 0.2784 0 0
16 0.2976 0 0
17 0.3168 0 0
18 0.336 0 0
19 0.3552 0 0
20 0.3744 0 0
21 0.3936 0 0
22 0.4128 0 0
23 0.432 0 0
24 0.4512 0 0
25 0.4704 0 0
26 0.4896 0 0
27 0.5088 0 0
28 0.528 0 0
29 0.5472 0 0
30 0.5664 0 0
31 0.5856 0 0
32 0.6048 0 0
33 0.624 0 0
34 0.6432 0 0
35 0.6624 0 0
36 0.6816 0 0
37 0.7008 0 0
38 0.72 0 0
39 0.7392 0 0
40 0.7584 0 0
41 0.7776 0 0
42 0.7968 0 0
43 0.816 0 0
44 0.8352 0 0
45 0.8544 0 0
46 0.8736 0 0
47 0.8928 0 0
48 0.912 0 0
49 0.9312 0.143476 0.00075
50 0.9504 0.114782 0.001375
51 0.9696 0.286731 0.003
52 0.9888 0.487784 0.005875
53 1.008 1.10202 0.012625
54 1.0272 1.41495 0.021625
55 1.0464 2.02631 0.035
56 1.0656 1.88091 0.047875
57 1.0848 2.27305 0.064
58 1.104 2.14364 0.07975
59 1.1232 2.20247 0.0965
60 1.1424 1.95429 0.111875
61 1.1616 2.27441 0.130375
62 1.1808 1.94823 0.14675
63 1.2 2.18878 0.16575
64 1.2192 1.91114 0.182875
65 1.2384 1.81178 0.199625
66 1.2576 1.74377 0.21625
67 1.2768 1.64084 0.232375
68 1.296 1.53086 0.247875
69 1.3152 1.52245 0.26375
70 1.3344 1.26934 0.277375
71 1.3536 1.62969 0.295375
72 1.3728 1.40838 0.311375
73 1.392 1.49821 0.328875
74 1.4112 1.30154 0.3445
75 1.4304 1.08441 0.357875
76 1.4496 1.22363 0.373375
77 1.4688 1.32641 0.390625
78 1.488 0.964619 0.4035
79 1.5072 0.894559 0.41575
80 1.5264 0.925596 0.42875
81 1.5456 0.911423 0.441875
82 1.5648 0.897663 0.455125
83 1.584 1.22314 0.473625
84 1.6032 0.919718 0.487875
85 1.6224 1.03988 0.504375
86 1.6416 0.992614 0.5205
87 1.6608 0.932208 0.536
88 1.68 0.896328 0.55125
89 1.6992 1.06291 0.56975
90 1.7184 0.955028 0.58675
91 1.7376 0.885964 0.602875
92 1.7568 0.980922 0.621125
93 1.776 1.05187 0.641125
94 1.7952 0.952275 0.659625
95 1.8144 0.913331 0.67775
96 1.8336 0.95598 0.697125
97 1.8528 0.966472 0.717125
98 1.872 0.994087 0.738125
99 1.8912 0.962409 0.758875
100 1.9104 1.02839 0.7815
7500 100
1 0.0096 0 0
2 0.0288 0 0
3 0.048 0 0
4 0.0672 0 0
5 0.0864 0 0
6 0.1056 0 0
7 0.1248 0 0
8 0.144 0 0
9 0.1632 0 0
10 0.1824 0 0
11 0.2016 0 0
12 0.2208 0 0
13 0.24 0 0
14 0.2592 0 0
15 0.2784 0 0
16 0.2976 0 0
17 0.3168 0 0
18 0.336 0 0
19 0.3552 0 0
20 0.3744 0 0
21 0.3936 0 0
22 0.4128 0 0
23 0.432 0 0
24 0.4512 0 0
25 0.4704 0 0
26 0.4896 0 0
27 0.5088 0 0
28 0.528 0 0
29 0.5472 0 0
30 0.5664 0 0
31 0.5856 0 0
32 0.6048 0 0
33 0.624 0 0
34 0.6432 0 0
35 0.6624 0 0
36 0.6816 0 0
37 0.7008 0 0
38 0.72 0 0
39 0.7392 0 0
40 0.7584 0 0
41 0.7776 0 0
42 0.7968 0 0
43 0.816 0 0
44 0.8352 0 0
45 0.8544 0 0
46 0.8736 0 0
47 0.8928 0 0
48 0.912 0 0
49 0.9312 0.0478255 0.00025
50 0.9504 0.183651 0.00125
51 0.9696 0.154394 0.002125
52 0.9888 0.572616 0.0055
53 1.008 0.734681 0.01
54 1.0272 1.15947 0.017375
55 1.0464 1.85588 0.029625
56 1.0656 1.73482 0.0415
57 1.0848 1.8854 0.054875
58 1.104 2.65403 0.074375
59 1.1232 2.10385 0.090375
60 1.1424 2.19262 0.107625
61 1.1616 2.12074 0.124875
62 1.1808 1.90361 0.140875
63 1.2 2.18878 0.159875
64 1.2192 2.05064 0.17825
65 1.2384 2.17684 0.198375
66 1.2576 1.6651 0.21425
67 1.2768 1.43732 0.228375
68 1.296 1.44444 0.243
69 1.3152 1.4745 0.258375
70 1.3344 1.42073 0.273625
71 1.3536 1.33544 0.288375
72 1.3728 1.15531 0.3015
73 1.392 1.54102 0.3195
74 1.4112 1.40566 0.336375
75 1.4304 1.03373 0.349125
76 1.4496 1.2927 0.3655
77 1.4688 1.33602 0.382875
78 1.488 1.077 0.39725
79 1.5072 1.19579 0.413625
80 1.5264 1.0324 0.428125
81 1.5456 0.972184 0.442125
82 1.5648 1.13478 0.458875
83 1.584 1.19835 0.477
84 1.6032 0.927786 0.491375
85 1.6224 0.937468 0.50625
86 1.6416 0.923362 0.52125
87 1.6608 1.02994 0.538375
88 1.68 0.874287 0.55325
89 1.6992 0.861823 0.56825
90 1.7184 1.00418 0.586125
91 1.7376 0.988983 0.604125
92 1.7568 0.980922 0.622375
93 1.776 0.953253 0.6405
94 1.7952 1.126 0.662375
95 1.8144 0.988917 0.682
96 1.8336 1.11634 0.704625
97 1.8528 1.1054 0.7275
98 1.872 0.988169 0.748375
99 1.8912 0.950814 0.768875
100 1.9104 1.07952 0.792625
8000 100
1 0.0096 0 0
2 0.0288 0 0
3 0.048 0 0
4 0.0672 0 0
5 0.0864 0 0
6 0.1056 0 0
7 0.1248 0 0
8 0.144 0 0
9 0.1632 0 0
10 0.1824 0 0
11 0.2016 0 0
12 0.2208 0 0
13 0.24 0 0
14 0.2592 0 0
15 0.2784 0 0
16 0.2976 0 0
17 0.3168 0 0
18 0.336 0 0
19 0.3552 0 0
20 0.3744 0 0
21 0.3936 0 0
22 0.4128 0 0
23 0.432 0 0
24 0.4512 0 0
25 0.4704 0 0
26 0.4896 0 0
27 0.5088 0 0
28 0.528 0 0
29 0.5472 0 0
30 0.5664 0 0
31 0.5856 0 0
32 0.6048 0 0
33 0.624 0 0
34 0.6432 0 0
35 0.6624 0 0
36 0.6816 0 0
37 0.7008 0 0
38 0.72 0 0
39 0.7392 0 0
40 0.7584 0 0
41 0.7776 0 0
42 0.7968 0 0
43 0.816 0 0
44 0.8352 0 0
45 0.8544 0 0
46 0.8736 0 0
47 0.8928 0 0
48 0.912 0 0
49 0.9312 0.0717382 0.000375
50 0.9504 0.160694 0.00125
51 0.9696 0.17645 0.00225
52 0.9888 0.784696 0.006875
53 1.008 0.938759 0.012625
54 1.0272 1.15947 0.02
55 1.0464 1.72331 0.031375
56 1.0656 1.35133 0.040625
57 1.0848 2.07923 0.055375
58 1.104 2.43286 0.07325
59 1.1232 2.25178 0.090375
60 1.1424 2.30384 0.1085
61 1.1616 2.10537 0.125625
62 1.1808 1.90361 0.141625
63 1.2 1.88638 0.158
64 1.2192 1.49264 0.171375
65 1.2384 1.60897 0.18625
66 1.2576 1.86177 0.204
67 1.2768 1.75532 0.22125
68 1.296 1.58024 0.23725
69 1.3152 1.18679 0.249625
70 1.3344 1.46731 0.265375
71 1.3536 1.29017 0.279625
72 1.3728 1.28734 0.29425
73 1.392 1.03805 0.306375
74 1.4112 1.3536 0.322625
75 1.4304 1.30737 0.33875
76 1.4496 1.07561 0.352375
77 1.4688 1.19185 0.367875
78 1.488 1.05827 0.382
79 1.5072 1.07712 0.39675
80 1.5264 1.23709 0.414125
81 1.5456 0.894062 0.427
82 1.5648 0.940005 0.440875
83 1.584 1.09917 0.4575
84 1.6032 1.0004 0.473
85 1.6224 0.984735 0.488625
86 1.6416 0.931057 0.50375
87 1.6608 0.99235 0.52025
88 1.68 1.02123 0.537625
89 1.6992 1.00546 0.555125
90 1.7184 1.0393 0.573625
91 1.7376 0.995851 0.59175
92 1.7568 1.01451 0.610625
93 1.776 1.03214 0.63025
94 1.7952 1.03592 0.650375
95 1.8144 0.938527 0.669
96 1.8336 1.06083 0.6905
97 1.8528 1.00272 0.71125
98 1.872 1.01184 0.732625
99 1.8912 1.03198 0.754875
100 1.9104 0.999979 0.776875
8500 100
1 0.0096 0 0
2 0.0288 0 0
3 0.048 0 0
4 0.0672 0 0
5 0.0864 0 0
6 0.1056 0 0
7 0.1248 0 0
8 0.144 0 0
9 0.1632 0 0
10 0.1824 0 0
11 0.2016 0 0
12 0.2208 0 0
13 0.24 0 0
14 0.2592 0 0
15 0.2784 0 0
16 0.2976 0 0
17 0.3168 0 0
18 0.336 0 0
19 0.3552 0 0
20 0.3744 0 0
21 0.3936 0 0
22 0.4128 0 0
23 0.432 0 0
24 0.4512 0 0
25 0.4704 0 0
26 0.4896 0 0
27 0.5088 0 0
28 0.528 0 0
29 0.5472 0 0
30 0.5664 0 0
31 0.5856 0 0
32 0.6048 0 0
33 0.624 0 0
34 0.6432 0 0
35 0.6624 0 0
36 0.6816 0 0
37 0.7008 0 0
38 0.72 0 0
39 0.7392 0 0
40 0.7584 0 0
41 0.7776 0 0
42 0.7968 0 0
43 0.816 0 0
44 0.8352 0 0
45 0.8544 0 0
46 0.8736 0 0
47 0.8928 0 0
48 0.912 0 0
49 0.9312 0.0239127 0.000125
50 0.9504 0.0918254 0.000625
51 0.9696 0.441124 0.003125
52 0.9888 0.572616 0.0065
53 1.008 0.897943 0.012
54 1.0272 1.19877 0.019625
55 1.0464 1.89375 0.032125
56 1.0656 2.06352 0.04625
57 1.0848 1.74444 0.058625
58 1.104 2.07559 0.073875
59 1.1232 2.39971 0.092125
60 1.1424 1.76363 0.106
61 1.1616 1.96706 0.122
62 1.1808 1.87387 0.13775
63 1.2 1.75678 0.153
64 1.2192 1.56239 0.167
65 1.2384 1.74417 0.183125
66 1.2576 1.74377 0.19975
67 1.2768 1.8062 0.2175
68 1.296 1.46913 0.232375
69 1.3152 1.36661 0.246625
70 1.3344 1.52553 0.263
71 1.3536 1.61837 0.280875
72 1.3728 1.32035 0.295875
73 1.392 1.10226 0.30875
74 1.4112 1.12453 0.32225
75 1.4304 1.06414 0.335375
76 1.4496 1.05587 0.34875
77 1.4688 1.03806 0.36225
78 1.488 1.1051 0.377
79 1.5072 0.976712 0.390375
80 1.5264 1.21929 0.4075
81 1.5456 1.03295 0.422375
82 1.5648 0.982348 0.436875
83 1.584 1.04959 0.45275
84 1.6032 1.00846 0.468375
85 1.6224 1.02412 0.484625
86 1.6416 0.892583 0.499125
87 1.6608 0.954761 0.515
88 1.68 0.969798 0.5315
89 1.6992 0.711004 0.543875
90 1.7184 0.99014 0.5615
91 1.7376 1.19502 0.58325
92 1.7568 1.14217 0.6045
93 1.776 1.1439 0.62625
94 1.7952 0.984446 0.645375
95 1.8144 1.00151 0.66525
96 1.8336 1.04849 0.6865
97 1.8528 1.13561 0.71
98 1.872 1.23669 0.736125
99 1.8912 1.01459 0.758
100 1.9104 1.09657 0.782125
9000 100
1 0.0096 0 0
2 0.0288 0 0
3 0.048 0 0
4 0.0672 0 0
5 0.0864 0 0
6 0.1056 0 0
7 0.1248 0 0
8 0.144 0 0
9 0.1632 0 0
10 0.1824 0 0
11 0.2016 0 0
12 0.2208 0 0
13 0.24 0 0
14 0.2592 0 0
15 0.2784 0 0
16 0.2976 0 0
17 0.3168 0 0
18 0.336 0 0
19 0.3552 0 0
20 0.3744 0 0
21 0.3936 0 0
22 0.4128 0 0
23 0.432 0 0
24 0.4512 0 0
25 0.4704 0 0
26 0.4896 0 0
27 0.5088 0 0
28 0.528 0 0
29 0.5472 0 0
30 0.5664 0 0
31 0.5856 0 0
32 0.6048 0 0
33 0.624 0 0
34 0.6432 0 0
35 0.6624 0 0
36 0.6816 0 0
37 0.7008 0 0
38 0.72 0 0
39 0.7392 0 0
40 0.7584 0 0
41 0.7776 0 0
42 0.7968 0 0
43 0.816 0 0
44 0.8352 0 0
45 0.8544 0 0
46 0.8736 0 0
47 0.8928 0 0
48 0.912 0.0249301 0.000125
49 0.9312 0 0.000125
50 0.9504 0.0459127 0.000375
51 0.9696 0.242618 0.00175
52 0.9888 0.5302 0.004875
53 1.008 1.20406 0.01225
54 1.0272 1.51321 0.021875
55 1.0464 1.91269 0.0345
56 1.0656 1.68003 0.046
57 1.0848 2.13209 0.061125
58 1.104 1.97351 0.075625
59 1.1232 2.15316 0.092
60 1.1424 1.84307 0.1065
61 1.1616 2.12074 0.12375
62 1.1808 1.87387 0.1395
63 1.2 1.68479 0.154125
64 1.2192 1.84139 0.170625
65 1.2384 2.01459 0.18925
66 1.2576 1.69132 0.205375
67 1.2768 1.58996 0.221
68 1.296 1.71604 0.238375
69 1.3152 1.25872 0.2515
70 1.3344 1.32756 0.26575
71 1.3536 1.42598 0.2815
72 1.3728 1.27634 0.296
73 1.392 1.14506 0.309375
74 1.4112 1.15577 0.32325
75 1.4304 1.15535 0.3375
76 1.4496 1.14468 0.352
77 1.4688 1.23029 0.368
78 1.488 1.05827 0.382125
79 1.5072 1.01322 0.396
80 1.5264 0.916696 0.408875
81 1.5456 0.954824 0.422625
82 1.5648 1.10091 0.438875
83 1.584 0.983471 0.45375
84 1.6032 0.887447 0.4675
85 1.6224 1.02412 0.48375
86 1.6416 0.892583 0.49825
87 1.6608 1.00739 0.515
88 1.68 1.00653 0.532125
89 1.6992 0.991096 0.549375
90 1.7184 0.891828 0.56525
91 1.7376 0.968379 0.582875
92 1.7568 0.920454 0.6
93 1.776 0.854641 0.61625
94 1.7952 1.08096 0.63725
95 1.8144 0.970021 0.6565
96 1.8336 0.962148 0.676
97 1.8528 0.869825 0.694
98 1.872 1.00592 0.71525
99 1.8912 0.997195 0.73675
100 1.9104 1.11929 0.761375
9500 100
1 0.0096 0 0
2 0.0288 0 0
3 0.048 0 0
4 0.0672 0 0
5 0.0864 0 0
6 0.1056 0 0
7 0.1248 0 0
8 0.144 0 0
9 0.1632 0 0
10 0.1824 0 0
11 0.2016 0 0
12 0.2208 0 0
13 0.24 0 0
14 0.2592 0 0
15 0.2784 0 0
16 0.2976 0 0
17 0.3168 0 0
18 0.336 0 0
19 0.3552 0 0
20 0.3744 0 0
21 0.3936 0 0
22 0.4128 0 0
23 0.432 0 0
24 0.4512 0 0
25 0.4704 0 0
26 0.4896 0 0
27 0.5088 0 0
28 0.528 0 0
29 0.5472 0 0
30 0.5664 0 0
31 0.5856 0 0
32 0.6048 0 0
33 0.624 0 0
34 0.6432 0 0
35 0.6624 0 0
36 0.6816 0 0
37 0.7008 0 0
38 0.72 0 0
39 0.7392 0 0
40 0.7584 0 0
41 0.7776 0 0
42 0.7968 0 0
43 0.816 0 0
44 0.8352 0 0
45 0.8544 0 0
46 0.8736 0 0
47 0.8928 0 0
48 0.912 0 0
49 0.9312 0.0478255 0.00025
50 0.9504 0.068869 0.000625
51 0.9696 0.286731 0.00225
52 0.9888 0.487784 0.005125
53 1.008 0.816312 0.010125
54 1.0272 0.982602 0.016375
55 1.0464 1.70438 0.027625
56 1.0656 1.86265 0.040375
57 1.0848 1.99112 0.0545
58 1.104 2.41585 0.07225
59 1.1232 1.89018 0.086625
60 1.1424 2.0814 0.103
61 1.1616 2.09 0.12
62 1.1808 1.91848 0.136125
63 1.2 2.14558 0.15475
64 1.2192 1.93904 0.172125
65 1.2384 1.91994 0.189875
66 1.2576 1.83554 0.207375
67 1.2768 1.78076 0.224875
68 1.296 1.61727 0.24125
69 1.3152 1.54642 0.257375
70 1.3344 1.51389 0.273625
71 1.3536 1.58442 0.291125
72 1.3728 1.27634 0.305625
73 1.392 1.4126 0.322125
74 1.4112 1.19741 0.3365
75 1.4304 1.3175 0.35275
76 1.4496 1.10521 0.36675
77 1.4688 1.20146 0.382375
78 1.488 1.16129 0.397875
79 1.5072 0.885431 0.41
80 1.5264 0.889996 0.4225
81 1.5456 1.05031 0.437625
82 1.5648 0.923068 0.45125
83 1.584 0.950414 0.465625
84 1.6032 0.879379 0.47925
85 1.6224 0.92959 0.494
86 1.6416 1.008 0.510375
87 1.6608 0.849512 0.5245
88 1.68 0.999185 0.5415
89 1.6992 0.998278 0.558875
90 1.7184 1.10952 0.578625
91 1.7376 1.13321 0.59925
92 1.7568 0.974203 0.617375
93 1.776 1.00585 0.6365
94 1.7952 0.926538 0.6545
95 1.8144 0.938527 0.673125
96 1.8336 0.943645 0.69225
97 1.8528 0.857744 0.71
98 1.872 1.01776 0.7315
99 1.8912 0.916028 0.75125
100 1.9104 1.0852 0.775125
10000 100
1 0.0096 0 0
2 0.0288 0 0
3 0.048 0 0
4 0.0672 0 0
5 0.0864 0 0
6 0.1056 0 0
7 0.1248 0 0
8 0.144 0 0
9 0.1632 0 0
10 0.1824 0 0
11 0.2016 0 0
12 0.2208 0 0
13 0.24 0 0
14 0.2592 0 0
15 0.2784 0 0
16 0.2976 0 0
17 0.3168 0 0
18 0.336 0 0
19 0.3552 0 0
20 0.3744 0 0
21 0.3936 0 0
22 0.4128 0 0
23 0.432 0 0
24 0.4512 0 0
25 0.4704 0 0
26 0.4896 0 0
27 0.5088 0 0
28 0.528 0 0
29 0.5472 0 0
30 0.5664 0 0
31 0.5856 0 0
32 0.6048 0 0
33 0.624 0 0
34 0.6432 0 0
35 0.6624 0 0
36 0.6816 0 0
37 0.7008 0 0
38 0.72 0 0
39 0.7392 0 0
40 0.7584 0 0
41 0.7776 0 0
42 0.7968 0 0
43 0.816 0 0
44 0.8352 0 0
45 0.8544 0 0
46 0.8736 0 0
47 0.8928 0 0
48 0.912 0 0
49 0.9312 0 0
50 0.9504 0.160694 0.000875
51 0.9696 0.242618 0.00225
52 0.9888 0.381744 0.0045
53 1.008 0.714273 0.008875
54 1.0272 1.23808 0.01675
55 1.0464 1.49606 0.026625
56 1.0656 1.88091 0.0395
57 1.0848 1.74444 0.051875
58 1.104 2.10961 0.067375
59 1.1232 1.9888 0.0825
60 1.1424 2.00196 0.09825
61 1.1616 1.82875 0.113125
62 1.1808 2.23079 0.131875
63 1.2 1.72798 0.146875
64 1.2192 1.74374 0.1625
65 1.2384 1.8253 0.179375
66 1.2576 1.57332 0.194375
67 1.2768 1.70444 0.211125
68 1.296 1.65431 0.227875
69 1.3152 1.42655 0.24275
70 1.3344 1.17618 0.255375
71 1.3536 1.51652 0.272125
72 1.3728 1.35336 0.2875
73 1.392 1.17717 0.30125
74 1.4112 1.20783 0.31575
75 1.4304 1.07427 0.329
76 1.4496 1.06574 0.3425
77 1.4688 1.02845 0.355875
78 1.488 0.880332 0.367625
79 1.5072 0.83979 0.379125
80 1.5264 0.881096 0.3915
81 1.5456 1.01559 0.406125
82 1.5648 0.923068 0.41975
83 1.584 0.975207 0.4345
84 1.6032 0.855176 0.44775
85 1.6224 0.92959 0.4625
86 1.6416 0.754079 0.47475
87 1.6608 0.939725 0.490375
88 1.68 0.844899 0.50475
89 1.6992 0.81155 0.518875
90 1.7184 0.997162 0.536625
91 1.7376 0.947776 0.553875
92 1.7568 1.02123 0.572875
93 1.776 0.867789 0.589375
94 1.7952 0.907235 0.607
95 1.8144 0.888136 0.624625
96 1.8336 1.02999 0.6455
97 1.8528 1.15373 0.669375
98 1.872 1.08284 0.69225
99 1.8912 1.00879 0.714
100 1.9104 0.93748 0.734625
