# Time-averaged data for fix rdf
# TimeStep Number-of-rows
# Row c_myRDF[1] c_myRDF[2] c_myRDF[3]
500 100
1 0.0116 0 0
2 0.0348 0 0
3 0.058 0 0
4 0.0812 0 0
5 0.1044 0 0
6 0.1276 0 0
7 0.1508 0 0
8 0.174 0 0
9 0.1972 0 0
10 0.2204 0 0
11 0.2436 0 0
12 0.2668 0 0
13 0.29 0 0
14 0.3132 0 0
15 0.3364 0 0
16 0.3596 0 0
17 0.3828 0 0
18 0.406 0 0
19 0.4292 0 0
20 0.4524 0 0
21 0.4756 0 0
22 0.4988 0 0
23 0.522 0 0
24 0.5452 0 0
25 0.5684 0 0
26 0.5916 0 0
27 0.6148 0 0
28 0.638 0 0
29 0.6612 0 0
30 0.6844 0 0
31 0.7076 0 0
32 0.7308 0 0
33 0.754 0 0
34 0.7772 0 0
35 0.8004 0 0
36 0.8236 0 0
37 0.8468 0 0
38 0.87 0 0
39 0.8932 0 0
40 0.9164 0 0
41 0.9396 0.0583119 0.000375
42 0.9628 0.166607 0.0015
43 0.986 0.423624 0.0045
44 1.0092 0.808744 0.0105
45 1.0324 1.54561 0.0225
46 1.0556 1.58622 0.035375
47 1.0788 1.60721 0.049
48 1.102 2.14787 0.068
49 1.1252 1.92467 0.08575
50 1.1484 1.88673 0.103875
51 1.1716 1.91277 0.123
52 1.1948 1.65889 0.14025
53 1.218 1.5616 0.157125
54 1.2412 1.52605 0.17425
55 1.2644 1.50276 0.19175
56 1.2876 1.36629 0.20825
57 1.3108 1.08864 0.221875
58 1.334 1.2054 0.2375
59 1.3572 1.30429 0.255
60 1.3804 1.05368 0.269625
61 1.4036 0.9059 0.282625
62 1.4268 1.07056 0.2985
63 1.45 0.84069 0.311375
64 1.4732 0.980467 0.326875
65 1.4964 0.896655 0.3415
66 1.5196 1.02555 0.35875
67 1.5428 0.958888 0.375375
68 1.566 1.01466 0.3935
69 1.5892 0.985251 0.411625
70 1.6124 0.884495 0.428375
71 1.6356 0.795433 0.443875
72 1.6588 0.823232 0.460375
73 1.682 0.849206 0.477875
74 1.7052 1.02102 0.4995
75 1.7284 1.01102 0.5215
76 1.7516 1.01798 0.54425
77 1.7748 0.926163 0.5655
78 1.798 1.0829 0.591
79 1.8212 1.07618 0.617
80 1.8444 1.08459 0.643875
81 1.8676 1.13161 0.672625
82 1.8908 1.03681 0.699625
83 1.914 1.04462 0.7275
84 1.9372 1.0792 0.757
85 1.9604 0.910918 0.7825
86 1.9836 0.985687 0.81075
87 2.0068 0.984334 0.839625
88 2.03 1.04109 0.870875
89 2.0532 1.02176 0.90225
90 2.0764 1.03488 0.93475
91 2.0996 1.04328 0.96825
92 2.1228 1.05868 1.003
93 2.146 1.0471 1.03813
94 2.1692 0.970112 1.07138
95 2.1924 0.938979 1.10425
96 2.2156 0.982343 1.13938
97 2.2388 0.992904 1.17562
98 2.262 0.999473 1.21287
99 2.2852 0.893841 1.24687
100 2.3084 0.959697 1.28412
1000 100
1 0.0116 0 0
2 0.0348 0 0
3 0.058 0 0
4 0.0812 0 0
5 0.1044 0 0
6 0.1276 0 0
7 0.1508 0 0
8 0.174 0 0
9 0.1972 0 0
10 0.2204 0 0
11 0.2436 0 0
12 0.2668 0 0
13 0.29 0 0
14 0.3132 0 0
15 0.3364 0 0
16 0.3596 0 0
17 0.3828 0 0
18 0.406 0 0
19 0.4292 0 0
20 0.4524 0 0
21 0.4756 0 0
22 0.4988 0 0
23 0.522 0 0
24 0.5452 0 0
25 0.5684 0 0
26 0.5916 0 0
27 0.6148 0 0
28 0.638 0 0
29 0.6612 0 0
30 0.6844 0 0
31 0.7076 0 0
32 0.7308 0 0
33 0.754 0 0
34 0.7772 0 0
35 0.8004 0 0
36 0.8236 0 0
37 0.8468 0 0
38 0.87 0 0
39 0.8932 0 0
40 0.9164 0 0
41 0.9396 0.0777491 0.0005
42 0.9628 0.166607 0.001625
43 0.986 0.335369 0.004
44 1.0092 1.26366 0.013375
45 1.0324 1.25581 0.023125
46 1.0556 1.69403 0.036875
47 1.0788 1.78415 0.052
48 1.102 1.9783 0.0695
49 1.1252 2.006 0.088
50 1.1484 1.78264 0.105125
51 1.1716 1.72524 0.122375
52 1.1948 1.67092 0.13975
53 1.218 1.79295 0.159125
54 1.2412 1.68199 0.178
55 1.2644 1.6101 0.19675
56 1.2876 1.37664 0.213375
57 1.3108 1.43821 0.231375
58 1.334 1.23433 0.247375
59 1.3572 1.27634 0.2645
60 1.3804 1.07169 0.279375
61 1.4036 1.13238 0.295625
62 1.4268 1.09585 0.311875
63 1.45 1.06923 0.32825
64 1.4732 1.10698 0.34575
65 1.4964 1.3105 0.367125
66 1.5196 0.958664 0.38325
67 1.5428 1.01657 0.400875
68 1.566 0.979671 0.418375
69 1.5892 1.0532 0.43775
70 1.6124 0.970304 0.456125
71 1.6356 0.885241 0.473375
72 1.6588 0.966674 0.49275
73 1.682 0.940192 0.512125
74 1.7052 1.05643 0.5345
75 1.7284 0.919112 0.5545
76 1.7516 1.07951 0.578625
77 1.7748 1.13864 0.60475
78 1.798 1.12537 0.63125
79 1.8212 1.13827 0.65875
80 1.8444 1.16531 0.687625
81 1.8676 1.14637 0.71675
82 1.8908 1.05121 0.744125
83 1.914 1.16642 0.77525
84 1.9372 1.17066 0.80725
85 1.9604 1.04041 0.836375
86 1.9836 1.20376 0.870875
87 2.0068 1.1633 0.905
88 2.03 1.00777 0.93525
89 2.0532 0.976985 0.96525
90 2.0764 1.0309 0.997625
91 2.0996 0.969316 1.02875
92 2.1228 0.933012 1.05937
93 2.146 1.062 1.095
94 2.1692 1.18164 1.1355
95 2.1924 1.02467 1.17138
96 2.2156 1.07324 1.20975
97 2.2388 0.992904 1.246
98 2.262 1.00618 1.2835
99 2.2852 1.0943 1.32513
100 2.3084 0.927492 1.36113
1500 100
1 0.0116 0 0
2 0.0348 0 0
3 0.058 0 0
4 0.0812 0 0
5 0.1044 0 0
6 0.1276 0 0
7 0.1508 0 0
8 0.174 0 0
9 0.1972 0 0
10 0.2204 0 0
11 0.2436 0 0
12 0.2668 0 0
13 0.29 0 0
14 0.3132 0 0
15 0.3364 0 0
16 0.3596 0 0
17 0.3828 0 0
18 0.406 0 0
19 0.4292 0 0
20 0.4524 0 0
21 0.4756 0 0
22 0.4988 0 0
23 0.522 0 0
24 0.5452 0 0
25 0.5684 0 0
26 0.5916 0 0
27 0.6148 0 0
28 0.638 0 0
29 0.6612 0 0
30 0.6844 0 0
31 0.7076 0 0
32 0.7308 0 0
33 0.754 0 0
34 0.7772 0 0
35 0.8004 0 0
36 0.8236 0 0
37 0.8468 0 0
38 0.87 0 0
39 0.8932 0 0
40 0.9164 0 0
41 0.9396 0.0971864 0.000625
42 0.9628 0.277678 0.0025
43 0.986 0.476578 0.005875
44 1.0092 1.02778 0.0135
45 1.0324 1.43291 0.024625
46 1.0556 1.70943 0.0385
47 1.0788 2.38869 0.05875
48 1.102 2.13374 0.077625
49 1.1252 2.23642 0.09825
50 1.1484 2.57637 0.123
51 1.1716 2.25031 0.1455
52 1.1948 2.19984 0.168375
53 1.218 1.78138 0.187625
54 1.2412 1.83794 0.20825
55 1.2644 1.77111 0.228875
56 1.2876 1.55261 0.247625
57 1.3108 1.47816 0.266125
58 1.334 1.41755 0.2845
59 1.3572 1.38813 0.303125
60 1.3804 1.27883 0.320875
61 1.4036 1.33272 0.34
62 1.4268 1.31502 0.3595
63 1.45 1.03658 0.375375
64 1.4732 1.18605 0.394125
65 1.4964 1.05759 0.411375
66 1.5196 0.995821 0.428125
67 1.5428 0.92284 0.444125
68 1.566 0.993666 0.461875
69 1.5892 1.00564 0.480375
70 1.6124 1.01651 0.499625
71 1.6356 1.16108 0.52225
72 1.6588 0.972911 0.54175
73 1.682 0.964455 0.561625
74 1.7052 0.985605 0.5825
75 1.7284 0.930601 0.60275
76 1.7516 1.04595 0.626125
77 1.7748 1.09505 0.65125
78 1.798 1.07228 0.6765
79 1.8212 1.07101 0.702375
80 1.8444 1.18044 0.731625
81 1.8676 0.974172 0.756375
82 1.8908 1.09441 0.784875
83 1.914 1.06336 0.81325
84 1.9372 1.15237 0.84475
85 1.9604 1.14758 0.876875
86 1.9836 1.16014 0.910125
87 2.0068 1.02269 0.940125
88 2.03 1.10355 0.97325
89 2.0532 0.976985 1.00325
90 2.0764 1.03488 1.03575
91 2.0996 1.0861 1.07063
92 2.1228 0.997752 1.10338
93 2.146 0.965117 1.13575
94 2.1692 0.999289 1.17
95 2.1924 1.08893 1.20813
96 2.2156 0.975352 1.243
97 2.2388 0.986056 1.279
98 2.262 1.00953 1.31662
99 2.2852 0.936562 1.35225
100 2.3084 1.10784 1.39525
2000 100
1 0.0116 0 0
2 0.0348 0 0
3 0.058 0 0
4 0.0812 0 0
5 0.1044 0 0
6 0.1276 0 0
7 0.1508 0 0
8 0.174 0 0
9 0.1972 0 0
10 0.2204 0 0
11 0.2436 0 0
12 0.2668 0 0
13 0.29 0 0
14 0.3132 0 0
15 0.3364 0 0
16 0.3596 0 0
17 0.3828 0 0
18 0.406 0 0
19 0.4292 0 0
20 0.4524 0 0
21 0.4756 0 0
22 0.4988 0 0
23 0.522 0 0
24 0.5452 0 0
25 0.5684 0 0
26 0.5916 0 0
27 0.6148 0 0
28 0.638 0 0
29 0.6612 0 0
30 0.6844 0 0
31 0.7076 0 0
32 0.7308 0 0
33 0.754 0 0
34 0.7772 0 0
35 0.8004 0 0
36 0.8236 0 0
37 0.8468 0 0
38 0.87 0 0
39 0.8932 0 0
40 0.9164 0 0
41 0.9396 0.0194373 0.000125
42 0.9628 0.29619 0.002125
43 0.986 0.653088 0.00675
44 1.0092 0.825593 0.012875
45 1.0324 1.11091 0.0215
46 1.0556 2.03283 0.038
47 1.0788 2.30022 0.0575
48 1.102 2.30331 0.077875
49 1.1252 2.08732 0.097125
50 1.1484 1.99083 0.11625
51 1.1716 2.05029 0.13675
52 1.1948 2.10367 0.158625
53 1.218 2.24408 0.182875
54 1.2412 1.87136 0.203875
55 1.2644 1.68524 0.2235
56 1.2876 1.63541 0.24325
57 1.3108 1.56805 0.262875
58 1.334 1.37898 0.28075
59 1.3572 1.37882 0.29925
60 1.3804 1.2338 0.316375
61 1.4036 1.26303 0.3345
62 1.4268 1.23915 0.352875
63 1.45 1.30593 0.372875
64 1.4732 1.04372 0.389375
65 1.4964 1.25685 0.409875
66 1.5196 1.11473 0.428625
67 1.5428 0.987727 0.44575
68 1.566 0.993666 0.4635
69 1.5892 0.978456 0.4815
70 1.6124 0.851491 0.497625
71 1.6356 0.975048 0.516625
72 1.6588 1.16625 0.54
73 1.682 0.940192 0.559375
74 1.7052 1.10364 0.58275
75 1.7284 1.10293 0.60675
76 1.7516 1.02357 0.629625
77 1.7748 1.04602 0.653625
78 1.798 0.98735 0.676875
79 1.8212 1.07618 0.702875
80 1.8444 0.953432 0.7265
81 1.8676 0.959412 0.750875
82 1.8908 1.09921 0.7795
83 1.914 1.10084 0.808875
84 1.9372 1.0792 0.838375
85 1.9604 0.995759 0.86625
86 1.9836 0.928988 0.892875
87 2.0068 1.05677 0.923875
88 2.03 1.04942 0.955375
89 2.0532 1.00955 0.986375
90 2.0764 0.987117 1.01737
91 2.0996 1.15228 1.05438
92 2.1228 0.978711 1.0865
93 2.146 1.05082 1.12175
94 2.1692 0.944583 1.15413
95 2.1924 0.996103 1.189
96 2.2156 1.08722 1.22788
97 2.2388 0.958666 1.26288
98 2.262 1.00618 1.30038
99 2.2852 0.864266 1.33325
100 2.3084 0.969358 1.37088
2500 100
1 0.0116 0 0
2 0.0348 0 0
3 0.058 0 0
4 0.0812 0 0
5 0.1044 0 0
6 0.1276 0 0
7 0.1508 0 0
8 0.174 0 0
9 0.1972 0 0
10 0.2204 0 0
11 0.2436 0 0
12 0.2668 0 0
13 0.29 0 0
14 0.3132 0 0
15 0.3364 0 0
16 0.3596 0 0
17 0.3828 0 0
18 0.406 0 0
19 0.4292 0 0
20 0.4524 0 0
21 0.4756 0 0
22 0.4988 0 0
23 0.522 0 0
24 0.5452 0 0
25 0.5684 0 0
26 0.5916 0 0
27 0.6148 0 0
28 0.638 0 0
29 0.6612 0 0
30 0.6844 0 0
31 0.7076 0 0
32 0.7308 0 0
33 0.754 0 0
34 0.7772 0 0
35 0.8004 0 0
36 0.8236 0 0
37 0.8468 0 0
38 0.87 0 0
39 0.8932 0 0
40 0.9164 0.0408677 0.00025
41 0.9396 0 0.00025
42 0.9628 0.277678 0.002125
43 0.986 0.582484 0.00625
44 1.0092 1.17942 0.015
45 1.0324 1.35241 0.0255
46 1.0556 2.06363 0.04225
47 1.0788 2.04956 0.059625
48 1.102 2.3457 0.080375
49 1.1252 2.19575 0.100625
50 1.1484 1.97782 0.119625
51 1.1716 2.1378 0.141
52 1.1948 1.86325 0.160375
53 1.218 2.04743 0.1825
54 1.2412 1.93819 0.20425
55 1.2644 1.91066 0.2265
56 1.2876 1.37664 0.243125
57 1.3108 1.31836 0.259625
58 1.334 1.38862 0.277625
59 1.3572 1.54651 0.298375
60 1.3804 1.35988 0.31725
61 1.4036 1.22819 0.334875
62 1.4268 1.23072 0.353125
63 1.45 1.17533 0.371125
64 1.4732 1.14651 0.38925
65 1.4964 1.10358 0.40725
66 1.5196 1.25592 0.428375
67 1.5428 1.16076 0.4485
68 1.566 1.12662 0.468625
69 1.5892 0.903713 0.48525
70 1.6124 1.12212 0.5065
71 1.6356 0.994292 0.525875
72 1.6588 1.05399 0.547
73 1.682 0.946258 0.5665
74 1.7052 1.06233 0.589
75 1.7284 0.965068 0.61
76 1.7516 1.02917 0.633
77 1.7748 1.07326 0.657625
78 1.798 1.03513 0.682
79 1.8212 1.00892 0.706375
80 1.8444 1.06441 0.73275
81 1.8676 1.13653 0.761625
82 1.8908 1.22402 0.7935
83 1.914 1.03057 0.821
84 1.9372 0.983169 0.847875
85 1.9604 0.94664 0.874375
86 1.9836 0.942072 0.901375
87 2.0068 0.890588 0.9275
88 2.03 1.01194 0.957875
89 2.0532 1.09504 0.9915
90 2.0764 0.955275 1.0215
91 2.0996 0.973209 1.05275
92 2.1228 1.10438 1.089
93 2.146 1.02474 1.12338
94 2.1692 0.926348 1.15513
95 2.1924 1.04966 1.19188
96 2.2156 0.915922 1.22463
97 2.2388 1.08877 1.26438
98 2.262 0.898855 1.29788
99 2.2852 0.936562 1.3335
100 2.3084 0.872745 1.36738
3000 100
1 0.0116 0 0
2 0.0348 0 0
3 0.058 0 0
4 0.0812 0 0
5 0.1044 0 0
6 0.1276 0 0
7 0.1508 0 0
8 0.174 0 0
9 0.1972 0 0
10 0.2204 0 0
11 0.2436 0 0
12 0.2668 0 0
13 0.29 0 0
14 0.3132 0 0
15 0.3364 0 0
16 0.3596 0 0
17 0.3828 0 0
18 0.406 0 0
19 0.4292 0 0
20 0.4524 0 0
21 0.4756 0 0
22 0.4988 0 0
23 0.522 0 0
24 0.5452 0 0
25 0.5684 0 0
26 0.5916 0 0
27 0.6148 0 0
28 0.638 0 0
29 0.6612 0 0
30 0.6844 0 0
31 0.7076 0 0
32 0.7308 0 0
33 0.754 0 0
34 0.7772 0 0
35 0.8004 0 0
36 0.8236 0 0
37 0.8468 0 0
38 0.87 0 0
39 0.8932 0 0
40 0.9164 0.0204339 0.000125
41 0.9396 0.116624 0.000875
42 0.9628 0.185119 0.002125
43 0.986 0.529531 0.005875
44 1.0092 1.22997 0.015
45 1.0324 1.65831 0.027875
46 1.0556 2.37164 0.047125
47 1.0788 2.30022 0.066625
48 1.102 2.30331 0.087
49 1.1252 2.22286 0.1075
50 1.1484 2.04288 0.127125
51 1.1716 2.36283 0.15075
52 1.1948 1.87527 0.17025
53 1.218 1.98959 0.19175
54 1.2412 2.10528 0.215375
55 1.2644 1.72818 0.2355
56 1.2876 1.75962 0.25675
57 1.3108 1.7678 0.278875
58 1.334 1.54291 0.298875
59 1.3572 1.37882 0.317375
60 1.3804 1.30584 0.3355
61 1.4036 1.14109 0.351875
62 1.4268 1.38246 0.372375
63 1.45 1.11004 0.389375
64 1.4732 1.07535 0.406375
65 1.4964 1.09591 0.42425
66 1.5196 1.3674 0.44725
67 1.5428 1.07424 0.465875
68 1.566 1.02865 0.48425
69 1.5892 0.890123 0.500625
70 1.6124 1.03631 0.52025
71 1.6356 1.0392 0.5405
72 1.6588 0.979148 0.560125
73 1.682 1.00085 0.58075
74 1.7052 0.950194 0.600875
75 1.7284 1.06272 0.624
76 1.7516 1.04595 0.647375
77 1.7748 1.06781 0.671875
78 1.798 1.13068 0.6985
79 1.8212 1.21588 0.727875
80 1.8444 1.16026 0.756625
81 1.8676 1.19557 0.787
82 1.8908 1.14722 0.816875
83 1.914 1.13831 0.84725
84 1.9372 1.01975 0.875125
85 1.9604 0.870731 0.8995
86 1.9836 0.998771 0.928125
87 2.0068 1.09086 0.960125
88 2.03 1.04525 0.9915
89 2.0532 0.960702 1.021
90 2.0764 1.0508 1.054
91 2.0996 1.00046 1.08613
92 2.1228 1.15008 1.12388
93 2.146 1.10672 1.161
94 2.1692 0.955524 1.19375
95 2.1924 1.02109 1.2295
96 2.2156 1.00681 1.2655
97 2.2388 1.02714 1.303
98 2.262 0.979349 1.3395
99 2.2852 1.02529 1.3785
100 2.3084 0.892067 1.41313
3500 100
1 0.0116 0 0
2 0.0348 0 0
3 0.058 0 0
4 0.0812 0 0
5 0.1044 0 0
6 0.1276 0 0
7 0.1508 0 0
8 0.174 0 0
9 0.1972 0 0
10 0.2204 0 0
11 0.2436 0 0
12 0.2668 0 0
13 0.29 0 0
14 0.3132 0 0
15 0.3364 0 0
16 0.3596 0 0
17 0.3828 0 0
18 0.406 0 0
19 0.4292 0 0
20 0.4524 0 0
21 0.4756 0 0
22 0.4988 0 0
23 0.522 0 0
24 0.5452 0 0
25 0.5684 0 0
26 0.5916 0 0
27 0.6148 0 0
28 0.638 0 0
29 0.6612 0 0
30 0.6844 0 0
31 0.7076 0 0
32 0.7308 0 0
33 0.754 0 0
34 0.7772 0 0
35 0.8004 0 0
36 0.8236 0 0
37 0.8468 0 0
38 0.87 0 0
39 0.8932 0 0
40 0.9164 0 0
41 0.9396 0.116624 0.00075
42 0.9628 0.203631 0.002125
43 0.986 0.458927 0.005375
44 1.0092 1.31421 0.015125
45 1.0324 1.32021 0.025375
46 1.0556 2.07903 0.04225
47 1.0788 1.99058 0.059125
48 1.102 2.38809 0.08025
49 1.1252 2.1822 0.100375
50 1.1484 2.44625 0.123875
51 1.1716 1.91277 0.143
52 1.1948 1.93538 0.163125
53 1.218 2.13997 0.18625
54 1.2412 2.04958 0.20925
55 1.2644 1.79258 0.230125
56 1.2876 1.68717 0.2505
57 1.3108 1.67791 0.2715
58 1.334 1.59113 0.292125
59 1.3572 1.28566 0.309375
60 1.3804 1.35988 0.32825
61 1.4036 1.28917 0.34675
62 1.4268 1.18015 0.36425
63 1.45 1.20798 0.38275
64 1.4732 1.18605 0.4015
65 1.4964 1.08058 0.419125
66 1.5196 1.03298 0.4365
67 1.5428 0.973307 0.453375
68 1.566 0.965676 0.470625
69 1.5892 1.14833 0.49175
70 1.6124 1.13532 0.51325
71 1.6356 1.16749 0.536
72 1.6588 0.960438 0.55525
73 1.682 1.01298 0.576125
74 1.7052 1.00331 0.597375
75 1.7284 1.01102 0.619375
76 1.7516 0.990013 0.6415
77 1.7748 1.02968 0.665125
78 1.798 0.976734 0.688125
79 1.8212 1.02962 0.713
80 1.8444 1.10981 0.7405
81 1.8676 0.969252 0.765125
82 1.8908 1.14242 0.794875
83 1.914 1.06804 0.823375
84 1.9372 1.05176 0.852125
85 1.9604 1.12079 0.8835
86 1.9836 0.959518 0.911
87 2.0068 1.07382 0.9425
88 2.03 1.03692 0.973625
89 2.0532 0.976985 1.00363
90 2.0764 1.0508 1.03663
91 2.0996 0.969316 1.06775
92 2.1228 1.0663 1.10275
93 2.146 0.965117 1.13512
94 2.1692 0.977406 1.16863
95 2.1924 0.95683 1.20213
96 2.2156 1.02429 1.23875
97 2.2388 1.01687 1.27587
98 2.262 0.979349 1.31237
99 2.2852 1.06472 1.35288
100 2.3084 1.06919 1.39438
4000 100
1 0.0116 0 0
2 0.0348 0 0
3 0.058 0 0
4 0.0812 0 0
5 0.1044 0 0
6 0.1276 0 0
7 0.1508 0 0
8 0.174 0 0
9 0.1972 0 0
10 0.2204 0 0
11 0.2436 0 0
12 0.2668 0 0
13 0.29 0 0
14 0.3132 0 0
15 0.3364 0 0
16 0.3596 0 0
17 0.3828 0 0
18 0.406 0 0
19 0.4292 0 0
20 0.4524 0 0
21 0.4756 0 0
22 0.4988 0 0
23 0.522 0 0
24 0.5452 0 0
25 0.5684 0 0
26 0.5916 0 0
27 0.6148 0 0
28 0.638 0 0
29 0.6612 0 0
30 0.6844 0 0
31 0.7076 0 0
32 0.7308 0 0
33 0.754 0 0
34 0.7772 0 0
35 0.8004 0 0
36 0.8236 0 0
37 0.8468 0 0
38 0.87 0 0
39 0.8932 0 0
40 0.9164 0.0204339 0.000125
41 0.9396 0 0.000125
42 0.9628 0.240654 0.00175
43 0.986 0.547182 0.005625
44 1.0092 1.29736 0.01525
45 1.0324 1.77101 0.029
46 1.0556 1.95583 0.044875
47 1.0788 2.86053 0.069125
48 1.102 2.65658 0.092625
49 1.1252 2.84635 0.118875
50 1.1484 2.22504 0.14025
51 1.1716 2.1503 0.16175
52 1.1948 2.44026 0.187125
53 1.218 2.15154 0.210375
54 1.2412 2.00503 0.232875
55 1.2644 1.87845 0.25475
56 1.2876 1.89418 0.277625
57 1.3108 1.8477 0.30075
58 1.334 1.39826 0.318875
59 1.3572 1.22976 0.335375
60 1.3804 1.29684 0.353375
61 1.4036 1.36756 0.373
62 1.4268 1.06213 0.38875
63 1.45 1.33857 0.40925
64 1.4732 1.30465 0.429875
65 1.4964 1.00395 0.44625
66 1.5196 1.21134 0.466625
67 1.5428 1.02378 0.484375
68 1.566 1.07064 0.5035
69 1.5892 1.10076 0.52375
70 1.6124 1.04951 0.543625
71 1.6356 0.962218 0.562375
72 1.6588 0.997857 0.582375
73 1.682 1.01905 0.603375
74 1.7052 1.08594 0.626375
75 1.7284 1.09145 0.650125
76 1.7516 1.01239 0.67275
77 1.7748 0.99154 0.6955
78 1.798 0.928959 0.717375
79 1.8212 1.17449 0.74575
80 1.8444 1.06946 0.77225
81 1.8676 1.06765 0.799375
82 1.8908 0.897612 0.82275
83 1.914 1.03525 0.850375
84 1.9372 0.946586 0.87625
85 1.9604 1.00022 0.90425
86 1.9836 1.12089 0.936375
87 2.0068 0.96729 0.96475
88 2.03 1.0161 0.99525
89 2.0532 1.06654 1.028
90 2.0764 1.16623 1.06463
91 2.0996 0.934281 1.09462
92 2.1228 1.01679 1.128
93 2.146 1.11417 1.16538
94 2.1692 0.9847 1.19912
95 2.1924 1.04609 1.23575
96 2.2156 0.95088 1.26975
97 2.2388 0.996328 1.30613
98 2.262 1.02295 1.34425
99 2.2852 1.00557 1.3825
100 2.3084 1.10784 1.4255
4500 100
1 0.0116 0 0
2 0.0348 0 0
3 0.058 0 0
4 0.0812 0 0
5 0.1044 0 0
6 0.1276 0 0
7 0.1508 0 0
8 0.174 0 0
9 0.1972 0 0
10 0.2204 0 0
11 0.2436 0 0
12 0.2668 0 0
13 0.29 0 0
14 0.3132 0 0
15 0.3364 0 0
16 0.3596 0 0
17 0.3828 0 0
18 0.406 0 0
19 0.4292 0 0
20 0.4524 0 0
21 0.4756 0 0
22 0.4988 0 0
23 0.522 0 0
24 0.5452 0 0
25 0.5684 0 0
26 0.5916 0 0
27 0.6148 0 0
28 0.638 0 0
29 0.6612 0 0
30 0.6844 0 0
31 0.7076 0 0
32 0.7308 0 0
33 0.754 0 0
34 0.7772 0 0
35 0.8004 0 0
36 0.8236 0 0
37 0.8468 0 0
38 0.87 0 0
39 0.8932 0 0
40 0.9164 0.0408677 0.00025
41 0.9396 0.0971864 0.000875
42 0.9628 0.129583 0.00175
43 0.986 0.670739 0.0065
44 1.0092 1.38161 0.01675
45 1.0324 1.52951 0.028625
46 1.0556 2.03283 0.045125
47 1.0788 1.91685 0.061375
48 1.102 2.37396 0.082375
49 1.1252 2.30419 0.103625
50 1.1484 2.21203 0.124875
51 1.1716 2.23781 0.14725
52 1.1948 2.35611 0.17175
53 1.218 1.95489 0.192875
54 1.2412 2.083 0.21625
55 1.2644 1.98579 0.239375
56 1.2876 1.75962 0.260625
57 1.3108 1.59801 0.280625
58 1.334 1.45612 0.2995
59 1.3572 1.45335 0.319
60 1.3804 1.20678 0.33575
61 1.4036 1.30659 0.3545
62 1.4268 1.33188 0.37425
63 1.45 1.21614 0.392875
64 1.4732 1.28093 0.413125
65 1.4964 1.38713 0.43575
66 1.5196 1.16675 0.455375
67 1.5428 1.08145 0.474125
68 1.566 1.08464 0.4935
69 1.5892 1.02602 0.512375
70 1.6124 1.00991 0.5315
71 1.6356 1.07127 0.552375
72 1.6588 0.910545 0.570625
73 1.682 0.982652 0.590875
74 1.7052 0.944292 0.610875
75 1.7284 0.965068 0.631875
76 1.7516 1.0012 0.65425
77 1.7748 1.18222 0.681375
78 1.798 0.976734 0.704375
79 1.8212 0.988225 0.72825
80 1.8444 1.08459 0.755125
81 1.8676 1.04305 0.781625
82 1.8908 1.06561 0.809375
83 1.914 0.974356 0.835375
84 1.9372 1.10664 0.865625
85 1.9604 1.18777 0.898875
86 1.9836 1.11217 0.93075
87 2.0068 1.04399 0.961375
88 2.03 0.978621 0.99075
89 2.0532 0.997339 1.02138
90 2.0764 0.959255 1.0515
91 2.0996 0.98878 1.08325
92 2.1228 1.11581 1.11988
93 2.146 1.05082 1.15513
94 2.1692 0.944583 1.1875
95 2.1924 1.04609 1.22413
96 2.2156 1.07324 1.2625
97 2.2388 0.934699 1.29663
98 2.262 0.949164 1.332
99 2.2852 0.910272 1.36663
100 2.3084 1.01767 1.40613
5000 100
1 0.0116 0 0
2 0.0348 0 0
3 0.058 0 0
4 0.0812 0 0
5 0.1044 0 0
6 0.1276 0 0
7 0.1508 0 0
8 0.174 0 0
9 0.1972 0 0
10 0.2204 0 0
11 0.2436 0 0
12 0.2668 0 0
13 0.29 0 0
14 0.3132 0 0
15 0.3364 0 0
16 0.3596 0 0
17 0.3828 0 0
18 0.406 0 0
19 0.4292 0 0
20 0.4524 0 0
21 0.4756 0 0
22 0.4988 0 0
23 0.522 0 0
24 0.5452 0 0
25 0.5684 0 0
26 0.5916 0 0
27 0.6148 0 0
28 0.638 0 0
29 0.6612 0 0
30 0.6844 0 0
31 0.7076 0 0
32 0.7308 0 0
33 0.754 0 0
34 0.7772 0 0
35 0.8004 0 0
36 0.8236 0 0
37 0.8468 0 0
38 0.87 0 0
39 0.8932 0 0
40 0.9164 0 0
41 0.9396 0.0388746 0.00025
42 0.9628 0.277678 0.002125
43 0.986 0.741343 0.007375
44 1.0092 0.909837 0.014125
45 1.0324 1.62611 0.02675
46 1.0556 1.81723 0.0415
47 1.0788 2.41818 0.062
48 1.102 2.23265 0.08175
49 1.1252 2.64304 0.106125
50 1.1484 2.10794 0.126375
51 1.1716 2.40034 0.150375
52 1.1948 2.21186 0.173375
53 1.218 1.86235 0.1935
54 1.2412 1.83794 0.214125
55 1.2644 1.83552 0.2355
56 1.2876 1.70787 0.256125
57 1.3108 1.50812 0.275
58 1.334 1.62006 0.296
59 1.3572 1.25771 0.312875
60 1.3804 1.37789 0.332
61 1.4036 1.30659 0.35075
62 1.4268 1.11271 0.36725
63 1.45 1.12636 0.3845
64 1.4732 1.18605 0.40325
65 1.4964 1.24919 0.423625
66 1.5196 1.14445 0.442875
67 1.5428 1.12471 0.462375
68 1.566 1.08464 0.48175
69 1.5892 1.03961 0.500875
70 1.6124 1.02311 0.52025
71 1.6356 0.923729 0.53825
72 1.6588 0.885599 0.556
73 1.682 1.03118 0.57725
74 1.7052 0.87347 0.59575
75 1.7284 1.19485 0.62175
76 1.7516 0.995606 0.644
77 1.7748 0.915267 0.665
78 1.798 1.08821 0.690625
79 1.8212 1.10205 0.71725
80 1.8444 1.01397 0.742375
81 1.8676 1.13653 0.77125
82 1.8908 1.08961 0.799625
83 1.914 1.0821 0.8285
84 1.9372 1.14779 0.859875
85 1.9604 1.04934 0.88925
86 1.9836 1.07728 0.920125
87 2.0068 1.16757 0.954375
88 2.03 1.12854 0.98825
89 2.0532 1.0299 1.01988
90 2.0764 1.04284 1.05263
91 2.0996 1.05107 1.08638
92 2.1228 1.13866 1.12375
93 2.146 1.13653 1.16188
94 2.1692 0.981053 1.1955
95 2.1924 1.14962 1.23575
96 2.2156 0.996327 1.27138
97 2.2388 0.951818 1.30613
98 2.262 0.989411 1.343
99 2.2852 1.03843 1.3825
100 2.3084 1.00156 1.42138
5500 100
1 0.0116 0 0
2 0.0348 0 0
3 0.058 0 0
4 0.0812 0 0
5 0.1044 0 0
6 0.1276 0 0
7 0.1508 0 0
8 0.174 0 0
9 0.1972 0 0
10 0.2204 0 0
11 0.2436 0 0
12 0.2668 0 0
13 0.29 0 0
14 0.3132 0 0
15 0.3364 0 0
16 0.3596 0 0
17 0.3828 0 0
18 0.406 0 0
19 0.4292 0 0
20 0.4524 0 0
21 0.4756 0 0
22 0.4988 0 0
23 0.522 0 0
24 0.5452 0 0
25 0.5684 0 0
26 0.5916 0 0
27 0.6148 0 0
28 0.638 0 0
29 0.6612 0 0
30 0.6844 0 0
31 0.7076 0 0
32 0.7308 0 0
33 0.754 0 0
34 0.7772 0 0
35 0.8004 0 0
36 0.8236 0 0
37 0.8468 0 0
38 0.87 0 0
39 0.8932 0 0
40 0.9164 0.0204339 0.000125
41 0.9396 0.0194373 0.00025
42 0.9628 0.407261 0.003
43 0.986 0.582484 0.007125
44 1.0092 1.17942 0.015875
45 1.0324 1.40071 0.02675
46 1.0556 1.95583 0.042625
47 1.0788 1.96109 0.05925
48 1.102 2.13374 0.078125
49 1.1252 2.43973 0.100625
50 1.1484 2.09492 0.12075
51 1.1716 1.87526 0.1395
52 1.1948 1.87527 0.159
53 1.218 1.93176 0.179875
54 1.2412 1.79338 0.2
55 1.2644 1.72818 0.220125
56 1.2876 1.55261 0.238875
57 1.3108 1.39826 0.256375
58 1.334 1.71649 0.278625
59 1.3572 1.34155 0.296625
60 1.3804 1.43193 0.3165
61 1.4036 1.45467 0.337375
62 1.4268 1.32345 0.357
63 1.45 1.01209 0.3725
64 1.4732 1.32837 0.3935
65 1.4964 1.13423 0.412
66 1.5196 1.18161 0.431875
67 1.5428 1.20402 0.45275
68 1.566 1.28757 0.47575
69 1.5892 1.12115 0.496375
70 1.6124 1.01651 0.515625
71 1.6356 1.03278 0.53575
72 1.6588 1.17872 0.559375
73 1.682 0.921995 0.578375
74 1.7052 1.09184 0.6015
75 1.7284 1.05123 0.624375
76 1.7516 1.0012 0.64675
77 1.7748 1.08416 0.671625
78 1.798 1.13598 0.698375
79 1.8212 0.983051 0.722125
80 1.8444 1.00892 0.747125
81 1.8676 1.05289 0.773875
82 1.8908 1.04641 0.801125
83 1.914 1.00715 0.828
84 1.9372 1.18438 0.860375
85 1.9604 1.07167 0.890375
86 1.9836 0.990048 0.91875
87 2.0068 1.05677 0.94975
88 2.03 1.19517 0.985625
89 2.0532 1.00955 1.01663
90 2.0764 0.959255 1.04675
91 2.0996 1.00824 1.07913
92 2.1228 1.03583 1.11312
93 2.146 1.02474 1.1475
94 2.1692 0.937289 1.17963
95 2.1924 1.14248 1.21963
96 2.2156 0.936897 1.25313
97 2.2388 1.04084 1.29113
98 2.262 1.01289 1.32888
99 2.2852 0.985854 1.36638
100 2.3084 0.98224 1.4045
6000 100
1 0.0116 0 0
2 0.0348 0 0
3 0.058 0 0
4 0.0812 0 0
5 0.1044 0 0
6 0.1276 0 0
7 0.1508 0 0
8 0.174 0 0
9 0.1972 0 0
10 0.2204 0 0
11 0.2436 0 0
12 0.2668 0 0
13 0.29 0 0
14 0.3132 0 0
15 0.3364 0 0
16 0.3596 0 0
17 0.3828 0 0
18 0.406 0 0
19 0.4292 0 0
20 0.4524 0 0
21 0.4756 0 0
22 0.4988 0 0
23 0.522 0 0
24 0.5452 0 0
25 0.5684 0 0
26 0.5916 0 0
27 0.6148 0 0
28 0.638 0 0
29 0.6612 0 0
30 0.6844 0 0
31 0.7076 0 0
32 0.7308 0 0
33 0.754 0 0
34 0.7772 0 0
35 0.8004 0 0
36 0.8236 0 0
37 0.8468 0 0
38 0.87 0 0
39 0.8932 0 0
40 0.9164 0 0
41 0.9396 0.0194373 0.000125
42 0.9628 0.333214 0.002375
43 0.986 0.600135 0.006625
44 1.0092 0.994082 0.014
45 1.0324 1.40071 0.024875
46 1.0556 1.87883 0.040125
47 1.0788 1.96109 0.05675
48 1.102 2.28918 0.077
49 1.1252 2.22286 0.0975
50 1.1484 2.15998 0.11825
51 1.1716 1.87526 0.137
52 1.1948 1.9474 0.15725
53 1.218 1.95489 0.178375
54 1.2412 1.59288 0.19625
55 1.2644 1.64231 0.215375
56 1.2876 1.76997 0.23675
57 1.3108 1.57803 0.2565
58 1.334 1.53327 0.276375
59 1.3572 1.4254 0.2955
60 1.3804 1.36889 0.3145
61 1.4036 1.14109 0.330875
62 1.4268 1.30659 0.35025
63 1.45 1.21614 0.368875
64 1.4732 1.23349 0.388375
65 1.4964 1.02694 0.405125
66 1.5196 1.18904 0.425125
67 1.5428 1.05982 0.4435
68 1.566 1.02865 0.461875
69 1.5892 1.00564 0.480375
70 1.6124 1.11552 0.5015
71 1.6356 1.01995 0.521375
72 1.6588 1.12259 0.543875
73 1.682 0.958389 0.563625
74 1.7052 1.09184 0.58675
75 1.7284 1.03975 0.609375
76 1.7516 1.00679 0.631875
77 1.7748 0.926163 0.653125
78 1.798 1.21561 0.68175
79 1.8212 1.01409 0.70625
80 1.8444 0.993788 0.730875
81 1.8676 1.09717 0.75875
82 1.8908 1.12802 0.788125
83 1.914 1.20858 0.820375
84 1.9372 1.12493 0.851125
85 1.9604 1.1833 0.88425
86 1.9836 1.01186 0.91325
87 2.0068 0.954506 0.94125
88 2.03 1.00777 0.9715
89 2.0532 1.05026 1.00375
90 2.0764 1.01896 1.03575
91 2.0996 0.907031 1.06488
92 2.1228 0.940629 1.09575
93 2.146 1.07691 1.13187
94 2.1692 1.02846 1.16712
95 2.1924 0.999673 1.20213
96 2.2156 0.996327 1.23775
97 2.2388 1.0066 1.2745
98 2.262 0.979349 1.311
99 2.2852 0.979282 1.34825
100 2.3084 0.975799 1.38613
6500 100
1 0.0116 0 0
2 0.0348 0 0
3 0.058 0 0
4 0.0812 0 0
5 0.1044 0 0
6 0.1276 0 0
7 0.1508 0 0
8 0.174 0 0
9 0.1972 0 0
10 0.2204 0 0
11 0.2436 0 0
12 0.2668 0 0
13 0.29 0 0
14 0.3132 0 0
15 0.3364 0 0
16 0.3596 0 0
17 0.3828 0 0
18 0.406 0 0
19 0.4292 0 0
20 0.4524 0 0
21 0.4756 0 0
22 0.4988 0 0
23 0.522 0 0
24 0.5452 0 0
25 0.5684 0 0
26 0.5916 0 0
27 0.6148 0 0
28 0.638 0 0
29 0.6612 0 0
30 0.6844 0 0
31 0.7076 0 0
32 0.7308 0 0
33 0.754 0 0
34 0.7772 0 0
35 0.8004 0 0
36 0.8236 0 0
37 0.8468 0 0
38 0.87 0 0
39 0.8932 0 0
40 0.9164 0 0
41 0.9396 0.0194373 0.000125
42 0.9628 0.185119 0.001375
43 0.986 0.582484 0.0055
44 1.0092 1.11202 0.01375
45 1.0324 1.20751 0.023125
46 1.0556 1.70943 0.037
47 1.0788 2.10854 0.054875
48 1.102 2.20439 0.074375
49 1.1252 1.91112 0.092
50 1.1484 1.88673 0.110125
51 1.1716 2.1628 0.13175
52 1.1948 1.87527 0.15125
53 1.218 2.059 0.1735
54 1.2412 1.69313 0.1925
55 1.2644 1.6101 0.21125
56 1.2876 1.72857 0.232125
57 1.3108 1.33833 0.248875
58 1.334 1.54291 0.268875
59 1.3572 1.33224 0.28675
60 1.3804 1.30584 0.304875
61 1.4036 1.35885 0.324375
62 1.4268 1.27287 0.34325
63 1.45 1.16717 0.361125
64 1.4732 1.12279 0.378875
65 1.4964 1.01161 0.395375
66 1.5196 1.0627 0.41325
67 1.5428 0.944469 0.429625
68 1.566 1.23858 0.45175
69 1.5892 1.15512 0.473
70 1.6124 1.18813 0.4955
71 1.6356 1.05202 0.516
72 1.6588 1.01033 0.53625
73 1.682 0.970521 0.55625
74 1.7052 0.944292 0.57625
75 1.7284 0.924857 0.596375
76 1.7516 1.05154 0.619875
77 1.7748 1.2476 0.6485
78 1.798 1.08821 0.674125
79 1.8212 0.962355 0.697375
80 1.8444 1.13504 0.7255
81 1.8676 1.00369 0.751
82 1.8908 1.06561 0.77875
83 1.914 1.10552 0.80825
84 1.9372 1.18438 0.840625
85 1.9604 1.22795 0.875
86 1.9836 1.11217 0.906875
87 2.0068 1.00564 0.936375
88 2.03 0.949471 0.964875
89 2.0532 1.01362 0.996
90 2.0764 1.0309 1.02838
91 2.0996 1.07053 1.06275
92 2.1228 1.03964 1.09688
93 2.146 1.05082 1.13213
94 2.1692 0.897171 1.16288
95 2.1924 1.12463 1.20225
96 2.2156 1.04877 1.23975
97 2.2388 1.01345 1.27675
98 2.262 0.986057 1.3135
99 2.2852 0.887269 1.34725
100 2.3084 1.01767 1.38675
7000 100
1 0.0116 0 0
2 0.0348 0 0
3 0.058 0 0
4 0.0812 0 0
5 0.1044 0 0
6 0.1276 0 0
7 0.1508 0 0
8 0.174 0 0
9 0.1972 0 0
10 0.2204 0 0
11 0.2436 0 0
12 0.2668 0 0
13 0.29 0 0
14 0.3132 0 0
15 0.3364 0 0
16 0.3596 0 0
17 0.3828 0 0
18 0.406 0 0
19 0.4292 0 0
20 0.4524 0 0
21 0.4756 0 0
22 0.4988 0 0
23 0.522 0 0
24 0.5452 0 0
25 0.5684 0 0
26 0.5916 0 0
27 0.6148 0 0
28 0.638 0 0
29 0.6612 0 0
30 0.6844 0 0
31 0.7076 0 0
32 0.7308 0 0
33 0.754 0 0
34 0.7772 0 0
35 0.8004 0 0
36 0.8236 0 0
37 0.8468 0 0
38 0.87 0 0
39 0.8932 0 0
40 0.9164 0 0
41 0.9396 0.116624 0.00075
42 0.9628 0.462797 0.003875
43 0.986 0.547182 0.00775
44 1.0092 1.21312 0.01675
45 1.0324 1.32021 0.027
46 1.0556 2.24843 0.04525
47 1.0788 2.59512 0.06725
48 1.102 2.26092 0.08725
49 1.1252 2.34485 0.108875
50 1.1484 2.53733 0.13325
51 1.1716 2.38783 0.157125
52 1.1948 2.15175 0.1795
53 1.218 2.18624 0.203125
54 1.2412 2.12756 0.227
55 1.2644 1.87845 0.248875
56 1.2876 1.65611 0.268875
57 1.3108 1.49813 0.287625
58 1.334 1.41755 0.306
59 1.3572 1.49993 0.326125
60 1.3804 1.50397 0.347
61 1.4036 1.24561 0.364875
62 1.4268 1.17172 0.38225
63 1.45 1.30593 0.40225
64 1.4732 1.32837 0.42325
65 1.4964 1.23386 0.443375
66 1.5196 1.39712 0.466875
67 1.5428 1.22565 0.488125
68 1.566 1.09863 0.50775
69 1.5892 0.930892 0.524875
70 1.6124 1.19473 0.5475
71 1.6356 1.20598 0.571
72 1.6588 1.01657 0.591375
73 1.682 0.958389 0.611125
74 1.7052 0.93839 0.631
75 1.7284 0.976557 0.65225
76 1.7516 0.855774 0.671375
77 1.7748 1.0896 0.696375
78 1.798 1.02982 0.720625
79 1.8212 1.01409 0.745125
80 1.8444 0.988744 0.769625
81 1.8676 1.01353 0.795375
82 1.8908 1.07041 0.82325
83 1.914 1.01183 0.85025
84 1.9372 1.09749 0.88025
85 1.9604 1.04041 0.909375
86 1.9836 0.981325 0.9375
87 2.0068 1.0653 0.96875
88 2.03 1.03692 0.999875
89 2.0532 0.95256 1.02913
90 2.0764 1.02692 1.06138
91 2.0996 0.922602 1.091
92 2.1228 0.967286 1.12275
93 2.146 0.942759 1.15437
94 2.1692 1.03941 1.19
95 2.1924 0.978252 1.22425
96 2.2156 1.02429 1.26087
97 2.2388 0.979209 1.29662
98 2.262 1.03972 1.33538
99 2.2852 1.00229 1.3735
100 2.3084 1.03377 1.41363
7500 100
1 0.0116 0 0
2 0.0348 0 0
3 0.058 0 0
4 0.0812 0 0
5 0.1044 0 0
6 0.1276 0 0
7 0.1508 0 0
8 0.174 0 0
9 0.1972 0 0
10 0.2204 0 0
11 0.2436 0 0
12 0.2668 0 0
13 0.29 0 0
14 0.3132 0 0
15 0.3364 0 0
16 0.3596 0 0
17 0.3828 0 0
18 0.406 0 0
19 0.4292 0 0
20 0.4524 0 0
21 0.4756 0 0
22 0.4988 0 0
23 0.522 0 0
24 0.5452 0 0
25 0.5684 0 0
26 0.5916 0 0
27 0.6148 0 0
28 0.638 0 0
29 0.6612 0 0
30 0.6844 0 0
31 0.7076 0 0
32 0.7308 0 0
33 0.754 0 0
34 0.7772 0 0
35 0.8004 0 0
36 0.8236 0 0
37 0.8468 0 0
38 0.87 0 0
39 0.8932 0 0
40 0.9164 0.0408677 0.00025
41 0.9396 0.0388746 0.0005
42 0.9628 0.222143 0.002
43 0.986 0.758994 0.007375
44 1.0092 1.11202 0.015625
45 1.0324 1.23971 0.02525
46 1.0556 1.97123 0.04125
47 1.0788 2.66885 0.063875
48 1.102 2.40222 0.085125
49 1.1252 2.56171 0.10875
50 1.1484 2.15998 0.1295
51 1.1716 2.26282 0.152125
52 1.1948 2.04357 0.173375
53 1.218 1.96646 0.194625
54 1.2412 1.80452 0.214875
55 1.2644 1.76038 0.235375
56 1.2876 2.19435 0.261875
57 1.3108 1.3683 0.279
58 1.334 1.55255 0.299125
59 1.3572 1.15523 0.314625
60 1.3804 1.29684 0.332625
61 1.4036 1.15851 0.34925
62 1.4268 1.26444 0.368
63 1.45 1.23247 0.386875
64 1.4732 1.07535 0.403875
65 1.4964 1.25685 0.424375
66 1.5196 1.09243 0.44275
67 1.5428 1.16797 0.463
68 1.566 1.1826 0.484125
69 1.5892 0.998841 0.5025
70 1.6124 1.01651 0.52175
71 1.6356 1.07127 0.542625
72 1.6588 1.04151 0.5635
73 1.682 1.0797 0.58575
74 1.7052 1.10954 0.60925
75 1.7284 1.02826 0.631625
76 1.7516 1.00679 0.654125
77 1.7748 1.13319 0.680125
78 1.798 0.9555 0.702625
79 1.8212 1.05031 0.728
80 1.8444 1.23593 0.758625
81 1.8676 0.954492 0.782875
82 1.8908 1.04641 0.810125
83 1.914 1.01652 0.83725
84 1.9372 1.05633 0.866125
85 1.9604 1.04041 0.89525
86 1.9836 1.11653 0.92725
87 2.0068 0.963028 0.9555
88 2.03 1.01194 0.985875
89 2.0532 1.09504 1.0195
90 2.0764 1.05478 1.05263
91 2.0996 1.04328 1.08612
92 2.1228 1.02822 1.11987
93 2.146 1.02101 1.15413
94 2.1692 0.991994 1.18812
95 2.1924 1.16748 1.229
96 2.2156 0.936897 1.2625
97 2.2388 1.08192 1.302
98 2.262 1.01289 1.33975
99 2.2852 1.03515 1.37912
100 2.3084 1.12072 1.42262
8000 100
1 0.0116 0 0
2 0.0348 0 0
3 0.058 0 0
4 0.0812 0 0
5 0.1044 0 0
6 0.1276 0 0
7 0.1508 0 0
8 0.174 0 0
9 0.1972 0 0
10 0.2204 0 0
11 0.2436 0 0
12 0.2668 0 0
13 0.29 0 0
14 0.3132 0 0
15 0.3364 0 0
16 0.3596 0 0
17 0.3828 0 0
18 0.406 0 0
19 0.4292 0 0
20 0.4524 0 0
21 0.4756 0 0
22 0.4988 0 0
23 0.522 0 0
24 0.5452 0 0
25 0.5684 0 0
26 0.5916 0 0
27 0.6148 0 0
28 0.638 0 0
29 0.6612 0 0
30 0.6844 0 0
31 0.7076 0 0
32 0.7308 0 0
33 0.754 0 0
34 0.7772 0 0
35 0.8004 0 0
36 0.8236 0 0
37 0.8468 0 0
38 0.87 0 0
39 0.8932 0 0
40 0.9164 0.0204339 0.000125
41 0.9396 0.155498 0.001125
42 0.9628 0.259166 0.002875
43 0.986 0.617786 0.00725
44 1.0092 0.943535 0.01425
45 1.0324 1.46511 0.025625
46 1.0556 1.67863 0.03925
47 1.0788 2.02007 0.056375
48 1.102 2.17613 0.075625
49 1.1252 2.11443 0.095125
50 1.1484 2.31613 0.117375
51 1.1716 2.1753 0.139125
52 1.1948 2.09165 0.160875
53 1.218 1.81608 0.1805
54 1.2412 1.81566 0.200875
55 1.2644 1.76038 0.221375
56 1.2876 1.55261 0.240125
57 1.3108 1.42822 0.258
58 1.334 1.29219 0.27475
59 1.3572 1.26702 0.29175
60 1.3804 1.26982 0.309375
61 1.4036 1.35885 0.328875
62 1.4268 1.18015 0.346375
63 1.45 1.24879 0.3655
64 1.4732 1.1307 0.383375
65 1.4964 1.05759 0.400625
66 1.5196 1.01068 0.417625
67 1.5428 1.06703 0.436125
68 1.566 1.09163 0.455625
69 1.5892 1.03281 0.474625
70 1.6124 1.05611 0.494625
71 1.6356 1.04561 0.515
72 1.6588 1.01033 0.53525
73 1.682 1.01905 0.55625
74 1.7052 1.10364 0.579625
75 1.7284 0.919112 0.599625
76 1.7516 1.06273 0.623375
77 1.7748 1.10595 0.64875
78 1.798 1.13068 0.675375
79 1.8212 1.12792 0.702625
80 1.8444 1.12495 0.7305
81 1.8676 0.969252 0.755125
82 1.8908 1.08001 0.78325
83 1.914 1.11489 0.813
84 1.9372 1.14779 0.844375
85 1.9604 0.977897 0.87175
86 1.9836 1.00749 0.900625
87 2.0068 1.07382 0.932125
88 2.03 1.05774 0.963875
89 2.0532 0.972914 0.99375
90 2.0764 0.999058 1.02513
91 2.0996 1.11724 1.061
92 2.1228 1.09296 1.09688
93 2.146 1.00983 1.13075
94 2.1692 0.940936 1.163
95 2.1924 0.935409 1.19575
96 2.2156 0.982343 1.23087
97 2.2388 0.968937 1.26625
98 2.262 0.949164 1.30163
99 2.2852 0.959565 1.33813
100 2.3084 0.937154 1.3745
8500 100
1 0.0116 0 0
2 0.0348 0 0
3 0.058 0 0
4 0.0812 0 0
5 0.1044 0 0
6 0.1276 0 0
7 0.1508 0 0
8 0.174 0 0
9 0.1972 0 0
10 0.2204 0 0
11 0.2436 0 0
12 0.2668 0 0
13 0.29 0 0
14 0.3132 0 0
15 0.3364 0 0
16 0.3596 0 0
17 0.3828 0 0
18 0.406 0 0
19 0.4292 0 0
20 0.4524 0 0
21 0.4756 0 0
22 0.4988 0 0
23 0.522 0 0
24 0.5452 0 0
25 0.5684 0 0
26 0.5916 0 0
27 0.6148 0 0
28 0.638 0 0
29 0.6612 0 0
30 0.6844 0 0
31 0.7076 0 0
32 0.7308 0 0
33 0.754 0 0
34 0.7772 0 0
35 0.8004 0 0
36 0.8236 0 0
37 0.8468 0 0
38 0.87 0 0
39 0.8932 0 0
40 0.9164 0 0
41 0.9396 0.0583119 0.000375
42 0.9628 0.259166 0.002125
43 0.986 0.582484 0.00625
44 1.0092 1.06148 0.014125
45 1.0324 1.38461 0.024875
46 1.0556 1.57082 0.037625
47 1.0788 2.15277 0.055875
48 1.102 2.07722 0.07425
49 1.1252 2.3313 0.09575
50 1.1484 1.93878 0.114375
51 1.1716 2.07529 0.135125
52 1.1948 2.0075 0.156
53 1.218 1.97803 0.177375
54 1.2412 1.96047 0.199375
55 1.2644 1.59937 0.218
56 1.2876 1.5319 0.2365
57 1.3108 1.54807 0.255875
58 1.334 1.72613 0.27825
59 1.3572 1.3136 0.295875
60 1.3804 1.25181 0.31325
61 1.4036 1.25432 0.33125
62 1.4268 1.20544 0.349125
63 1.45 1.24063 0.368125
64 1.4732 1.07535 0.385125
65 1.4964 1.08825 0.402875
66 1.5196 0.98839 0.4195
67 1.5428 1.21123 0.4405
68 1.566 0.937685 0.45725
69 1.5892 0.978456 0.47525
70 1.6124 1.14192 0.496875
71 1.6356 0.962218 0.515625
72 1.6588 0.979148 0.53525
73 1.682 1.10397 0.558
74 1.7052 0.967899 0.5785
75 1.7284 0.953579 0.59925
76 1.7516 1.03476 0.622375
77 1.7748 1.02968 0.646
78 1.798 1.06167 0.671
79 1.8212 1.09688 0.6975
80 1.8444 1.00892 0.7225
81 1.8676 1.10701 0.750625
82 1.8908 1.07041 0.7785
83 1.914 1.13363 0.80875
84 1.9372 1.10206 0.838875
85 1.9604 1.11632 0.870125
86 1.9836 0.968241 0.897875
87 2.0068 1.07382 0.929375
88 2.03 1.02859 0.96025
89 2.0532 1.09911 0.994
90 2.0764 1.07866 1.02788
91 2.0996 1.12892 1.06412
92 2.1228 1.11961 1.10088
93 2.146 1.14771 1.13938
94 2.1692 1.03576 1.17487
95 2.1924 1.02824 1.21088
96 2.2156 0.982343 1.246
97 2.2388 1.05453 1.2845
98 2.262 1.13698 1.32688
99 2.2852 1.01872 1.36563
100 2.3084 1.03377 1.40575
9000 100
1 0.0116 0 0
2 0.0348 0 0
3 0.058 0 0
4 0.0812 0 0
5 0.1044 0 0
6 0.1276 0 0
7 0.1508 0 0
8 0.174 0 0
9 0.1972 0 0
10 0.2204 0 0
11 0.2436 0 0
12 0.2668 0 0
13 0.29 0 0
14 0.3132 0 0
15 0.3364 0 0
16 0.3596 0 0
17 0.3828 0 0
18 0.406 0 0
19 0.4292 0 0
20 0.4524 0 0
21 0.4756 0 0
22 0.4988 0 0
23 0.522 0 0
24 0.5452 0 0
25 0.5684 0 0
26 0.5916 0 0
27 0.6148 0 0
28 0.638 0 0
29 0.6612 0 0
30 0.6844 0 0
31 0.7076 0 0
32 0.7308 0 0
33 0.754 0 0
34 0.7772 0 0
35 0.8004 0 0
36 0.8236 0 0
37 0.8468 0 0
38 0.87 0 0
39 0.8932 0 0
40 0.9164 0 0
41 0.9396 0.0583119 0.000375
42 0.9628 0.129583 0.00125
43 0.986 0.68839 0.006125
44 1.0092 0.943535 0.013125
45 1.0324 1.27191 0.023
46 1.0556 2.15603 0.0405
47 1.0788 2.21175 0.05925
48 1.102 2.54353 0.08175
49 1.1252 2.38551 0.10375
50 1.1484 2.18601 0.12475
51 1.1716 1.83776 0.143125
52 1.1948 2.01952 0.164125
53 1.218 2.0243 0.186
54 1.2412 1.99389 0.208375
55 1.2644 2.1146 0.233
56 1.2876 1.67681 0.25325
57 1.3108 1.40825 0.270875
58 1.334 1.28255 0.2875
59 1.3572 1.47198 0.30725
60 1.3804 1.35988 0.326125
61 1.4036 1.28917 0.344625
62 1.4268 1.19701 0.362375
63 1.45 1.46917 0.384875
64 1.4732 1.13861 0.402875
65 1.4964 1.13423 0.421375
66 1.5196 1.35253 0.444125
67 1.5428 1.08145 0.462875
68 1.566 1.12662 0.483
69 1.5892 1.12115 0.503625
70 1.6124 1.02311 0.523
71 1.6356 1.16749 0.54575
72 1.6588 0.972911 0.56525
73 1.682 1.0979 0.587875
74 1.7052 1.12135 0.611625
75 1.7284 1.12591 0.636125
76 1.7516 1.06273 0.659875
77 1.7748 1.07326 0.6845
78 1.798 1.10413 0.7105
79 1.8212 0.967529 0.733875
80 1.8444 1.07955 0.760625
81 1.8676 1.25462 0.7925
82 1.8908 1.07041 0.820375
83 1.914 1.04462 0.84825
84 1.9372 1.11578 0.87875
85 1.9604 1.06274 0.9085
86 1.9836 1.12961 0.940875
87 2.0068 1.10791 0.973375
88 2.03 1.12437 1.00713
89 2.0532 1.04619 1.03925
90 2.0764 1.03886 1.07187
91 2.0996 1.13671 1.10837
92 2.1228 1.2034 1.14788
93 2.146 1.05082 1.18313
94 2.1692 0.970112 1.21638
95 2.1924 1.06751 1.25375
96 2.2156 0.943889 1.2875
97 2.2388 1.03399 1.32525
98 2.262 1.04307 1.36413
99 2.2852 1.03515 1.4035
100 2.3084 1.03377 1.44363
9500 100
1 0.0116 0 0
2 0.0348 0 0
3 0.058 0 0
4 0.0812 0 0
5 0.1044 0 0
6 0.1276 0 0
7 0.1508 0 0
8 0.174 0 0
9 0.1972 0 0
10 0.2204 0 0
11 0.2436 0 0
12 0.2668 0 0
13 0.29 0 0
14 0.3132 0 0
15 0.3364 0 0
16 0.3596 0 0
17 0.3828 0 0
18 0.406 0 0
19 0.4292 0 0
20 0.4524 0 0
21 0.4756 0 0
22 0.4988 0 0
23 0.522 0 0
24 0.5452 0 0
25 0.5684 0 0
26 0.5916 0 0
27 0.6148 0 0
28 0.638 0 0
29 0.6612 0 0
30 0.6844 0 0
31 0.7076 0 0
32 0.7308 0 0
33 0.754 0 0
34 0.7772 0 0
35 0.8004 0 0
36 0.8236 0 0
37 0.8468 0 0
38 0.87 0 0
39 0.8932 0 0
40 0.9164 0 0
41 0.9396 0.0971864 0.000625
42 0.9628 0.240654 0.00225
43 0.986 0.441276 0.005375
44 1.0092 1.04463 0.013125
45 1.0324 1.30411 0.02325
46 1.0556 2.26383 0.041625
47 1.0788 2.21175 0.060375
48 1.102 2.31744 0.080875
49 1.1252 2.20931 0.10125
50 1.1484 2.09492 0.121375
51 1.1716 2.60036 0.147375
52 1.1948 2.35611 0.171875
53 1.218 1.71198 0.190375
54 1.2412 1.77111 0.21025
55 1.2644 1.69598 0.23
56 1.2876 1.5112 0.24825
57 1.3108 1.57803 0.268
58 1.334 1.50434 0.2875
59 1.3572 1.62104 0.30925
60 1.3804 1.44994 0.329375
61 1.4036 1.27174 0.347625
62 1.4268 1.29816 0.366875
63 1.45 1.06923 0.38325
64 1.4732 1.27303 0.403375
65 1.4964 1.12657 0.42175
66 1.5196 1.29308 0.4435
67 1.5428 1.22565 0.46475
68 1.566 1.2036 0.48625
69 1.5892 0.985251 0.504375
70 1.6124 1.24753 0.528
71 1.6356 1.12259 0.549875
72 1.6588 1.02904 0.5705
73 1.682 1.10397 0.59325
74 1.7052 1.00921 0.614625
75 1.7284 1.01677 0.63675
76 1.7516 1.01239 0.659375
77 1.7748 1.03512 0.683125
78 1.798 0.992659 0.7065
79 1.8212 1.04514 0.73175
80 1.8444 1.14513 0.760125
81 1.8676 1.04797 0.78675
82 1.8908 1.04161 0.813875
83 1.914 1.03525 0.8415
84 1.9372 0.946586 0.867375
85 1.9604 1.02702 0.896125
86 1.9836 1.00313 0.924875
87 2.0068 0.992857 0.954
88 2.03 1.22432 0.99075
89 2.0532 1.06654 1.0235
90 2.0764 1.05876 1.05675
91 2.0996 0.996566 1.08875
92 2.1228 1.08915 1.1245
93 2.146 1.00238 1.15812
94 2.1692 0.9847 1.19188
95 2.1924 0.981822 1.22625
96 2.2156 0.992831 1.26175
97 2.2388 1.03399 1.2995
98 2.262 0.932394 1.33425
99 2.2852 0.956279 1.37062
100 2.3084 0.995122 1.40925
10000 100
1 0.0116 0 0
2 0.0348 0 0
3 0.058 0 0
4 0.0812 0 0
5 0.1044 0 0
6 0.1276 0 0
7 0.1508 0 0
8 0.174 0 0
9 0.1972 0 0
10 0.2204 0 0
11 0.2436 0 0
12 0.2668 0 0
13 0.29 0 0
14 0.3132 0 0
15 0.3364 0 0
16 0.3596 0 0
17 0.3828 0 0
18 0.406 0 0
19 0.4292 0 0
20 0.4524 0 0
21 0.4756 0 0
22 0.4988 0 0
23 0.522 0 0
24 0.5452 0 0
25 0.5684 0 0
26 0.5916 0 0
27 0.6148 0 0
28 0.638 0 0
29 0.6612 0 0
30 0.6844 0 0
31 0.7076 0 0
32 0.7308 0 0
33 0.754 0 0
34 0.7772 0 0
35 0.8004 0 0
36 0.8236 0 0
37 0.8468 0 0
38 0.87 0 0
39 0.8932 0 0
40 0.9164 0.0204339 0.000125
41 0.9396 0 0.000125
42 0.9628 0.388749 0.00275
43 0.986 0.600135 0.007
44 1.0092 0.909837 0.01375
45 1.0324 1.51341 0.0255
46 1.0556 2.07903 0.042375
47 1.0788 2.03481 0.059625
48 1.102 2.38809 0.08075
49 1.1252 2.34485 0.102375
50 1.1484 2.04288 0.122
51 1.1716 2.06279 0.142625
52 1.1948 2.10367 0.1645
53 1.218 1.90862 0.185125
54 1.2412 1.79338 0.20525
55 1.2644 1.81405 0.226375
56 1.2876 1.4284 0.243625
57 1.3108 1.58802 0.2635
58 1.334 1.67792 0.28525
59 1.3572 1.34155 0.30325
60 1.3804 1.50397 0.324125
61 1.4036 1.42854 0.344625
62 1.4268 1.15486 0.36175
63 1.45 1.30593 0.38175
64 1.4732 1.2493 0.4015
65 1.4964 1.09591 0.419375
66 1.5196 1.23363 0.440125
67 1.5428 1.29774 0.462625
68 1.566 1.08464 0.482
69 1.5892 0.971661 0.499875
70 1.6124 0.996707 0.51875
71 1.6356 0.987877 0.538
72 1.6588 1.06022 0.55925
73 1.682 1.12216 0.582375
74 1.7052 1.02692 0.604125
75 1.7284 1.02251 0.626375
76 1.7516 1.09629 0.650875
77 1.7748 1.14953 0.67725
78 1.798 0.939575 0.699375
79 1.8212 1.06066 0.725
80 1.8444 0.998833 0.74975
81 1.8676 1.15129 0.779
82 1.8908 1.13762 0.808625
83 1.914 1.12426 0.838625
84 1.9372 1.13865 0.86975
85 1.9604 0.991293 0.8975
86 1.9836 1.086 0.928625
87 2.0068 1.11217 0.96125
88 2.03 1.12021 0.994875
89 2.0532 1.07468 1.02788
90 2.0764 0.987117 1.05888
91 2.0996 1.07832 1.0935
92 2.1228 1.01679 1.12687
93 2.146 1.03964 1.16175
94 2.1692 1.02482 1.19687
95 2.1924 0.988962 1.2315
96 2.2156 0.919417 1.26437
97 2.2388 0.91758 1.29787
98 2.262 0.996119 1.335
99 2.2852 0.975996 1.37212
100 2.3084 0.91139 1.4075
