# Time-averaged data for fix rdf
# TimeStep Number-of-rows
# Row c_myRDF[1] c_myRDF[2] c_myRDF[3]
1000 100
1 0.0116 0 0
2 0.0348 0 0
3 0.058 0 0
4 0.0812 0 0
5 0.1044 0 0
6 0.1276 0 0
7 0.1508 0 0
8 0.174 0 0
9 0.1972 0 0
10 0.2204 0 0
11 0.2436 0 0
12 0.2668 0 0
13 0.29 0 0
14 0.3132 0 0
15 0.3364 0 0
16 0.3596 0 0
17 0.3828 0 0
18 0.406 0 0
19 0.4292 0 0
20 0.4524 0 0
21 0.4756 0 0
22 0.4988 0 0
23 0.522 0 0
24 0.5452 0 0
25 0.5684 0 0
26 0.5916 0 0
27 0.6148 0 0
28 0.638 0 0
29 0.6612 0 0
30 0.6844 0 0
31 0.7076 0 0
32 0.7308 0 0
33 0.754 0 0
34 0.7772 0 0
35 0.8004 0 0
36 0.8236 0 0
37 0.8468 0 0
38 0.87 0 0
39 0.8932 0 0
40 0.9164 0.0205237 0.001
41 0.9396 0.175705 0.01
42 0.9628 0.576392 0.041
43 0.986 1.54239 0.128
44 1.0092 3.28305 0.322
45 1.0324 3.5576 0.542
46 1.0556 4.68679 0.845
47 1.0788 4.88725 1.175
48 1.102 5.53521 1.565
49 1.1252 5.29571 1.954
50 1.1484 5.05777 2.341
51 1.1716 4.57065 2.705
52 1.1948 4.28621 3.06
53 1.218 3.71785 3.38
54 1.2412 3.8263 3.722
55 1.2644 2.84624 3.986
56 1.2876 3.09807 4.284
57 1.3108 2.88907 4.572
58 1.334 2.50857 4.831
59 1.3572 2.4329 5.091
60 1.3804 1.96286 5.308
61 1.4036 2.02974 5.54
62 1.4268 1.76107 5.748
63 1.45 1.9921 5.991
64 1.4732 1.93779 6.235
65 1.4964 1.4856 6.428
66 1.5196 1.57494 6.639
67 1.5428 1.57862 6.857
68 1.566 1.44083 7.062
69 1.5892 1.52191 7.285
70 1.6124 1.51821 7.514
71 1.6356 1.48189 7.744
72 1.6588 1.52216 7.987
73 1.682 1.43172 8.222
74 1.7052 1.49973 8.475
75 1.7284 1.56936 8.747
76 1.7516 1.44941 9.005
77 1.7748 1.5814 9.294
78 1.798 1.57284 9.589
79 1.8212 1.58499 9.894
80 1.8444 1.62644 10.215
81 1.8676 1.66535 10.552
82 1.8908 1.69705 10.904
83 1.914 1.6891 11.263
84 1.9372 1.6994 11.633
85 1.9604 1.89712 12.056
86 1.9836 1.85738 12.48
87 2.0068 1.96021 12.938
88 2.03 1.9784 13.411
89 2.0532 1.93803 13.885
90 2.0764 1.96293 14.376
91 2.0996 2.04491 14.899
92 2.1228 2.04253 15.433
93 2.146 2.03229 15.976
94 2.1692 1.8352 16.477
95 2.1924 1.78939 16.976
96 2.2156 1.8399 17.5
97 2.2388 1.97047 18.073
98 2.262 1.71803 18.583
99 2.2852 1.71303 19.102
100 2.3084 1.83726 19.67
1500 100
1 0.0116 0 0
2 0.0348 0 0
3 0.058 0 0
4 0.0812 0 0
5 0.1044 0 0
6 0.1276 0 0
7 0.1508 0 0
8 0.174 0 0
9 0.1972 0 0
10 0.2204 0 0
11 0.2436 0 0
12 0.2668 0 0
13 0.29 0 0
14 0.3132 0 0
15 0.3364 0 0
16 0.3596 0 0
17 0.3828 0 0
18 0.406 0 0
19 0.4292 0 0
20 0.4524 0 0
21 0.4756 0 0
22 0.4988 0 0
23 0.522 0 0
24 0.5452 0 0
25 0.5684 0 0
26 0.5916 0 0
27 0.6148 0 0
28 0.638 0 0
29 0.6612 0 0
30 0.6844 0 0
31 0.7076 0 0
32 0.7308 0 0
33 0.754 0 0
34 0.7772 0 0
35 0.8004 0 0
36 0.8236 0 0
37 0.8468 0 0
38 0.87 0 0
39 0.8932 0 0
40 0.9164 0.0205237 0.001
41 0.9396 0.156182 0.009
42 0.9628 0.427645 0.032
43 0.986 1.04599 0.091
44 1.0092 1.99691 0.209
45 1.0324 3.00779 0.395
46 1.0556 3.37201 0.613
47 1.0788 4.02828 0.885
48 1.102 4.15851 1.178
49 1.1252 3.49871 1.435
50 1.1484 3.69857 1.718
51 1.1716 3.23963 1.976
52 1.1948 3.22371 2.243
53 1.218 2.77677 2.482
54 1.2412 2.797 2.732
55 1.2644 2.55515 2.969
56 1.2876 2.66143 3.225
57 1.3108 2.34737 3.459
58 1.334 2.17926 3.684
59 1.3572 2.10539 3.909
60 1.3804 1.9719 4.127
61 1.4036 1.99474 4.355
62 1.4268 1.79494 4.567
63 1.45 1.61499 4.764
64 1.4732 1.77895 4.988
65 1.4964 1.73962 5.214
66 1.5196 1.45551 5.409
67 1.5428 1.75242 5.651
68 1.566 1.44083 5.856
69 1.5892 1.34447 6.053
70 1.6124 1.49832 6.279
71 1.6356 1.39169 6.495
72 1.6588 1.4282 6.723
73 1.682 1.32815 6.941
74 1.7052 1.3871 7.175
75 1.7284 1.41358 7.42
76 1.7516 1.24717 7.642
77 1.7748 1.46102 7.909
78 1.798 1.45555 8.182
79 1.8212 1.44468 8.46
80 1.8444 1.31737 8.72
81 1.8676 1.44297 9.012
82 1.8908 1.50421 9.324
83 1.914 1.43973 9.63
84 1.9372 1.64429 9.988
85 1.9604 1.4576 10.313
86 1.9836 1.52446 10.661
87 2.0068 1.69913 11.058
88 2.03 1.63124 11.448
89 2.0532 1.54961 11.827
90 2.0764 1.4552 12.191
91 2.0996 1.71256 12.629
92 2.1228 1.55676 13.036
93 2.146 1.64305 13.475
94 2.1692 1.74362 13.951
95 2.1924 1.71767 14.43
96 2.2156 1.59762 14.885
97 2.2388 1.74006 15.391
98 2.262 1.52938 15.845
99 2.2852 1.5447 16.313
100 2.3084 1.49763 16.776
2000 100
1 0.0116 0 0
2 0.0348 0 0
3 0.058 0 0
4 0.0812 0 0
5 0.1044 0 0
6 0.1276 0 0
7 0.1508 0 0
8 0.174 0 0
9 0.1972 0 0
10 0.2204 0 0
11 0.2436 0 0
12 0.2668 0 0
13 0.29 0 0
14 0.3132 0 0
15 0.3364 0 0
16 0.3596 0 0
17 0.3828 0 0
18 0.406 0 0
19 0.4292 0 0
20 0.4524 0 0
21 0.4756 0 0
22 0.4988 0 0
23 0.522 0 0
24 0.5452 0 0
25 0.5684 0 0
26 0.5916 0 0
27 0.6148 0 0
28 0.638 0 0
29 0.6612 0 0
30 0.6844 0 0
31 0.7076 0 0
32 0.7308 0 0
33 0.754 0 0
34 0.7772 0 0
35 0.8004 0 0
36 0.8236 0 0
37 0.8468 0 0
38 0.87 0 0
39 0.8932 0 0
40 0.9164 0.0205237 0.001
41 0.9396 0.117137 0.007
42 0.9628 0.353272 0.026
43 0.986 1.34738 0.102
44 1.0092 1.79383 0.208
45 1.0324 2.70054 0.375
46 1.0556 3.34108 0.591
47 1.0788 3.58398 0.833
48 1.102 3.56241 1.084
49 1.1252 3.19921 1.319
50 1.1484 3.51561 1.588
51 1.1716 3.21452 1.844
52 1.1948 2.98224 2.091
53 1.218 2.8 2.332
54 1.2412 2.88651 2.59
55 1.2644 2.2964 2.803
56 1.2876 2.27677 3.022
57 1.3108 2.1668 3.238
58 1.334 1.85963 3.43
59 1.3572 1.72174 3.614
60 1.3804 1.75481 3.808
61 1.4036 1.74103 4.007
62 1.4268 1.7018 4.208
63 1.45 1.63958 4.408
64 1.4732 1.636 4.614
65 1.4964 1.52409 4.812
66 1.5196 1.53016 5.017
67 1.5428 1.40483 5.211
68 1.566 1.39866 5.41
69 1.5892 1.39224 5.614
70 1.6124 1.33921 5.816
71 1.6356 1.34014 6.024
72 1.6588 1.57227 6.275
73 1.682 1.35252 6.497
74 1.7052 1.23891 6.706
75 1.7284 1.42512 6.953
76 1.7516 1.25841 7.177
77 1.7748 1.23667 7.403
78 1.798 1.49287 7.683
79 1.8212 1.31996 7.937
80 1.8444 1.3731 8.208
81 1.8676 1.54181 8.52
82 1.8908 1.26315 8.782
83 1.914 1.37386 9.074
84 1.9372 1.41464 9.382
85 1.9604 1.4262 9.7
86 1.9836 1.52008 10.047
87 2.0068 1.51509 10.401
88 2.03 1.57686 10.778
89 2.0532 1.53734 11.154
90 2.0764 1.51917 11.534
91 2.0996 1.55616 11.932
92 2.1228 1.41141 12.301
93 2.146 1.54574 12.714
94 2.1692 1.53483 13.133
95 2.1924 1.52403 13.558
96 2.2156 1.42206 13.963
97 2.2388 1.40306 14.371
98 2.262 1.54959 14.831
99 2.2852 1.39287 15.253
100 2.3084 1.34237 15.668
2500 100
1 0.0116 0 0
2 0.0348 0 0
3 0.058 0 0
4 0.0812 0 0
5 0.1044 0 0
6 0.1276 0 0
7 0.1508 0 0
8 0.174 0 0
9 0.1972 0 0
10 0.2204 0 0
11 0.2436 0 0
12 0.2668 0 0
13 0.29 0 0
14 0.3132 0 0
15 0.3364 0 0
16 0.3596 0 0
17 0.3828 0 0
18 0.406 0 0
19 0.4292 0 0
20 0.4524 0 0
21 0.4756 0 0
22 0.4988 0 0
23 0.522 0 0
24 0.5452 0 0
25 0.5684 0 0
26 0.5916 0 0
27 0.6148 0 0
28 0.638 0 0
29 0.6612 0 0
30 0.6844 0 0
31 0.7076 0 0
32 0.7308 0 0
33 0.754 0 0
34 0.7772 0 0
35 0.8004 0 0
36 0.8236 0 0
37 0.8468 0 0
38 0.87 0 0
39 0.8932 0 0
40 0.9164 0 0
41 0.9396 0.078091 0.004
42 0.9628 0.371866 0.024
43 0.986 0.975075 0.079
44 1.0092 1.60768 0.174
45 1.0324 2.31244 0.317
46 1.0556 3.07812 0.516
47 1.0788 3.1545 0.729
48 1.102 3.26436 0.959
49 1.1252 3.594 1.223
50 1.1484 2.7968 1.437
51 1.1716 2.93827 1.671
52 1.1948 2.89772 1.911
53 1.218 2.57926 2.133
54 1.2412 2.55087 2.361
55 1.2644 2.58749 2.601
56 1.2876 2.40153 2.832
57 1.3108 2.19689 3.051
58 1.334 2.00492 3.258
59 1.3572 1.96503 3.468
60 1.3804 2.00808 3.69
61 1.4036 1.85476 3.902
62 1.4268 1.45627 4.074
63 1.45 1.72156 4.284
64 1.4732 1.56453 4.481
65 1.4964 1.47021 4.672
66 1.5196 1.2913 4.845
67 1.5428 1.33966 5.03
68 1.566 1.19483 5.2
69 1.5892 1.41272 5.407
70 1.6124 1.28617 5.601
71 1.6356 1.48189 5.831
72 1.6588 1.09621 6.006
73 1.682 1.27332 6.215
74 1.7052 1.2804 6.431
75 1.7284 1.25203 6.648
76 1.7516 1.08987 6.842
77 1.7748 1.28044 7.076
78 1.798 1.34358 7.328
79 1.8212 1.24721 7.568
80 1.8444 1.3123 7.827
81 1.8676 1.29472 8.089
82 1.8908 1.28725 8.356
83 1.914 1.21389 8.614
84 1.9372 1.19877 8.875
85 1.9604 1.37687 9.182
86 1.9836 1.32733 9.485
87 2.0068 1.27542 9.783
88 2.03 1.39282 10.116
89 2.0532 1.39832 10.458
90 2.0764 1.38324 10.804
91 2.0996 1.46232 11.178
92 2.1228 1.47261 11.563
93 2.146 1.30246 11.911
94 2.1692 1.4982 12.32
95 2.1924 1.29812 12.682
96 2.2156 1.37641 13.074
97 2.2388 1.42025 13.487
98 2.262 1.51254 13.936
99 2.2852 1.38626 14.356
100 2.3084 1.45558 14.806
3000 100
1 0.0116 0 0
2 0.0348 0 0
3 0.058 0 0
4 0.0812 0 0
5 0.1044 0 0
6 0.1276 0 0
7 0.1508 0 0
8 0.174 0 0
9 0.1972 0 0
10 0.2204 0 0
11 0.2436 0 0
12 0.2668 0 0
13 0.29 0 0
14 0.3132 0 0
15 0.3364 0 0
16 0.3596 0 0
17 0.3828 0 0
18 0.406 0 0
19 0.4292 0 0
20 0.4524 0 0
21 0.4756 0 0
22 0.4988 0 0
23 0.522 0 0
24 0.5452 0 0
25 0.5684 0 0
26 0.5916 0 0
27 0.6148 0 0
28 0.638 0 0
29 0.6612 0 0
30 0.6844 0 0
31 0.7076 0 0
32 0.7308 0 0
33 0.754 0 0
34 0.7772 0 0
35 0.8004 0 0
36 0.8236 0 0
37 0.8468 0 0
38 0.87 0 0
39 0.8932 0 0
40 0.9164 0.0205237 0.001
41 0.9396 0.136659 0.008
42 0.9628 0.409052 0.03
43 0.986 0.90416 0.081
44 1.0092 1.72614 0.183
45 1.0324 2.23159 0.321
46 1.0556 2.87704 0.507
47 1.0788 2.90273 0.703
48 1.102 3.23597 0.931
49 1.1252 3.34896 1.177
50 1.1484 2.9667 1.404
51 1.1716 3.17685 1.657
52 1.1948 2.25781 1.844
53 1.218 2.37013 2.048
54 1.2412 2.72987 2.292
55 1.2644 2.1239 2.489
56 1.2876 2.18321 2.699
57 1.3108 2.10661 2.909
58 1.334 1.71435 3.086
59 1.3572 1.74046 3.272
60 1.3804 1.70959 3.461
61 1.4036 1.60105 3.644
62 1.4268 1.71874 3.847
63 1.45 1.23789 3.998
64 1.4732 1.46128 4.182
65 1.4964 1.37784 4.361
66 1.5196 1.35102 4.542
67 1.5428 1.42655 4.739
68 1.566 1.34243 4.93
69 1.5892 1.12608 5.095
70 1.6124 1.27954 5.288
71 1.6356 1.23061 5.479
72 1.6588 1.49084 5.717
73 1.682 1.18802 5.912
74 1.7052 1.43452 6.154
75 1.7284 1.13086 6.35
76 1.7516 1.21346 6.566
77 1.7748 1.20931 6.787
78 1.798 1.2796 7.027
79 1.8212 1.30437 7.278
80 1.8444 1.31737 7.538
81 1.8676 1.1613 7.773
82 1.8908 1.30654 8.044
83 1.914 1.16214 8.291
84 1.9372 1.36871 8.589
85 1.9604 1.25578 8.869
86 1.9836 1.32295 9.171
87 2.0068 1.3011 9.475
88 2.03 1.37191 9.803
89 2.0532 1.48828 10.167
90 2.0764 1.29529 10.491
91 2.0996 1.35284 10.837
92 2.1228 1.38463 11.199
93 2.146 1.33615 11.556
94 2.1692 1.34801 11.924
95 2.1924 1.41287 12.318
96 2.2156 1.42206 12.723
97 2.2388 1.42713 13.138
98 2.262 1.3441 13.537
99 2.2852 1.42917 13.97
100 2.3084 1.36178 14.391
3500 100
1 0.0116 0 0
2 0.0348 0 0
3 0.058 0 0
4 0.0812 0 0
5 0.1044 0 0
6 0.1276 0 0
7 0.1508 0 0
8 0.174 0 0
9 0.1972 0 0
10 0.2204 0 0
11 0.2436 0 0
12 0.2668 0 0
13 0.29 0 0
14 0.3132 0 0
15 0.3364 0 0
16 0.3596 0 0
17 0.3828 0 0
18 0.406 0 0
19 0.4292 0 0
20 0.4524 0 0
21 0.4756 0 0
22 0.4988 0 0
23 0.522 0 0
24 0.5452 0 0
25 0.5684 0 0
26 0.5916 0 0
27 0.6148 0 0
28 0.638 0 0
29 0.6612 0 0
30 0.6844 0 0
31 0.7076 0 0
32 0.7308 0 0
33 0.754 0 0
34 0.7772 0 0
35 0.8004 0 0
36 0.8236 0 0
37 0.8468 0 0
38 0.87 0 0
39 0.8932 0 0
40 0.9164 0.0410474 0.002
41 0.9396 0.136659 0.009
42 0.9628 0.502018 0.036
43 0.986 0.939617 0.089
44 1.0092 1.4046 0.172
45 1.0324 2.18307 0.307
46 1.0556 2.30472 0.456
47 1.0788 2.91754 0.653
48 1.102 3.06566 0.869
49 1.1252 2.87248 1.08
50 1.1484 3.20195 1.325
51 1.1716 2.68714 1.539
52 1.1948 2.51136 1.747
53 1.218 2.69544 1.979
54 1.2412 2.22641 2.178
55 1.2644 2.31796 2.393
56 1.2876 1.89211 2.575
57 1.3108 1.75551 2.75
58 1.334 1.71435 2.927
59 1.3572 1.6656 3.105
60 1.3804 1.61913 3.284
61 1.4036 1.50481 3.456
62 1.4268 1.48167 3.631
63 1.45 1.52481 3.817
64 1.4732 1.55658 4.013
65 1.4964 1.34705 4.188
66 1.5196 1.33609 4.367
67 1.5428 1.45552 4.568
68 1.566 1.44785 4.774
69 1.5892 1.37177 4.975
70 1.6124 1.36572 5.181
71 1.6356 1.22417 5.371
72 1.6588 1.43446 5.6
73 1.682 1.27941 5.81
74 1.7052 1.10849 5.997
75 1.7284 1.37319 6.235
76 1.7516 1.41009 6.486
77 1.7748 1.20383 6.706
78 1.798 1.21562 6.934
79 1.8212 1.22642 7.17
80 1.8444 1.3123 7.429
81 1.8676 1.21566 7.675
82 1.8908 1.33546 7.952
83 1.914 1.26565 8.221
84 1.9372 1.32737 8.51
85 1.9604 1.30511 8.801
86 1.9836 1.29666 9.097
87 2.0068 1.32678 9.407
88 2.03 1.28826 9.715
89 2.0532 1.21433 10.012
90 2.0764 1.31528 10.341
91 2.0996 1.36066 10.689
92 2.1228 1.42671 11.062
93 2.146 1.39603 11.435
94 2.1692 1.25643 11.778
95 2.1924 1.28377 12.136
96 2.2156 1.28512 12.502
97 2.2388 1.4512 12.924
98 2.262 1.24641 13.294
99 2.2852 1.23444 13.668
100 2.3084 1.23562 14.05
4000 100
1 0.0116 0 0
2 0.0348 0 0
3 0.058 0 0
4 0.0812 0 0
5 0.1044 0 0
6 0.1276 0 0
7 0.1508 0 0
8 0.174 0 0
9 0.1972 0 0
10 0.2204 0 0
11 0.2436 0 0
12 0.2668 0 0
13 0.29 0 0
14 0.3132 0 0
15 0.3364 0 0
16 0.3596 0 0
17 0.3828 0 0
18 0.406 0 0
19 0.4292 0 0
20 0.4524 0 0
21 0.4756 0 0
22 0.4988 0 0
23 0.522 0 0
24 0.5452 0 0
25 0.5684 0 0
26 0.5916 0 0
27 0.6148 0 0
28 0.638 0 0
29 0.6612 0 0
30 0.6844 0 0
31 0.7076 0 0
32 0.7308 0 0
33 0.754 0 0
34 0.7772 0 0
35 0.8004 0 0
36 0.8236 0 0
37 0.8468 0 0
38 0.87 0 0
39 0.8932 0 0
40 0.9164 0.0615711 0.003
41 0.9396 0.0390455 0.005
42 0.9628 0.353272 0.024
43 0.986 0.797788 0.069
44 1.0092 1.43845 0.154
45 1.0324 2.05371 0.281
46 1.0556 2.44394 0.439
47 1.0788 2.68058 0.62
48 1.102 2.96631 0.829
49 1.1252 2.92693 1.044
50 1.1484 3.08432 1.28
51 1.1716 2.71225 1.496
52 1.1948 2.72869 1.722
53 1.218 2.31204 1.921
54 1.2412 2.19285 2.117
55 1.2644 1.97296 2.3
56 1.2876 2.08964 2.501
57 1.3108 1.88592 2.689
58 1.334 1.86932 2.882
59 1.3572 1.76853 3.071
60 1.3804 1.80908 3.271
61 1.4036 1.61854 3.456
62 1.4268 1.43934 3.626
63 1.45 1.5904 3.82
64 1.4732 1.5407 4.014
65 1.4964 1.25468 4.177
66 1.5196 1.38087 4.362
67 1.5428 1.41207 4.557
68 1.566 1.36351 4.751
69 1.5892 1.33764 4.947
70 1.6124 1.13368 5.118
71 1.6356 1.23061 5.309
72 1.6588 1.37809 5.529
73 1.682 1.16365 5.72
74 1.7052 1.07293 5.901
75 1.7284 1.15394 6.101
76 1.7516 1.31459 6.335
77 1.7748 1.33516 6.579
78 1.798 1.13565 6.792
79 1.8212 1.25241 7.033
80 1.8444 1.17043 7.264
81 1.8676 1.21566 7.51
82 1.8908 1.03655 7.725
83 1.914 1.26094 7.993
84 1.9372 1.19418 8.253
85 1.9604 1.37239 8.559
86 1.9836 1.27038 8.849
87 2.0068 1.22834 9.136
88 2.03 1.351 9.459
89 2.0532 1.10394 9.729
90 2.0764 1.36325 10.07
91 2.0996 1.3372 10.412
92 2.1228 1.32344 10.758
93 2.146 1.31743 11.11
94 2.1692 1.29307 11.463
95 2.1924 1.23357 11.807
96 2.2156 1.3097 12.18
97 2.2388 1.27926 12.552
98 2.262 1.20936 12.911
99 2.2852 1.30705 13.307
100 2.3084 1.28091 13.703
4500 100
1 0.0116 0 0
2 0.0348 0 0
3 0.058 0 0
4 0.0812 0 0
5 0.1044 0 0
6 0.1276 0 0
7 0.1508 0 0
8 0.174 0 0
9 0.1972 0 0
10 0.2204 0 0
11 0.2436 0 0
12 0.2668 0 0
13 0.29 0 0
14 0.3132 0 0
15 0.3364 0 0
16 0.3596 0 0
17 0.3828 0 0
18 0.406 0 0
19 0.4292 0 0
20 0.4524 0 0
21 0.4756 0 0
22 0.4988 0 0
23 0.522 0 0
24 0.5452 0 0
25 0.5684 0 0
26 0.5916 0 0
27 0.6148 0 0
28 0.638 0 0
29 0.6612 0 0
30 0.6844 0 0
31 0.7076 0 0
32 0.7308 0 0
33 0.754 0 0
34 0.7772 0 0
35 0.8004 0 0
36 0.8236 0 0
37 0.8468 0 0
38 0.87 0 0
39 0.8932 0 0
40 0.9164 0 0
41 0.9396 0.0195228 0.001
42 0.9628 0.297492 0.017
43 0.986 0.726874 0.058
44 1.0092 1.69229 0.158
45 1.0324 2.40947 0.307
46 1.0556 2.44394 0.465
47 1.0788 3.0064 0.668
48 1.102 3.36371 0.905
49 1.1252 3.07668 1.131
50 1.1484 3.00591 1.361
51 1.1716 2.74992 1.58
52 1.1948 2.60795 1.796
53 1.218 2.43984 2.006
54 1.2412 2.10335 2.194
55 1.2644 2.22093 2.4
56 1.2876 1.89211 2.582
57 1.3108 1.4646 2.728
58 1.334 1.83058 2.917
59 1.3572 1.71239 3.1
60 1.3804 1.4925 3.265
61 1.4036 1.60979 3.449
62 1.4268 1.59174 3.637
63 1.45 1.43464 3.812
64 1.4732 1.4454 3.994
65 1.4964 1.44711 4.182
66 1.5196 1.3137 4.358
67 1.5428 1.18759 4.522
68 1.566 1.24403 4.699
69 1.5892 1.26257 4.884
70 1.6124 0.921533 5.023
71 1.6356 1.35303 5.233
72 1.6588 1.05862 5.402
73 1.682 1.09664 5.582
74 1.7052 1.13813 5.774
75 1.7284 1.13086 5.97
76 1.7516 1.25279 6.193
77 1.7748 1.13817 6.401
78 1.798 1.14631 6.616
79 1.8212 1.40311 6.886
80 1.8444 1.27176 7.137
81 1.8676 1.23542 7.387
82 1.8908 1.21011 7.638
83 1.914 1.27976 7.91
84 1.9372 1.27685 8.188
85 1.9604 1.23335 8.463
86 1.9836 1.24848 8.748
87 2.0068 1.3225 9.057
88 2.03 1.351 9.38
89 2.0532 1.41059 9.725
90 2.0764 1.32328 10.056
91 2.0996 1.30201 10.389
92 2.1228 1.25076 10.716
93 2.146 1.30246 11.064
94 2.1692 1.38831 11.443
95 2.1924 1.34832 11.819
96 2.2156 1.22192 12.167
97 2.2388 1.28613 12.541
98 2.262 1.28684 12.923
99 2.2852 1.25754 13.304
100 2.3084 1.22916 13.684
5000 100
1 0.0116 0 0
2 0.0348 0 0
3 0.058 0 0
4 0.0812 0 0
5 0.1044 0 0
6 0.1276 0 0
7 0.1508 0 0
8 0.174 0 0
9 0.1972 0 0
10 0.2204 0 0
11 0.2436 0 0
12 0.2668 0 0
13 0.29 0 0
14 0.3132 0 0
15 0.3364 0 0
16 0.3596 0 0
17 0.3828 0 0
18 0.406 0 0
19 0.4292 0 0
20 0.4524 0 0
21 0.4756 0 0
22 0.4988 0 0
23 0.522 0 0
24 0.5452 0 0
25 0.5684 0 0
26 0.5916 0 0
27 0.6148 0 0
28 0.638 0 0
29 0.6612 0 0
30 0.6844 0 0
31 0.7076 0 0
32 0.7308 0 0
33 0.754 0 0
34 0.7772 0 0
35 0.8004 0 0
36 0.8236 0 0
37 0.8468 0 0
38 0.87 0 0
39 0.8932 0 0
40 0.9164 0 0
41 0.9396 0.0390455 0.002
42 0.9628 0.483425 0.028
43 0.986 0.921889 0.08
44 1.0092 1.38768 0.162
45 1.0324 2.32861 0.306
46 1.0556 2.67596 0.479
47 1.0788 2.93235 0.677
48 1.102 2.79599 0.874
49 1.1252 2.995 1.094
50 1.1484 3.11046 1.332
51 1.1716 2.88805 1.562
52 1.1948 2.70454 1.786
53 1.218 2.37013 1.99
54 1.2412 2.18166 2.185
55 1.2644 2.10234 2.38
56 1.2876 2.05845 2.578
57 1.3108 1.98623 2.776
58 1.334 1.79184 2.961
59 1.3572 1.63753 3.136
60 1.3804 1.76386 3.331
61 1.4036 1.52231 3.505
62 1.4268 1.46474 3.678
63 1.45 1.35266 3.843
64 1.4732 1.3501 4.013
65 1.4964 1.36244 4.19
66 1.5196 1.35848 4.372
67 1.5428 1.20207 4.538
68 1.566 1.16672 4.704
69 1.5892 1.22162 4.883
70 1.6124 1.14031 5.055
71 1.6356 1.19195 5.24
72 1.6588 1.19643 5.431
73 1.682 1.12101 5.615
74 1.7052 0.901022 5.767
75 1.7284 1.09048 5.956
76 1.7516 1.24155 6.177
77 1.7748 1.16006 6.389
78 1.798 1.15697 6.606
79 1.8212 1.16406 6.83
80 1.8444 1.2211 7.071
81 1.8676 1.20083 7.314
82 1.8908 1.18119 7.559
83 1.914 1.27035 7.829
84 1.9372 1.19418 8.089
85 1.9604 1.15711 8.347
86 1.9836 1.26162 8.635
87 2.0068 1.31394 8.942
88 2.03 1.36773 9.269
89 2.0532 1.27975 9.582
90 2.0764 1.32328 9.913
91 2.0996 1.36848 10.263
92 2.1228 1.20486 10.578
93 2.146 1.31369 10.929
94 2.1692 1.49453 11.337
95 2.1924 1.29453 11.698
96 2.2156 1.44664 12.11
97 2.2388 1.44776 12.531
98 2.262 1.29357 12.915
99 2.2852 1.37966 13.333
100 2.3084 1.26797 13.725
5500 100
1 0.0116 0 0
2 0.0348 0 0
3 0.058 0 0
4 0.0812 0 0
5 0.1044 0 0
6 0.1276 0 0
7 0.1508 0 0
8 0.174 0 0
9 0.1972 0 0
10 0.2204 0 0
11 0.2436 0 0
12 0.2668 0 0
13 0.29 0 0
14 0.3132 0 0
15 0.3364 0 0
16 0.3596 0 0
17 0.3828 0 0
18 0.406 0 0
19 0.4292 0 0
20 0.4524 0 0
21 0.4756 0 0
22 0.4988 0 0
23 0.522 0 0
24 0.5452 0 0
25 0.5684 0 0
26 0.5916 0 0
27 0.6148 0 0
28 0.638 0 0
29 0.6612 0 0
30 0.6844 0 0
31 0.7076 0 0
32 0.7308 0 0
33 0.754 0 0
34 0.7772 0 0
35 0.8004 0 0
36 0.8236 0 0
37 0.8468 0 0
38 0.87 0 0
39 0.8932 0.0216037 0.001
40 0.9164 0.0205237 0.002
41 0.9396 0.136659 0.009
42 0.9628 0.390459 0.03
43 0.986 0.975075 0.085
44 1.0092 1.59076 0.179
45 1.0324 2.24776 0.318
46 1.0556 3.10906 0.519
47 1.0788 3.24336 0.738
48 1.102 3.54821 0.988
49 1.1252 3.43064 1.24
50 1.1484 2.94056 1.465
51 1.1716 2.96339 1.701
52 1.1948 2.90979 1.942
53 1.218 2.69544 2.174
54 1.2412 2.59562 2.406
55 1.2644 2.22093 2.612
56 1.2876 2.25598 2.829
57 1.3108 2.0063 3.029
58 1.334 1.55938 3.19
59 1.3572 1.78725 3.381
60 1.3804 1.56486 3.554
61 1.4036 1.5573 3.732
62 1.4268 1.63407 3.925
63 1.45 1.34446 4.089
64 1.4732 1.1039 4.228
65 1.4964 1.30856 4.398
66 1.5196 1.2092 4.56
67 1.5428 1.27448 4.736
68 1.566 1.1878 4.905
69 1.5892 1.07148 5.062
70 1.6124 1.21987 5.246
71 1.6356 1.34014 5.454
72 1.6588 1.14005 5.636
73 1.682 1.23676 5.839
74 1.7052 1.10849 6.026
75 1.7284 1.18279 6.231
76 1.7516 1.10672 6.428
77 1.7748 1.29139 6.664
78 1.798 1.08233 6.867
79 1.8212 1.16926 7.092
80 1.8444 1.34777 7.358
81 1.8676 1.15141 7.591
82 1.8908 1.29689 7.86
83 1.914 1.13391 8.101
84 1.9372 1.29063 8.382
85 1.9604 1.43966 8.703
86 1.9836 1.31419 9.003
87 2.0068 1.41237 9.333
88 2.03 1.4221 9.673
89 2.0532 1.3697 10.008
90 2.0764 1.4592 10.373
91 2.0996 1.33329 10.714
92 2.1228 1.36933 11.072
93 2.146 1.4634 11.463
94 2.1692 1.34435 11.83
95 2.1924 1.41645 12.225
96 2.2156 1.33779 12.606
97 2.2388 1.26206 12.973
98 2.262 1.28684 13.355
99 2.2852 1.30705 13.751
100 2.3084 1.32619 14.161
6000 100
1 0.0116 0 0
2 0.0348 0 0
3 0.058 0 0
4 0.0812 0 0
5 0.1044 0 0
6 0.1276 0 0
7 0.1508 0 0
8 0.174 0 0
9 0.1972 0 0
10 0.2204 0 0
11 0.2436 0 0
12 0.2668 0 0
13 0.29 0 0
14 0.3132 0 0
15 0.3364 0 0
16 0.3596 0 0
17 0.3828 0 0
18 0.406 0 0
19 0.4292 0 0
20 0.4524 0 0
21 0.4756 0 0
22 0.4988 0 0
23 0.522 0 0
24 0.5452 0 0
25 0.5684 0 0
26 0.5916 0 0
27 0.6148 0 0
28 0.638 0 0
29 0.6612 0 0
30 0.6844 0 0
31 0.7076 0 0
32 0.7308 0 0
33 0.754 0 0
34 0.7772 0 0
35 0.8004 0 0
36 0.8236 0 0
37 0.8468 0 0
38 0.87 0 0
39 0.8932 0 0
40 0.9164 0 0
41 0.9396 0.117137 0.006
42 0.9628 0.353272 0.025
43 0.986 0.850974 0.073
44 1.0092 1.59076 0.167
45 1.0324 2.40947 0.316
46 1.0556 2.58315 0.483
47 1.0788 2.75463 0.669
48 1.102 3.30694 0.902
49 1.1252 3.24005 1.14
50 1.1484 2.87522 1.36
51 1.1716 2.5239 1.561
52 1.1948 2.5355 1.771
53 1.218 2.45145 1.982
54 1.2412 2.27117 2.185
55 1.2644 2.17781 2.387
56 1.2876 1.85053 2.565
57 1.3108 1.79563 2.744
58 1.334 1.85963 2.936
59 1.3572 1.75917 3.124
60 1.3804 1.75481 3.318
61 1.4036 1.5573 3.496
62 1.4268 1.53247 3.677
63 1.45 1.27888 3.833
64 1.4732 1.35804 4.004
65 1.4964 1.09303 4.146
66 1.5196 1.3137 4.322
67 1.5428 1.19483 4.487
68 1.566 1.30729 4.673
69 1.5892 1.27622 4.86
70 1.6124 1.2928 5.055
71 1.6356 1.10175 5.226
72 1.6588 1.26533 5.428
73 1.682 1.15147 5.617
74 1.7052 1.05514 5.795
75 1.7284 1.17125 5.998
76 1.7516 1.21346 6.214
77 1.7748 1.19836 6.433
78 1.798 1.2796 6.673
79 1.8212 1.20564 6.905
80 1.8444 1.30723 7.163
81 1.8676 1.15141 7.396
82 1.8908 1.34029 7.674
83 1.914 1.3127 7.953
84 1.9372 1.23092 8.221
85 1.9604 1.35893 8.524
86 1.9836 1.36675 8.836
87 2.0068 1.38242 9.159
88 2.03 1.28826 9.467
89 2.0532 1.29611 9.784
90 2.0764 1.4672 10.151
91 2.0996 1.38412 10.505
92 2.1228 1.46496 10.888
93 2.146 1.32866 11.243
94 2.1692 1.2601 11.587
95 2.1924 1.42721 11.985
96 2.2156 1.25352 12.342
97 2.2388 1.34116 12.732
98 2.262 1.31715 13.123
99 2.2852 1.34996 13.532
100 2.3084 1.35207 13.95
6500 100
1 0.0116 0 0
2 0.0348 0 0
3 0.058 0 0
4 0.0812 0 0
5 0.1044 0 0
6 0.1276 0 0
7 0.1508 0 0
8 0.174 0 0
9 0.1972 0 0
10 0.2204 0 0
11 0.2436 0 0
12 0.2668 0 0
13 0.29 0 0
14 0.3132 0 0
15 0.3364 0 0
16 0.3596 0 0
17 0.3828 0 0
18 0.406 0 0
19 0.4292 0 0
20 0.4524 0 0
21 0.4756 0 0
22 0.4988 0 0
23 0.522 0 0
24 0.5452 0 0
25 0.5684 0 0
26 0.5916 0 0
27 0.6148 0 0
28 0.638 0 0
29 0.6612 0 0
30 0.6844 0 0
31 0.7076 0 0
32 0.7308 0 0
33 0.754 0 0
34 0.7772 0 0
35 0.8004 0 0
36 0.8236 0 0
37 0.8468 0 0
38 0.87 0 0
39 0.8932 0 0
40 0.9164 0.0205237 0.001
41 0.9396 0.156182 0.009
42 0.9628 0.390459 0.03
43 0.986 0.886432 0.08
44 1.0092 1.48922 0.168
45 1.0324 1.74646 0.276
46 1.0556 2.66049 0.448
47 1.0788 3.22855 0.666
48 1.102 2.81019 0.864
49 1.1252 3.14475 1.095
50 1.1484 2.88829 1.316
51 1.1716 3.11407 1.564
52 1.1948 2.55965 1.776
53 1.218 2.57926 1.998
54 1.2412 2.32711 2.206
55 1.2644 2.31796 2.421
56 1.2876 2.1936 2.632
57 1.3108 1.87589 2.819
58 1.334 1.76278 3.001
59 1.3572 1.80596 3.194
60 1.3804 1.68245 3.38
61 1.4036 1.5398 3.556
62 1.4268 1.61714 3.747
63 1.45 1.50842 3.931
64 1.4732 1.22303 4.085
65 1.4964 1.46251 4.275
66 1.5196 1.26145 4.444
67 1.5428 1.35414 4.631
68 1.566 1.16672 4.797
69 1.5892 1.42636 5.006
70 1.6124 1.30606 5.203
71 1.6356 1.16618 5.384
72 1.6588 1.14632 5.567
73 1.682 1.13319 5.753
74 1.7052 1.20927 5.957
75 1.7284 1.16548 6.159
76 1.7516 1.05616 6.347
77 1.7748 1.05609 6.54
78 1.798 1.19963 6.765
79 1.8212 1.2576 7.007
80 1.8444 1.2363 7.251
81 1.8676 1.13165 7.48
82 1.8908 1.1378 7.716
83 1.914 1.19037 7.969
84 1.9372 1.22173 8.235
85 1.9604 1.34996 8.536
86 1.9836 1.36237 8.847
87 2.0068 1.22406 9.133
88 2.03 1.4472 9.479
89 2.0532 1.21025 9.775
90 2.0764 1.25531 10.089
91 2.0996 1.50924 10.475
92 2.1228 1.50321 10.868
93 2.146 1.34363 11.227
94 2.1692 1.46157 11.626
95 2.1924 1.36266 12.006
96 2.2156 1.35183 12.391
97 2.2388 1.41337 12.802
98 2.262 1.26662 13.178
99 2.2852 1.44238 13.615
100 2.3084 1.38442 14.043
7000 100
1 0.0116 0 0
2 0.0348 0 0
3 0.058 0 0
4 0.0812 0 0
5 0.1044 0 0
6 0.1276 0 0
7 0.1508 0 0
8 0.174 0 0
9 0.1972 0 0
10 0.2204 0 0
11 0.2436 0 0
12 0.2668 0 0
13 0.29 0 0
14 0.3132 0 0
15 0.3364 0 0
16 0.3596 0 0
17 0.3828 0 0
18 0.406 0 0
19 0.4292 0 0
20 0.4524 0 0
21 0.4756 0 0
22 0.4988 0 0
23 0.522 0 0
24 0.5452 0 0
25 0.5684 0 0
26 0.5916 0 0
27 0.6148 0 0
28 0.638 0 0
29 0.6612 0 0
30 0.6844 0 0
31 0.7076 0 0
32 0.7308 0 0
33 0.754 0 0
34 0.7772 0 0
35 0.8004 0 0
36 0.8236 0 0
37 0.8468 0 0
38 0.87 0 0
39 0.8932 0 0
40 0.9164 0.0205237 0.001
41 0.9396 0.0585683 0.004
42 0.9628 0.390459 0.025
43 0.986 0.585045 0.058
44 1.0092 1.11691 0.124
45 1.0324 1.90817 0.242
46 1.0556 2.27379 0.389
47 1.0788 3.0064 0.592
48 1.102 2.89534 0.796
49 1.1252 2.77718 1
50 1.1484 3.07125 1.235
51 1.1716 2.36066 1.423
52 1.1948 2.66832 1.644
53 1.218 2.31204 1.843
54 1.2412 2.34948 2.053
55 1.2644 2.1239 2.25
56 1.2876 2.26638 2.468
57 1.3108 2.26711 2.694
58 1.334 1.96618 2.897
59 1.3572 1.70303 3.079
60 1.3804 1.60104 3.256
61 1.4036 1.35608 3.411
62 1.4268 1.51554 3.59
63 1.45 1.53301 3.777
64 1.4732 1.3501 3.947
65 1.4964 1.25468 4.11
66 1.5196 1.46298 4.306
67 1.5428 1.41207 4.501
68 1.566 1.15266 4.665
69 1.5892 1.1875 4.839
70 1.6124 1.00109 4.99
71 1.6356 1.14685 5.168
72 1.6588 1.26533 5.37
73 1.682 1.25504 5.576
74 1.7052 1.07293 5.757
75 1.7284 1.18279 5.962
76 1.7516 1.12919 6.163
77 1.7748 1.21478 6.385
78 1.798 1.03434 6.579
79 1.8212 1.21083 6.812
80 1.8444 1.09443 7.028
81 1.8676 1.21071 7.273
82 1.8908 1.26797 7.536
83 1.914 1.2233 7.796
84 1.9372 1.12528 8.041
85 1.9604 1.15262 8.298
86 1.9836 1.14334 8.559
87 2.0068 1.23262 8.847
88 2.03 1.351 9.17
89 2.0532 1.20207 9.464
90 2.0764 1.31928 9.794
91 2.0996 1.18081 10.096
92 2.1228 1.16279 10.4
93 2.146 1.30995 10.75
94 2.1692 1.28208 11.1
95 2.1924 1.33398 11.472
96 2.2156 1.3413 11.854
97 2.2388 1.33084 12.241
98 2.262 1.26326 12.616
99 2.2852 1.21463 12.984
100 2.3084 1.29385 13.384
7500 100
1 0.0116 0 0
2 0.0348 0 0
3 0.058 0 0
4 0.0812 0 0
5 0.1044 0 0
6 0.1276 0 0
7 0.1508 0 0
8 0.174 0 0
9 0.1972 0 0
10 0.2204 0 0
11 0.2436 0 0
12 0.2668 0 0
13 0.29 0 0
14 0.3132 0 0
15 0.3364 0 0
16 0.3596 0 0
17 0.3828 0 0
18 0.406 0 0
19 0.4292 0 0
20 0.4524 0 0
21 0.4756 0 0
22 0.4988 0 0
23 0.522 0 0
24 0.5452 0 0
25 0.5684 0 0
26 0.5916 0 0
27 0.6148 0 0
28 0.638 0 0
29 0.6612 0 0
30 0.6844 0 0
31 0.7076 0 0
32 0.7308 0 0
33 0.754 0 0
34 0.7772 0 0
35 0.8004 0 0
36 0.8236 0 0
37 0.8468 0 0
38 0.87 0 0
39 0.8932 0 0
40 0.9164 0 0
41 0.9396 0.117137 0.006
42 0.9628 0.390459 0.027
43 0.986 0.726874 0.068
44 1.0092 1.33691 0.147
45 1.0324 1.81114 0.259
46 1.0556 2.58315 0.426
47 1.0788 2.66577 0.606
48 1.102 3.20759 0.832
49 1.1252 2.83164 1.04
50 1.1484 2.74453 1.25
51 1.1716 2.74992 1.469
52 1.1948 2.48721 1.675
53 1.218 2.6722 1.905
54 1.2412 2.21523 2.103
55 1.2644 2.25328 2.312
56 1.2876 2.06885 2.511
57 1.3108 2.07652 2.718
58 1.334 1.92743 2.917
59 1.3572 1.88082 3.118
60 1.3804 1.76386 3.313
61 1.4036 1.44357 3.478
62 1.4268 1.51554 3.657
63 1.45 1.31167 3.817
64 1.4732 1.40569 3.994
65 1.4964 1.46251 4.184
66 1.5196 1.34355 4.364
67 1.5428 1.1731 4.526
68 1.566 1.1386 4.688
69 1.5892 1.23527 4.869
70 1.6124 1.2265 5.054
71 1.6356 1.11464 5.227
72 1.6588 1.21522 5.421
73 1.682 1.18193 5.615
74 1.7052 1.32189 5.838
75 1.7284 1.21164 6.048
76 1.7516 1.03931 6.233
77 1.7748 1.02873 6.421
78 1.798 1.10899 6.629
79 1.8212 1.33036 6.885
80 1.8444 0.988025 7.08
81 1.8676 1.14153 7.311
82 1.8908 1.14744 7.549
83 1.914 1.17625 7.799
84 1.9372 1.15284 8.05
85 1.9604 1.15711 8.308
86 1.9836 1.22657 8.588
87 2.0068 1.30966 8.894
88 2.03 1.19206 9.179
89 2.0532 1.29202 9.495
90 2.0764 1.17536 9.789
91 2.0996 1.33329 10.13
92 2.1228 1.26606 10.461
93 2.146 1.3062 10.81
94 2.1692 1.4579 11.208
95 2.1924 1.44514 11.611
96 2.2156 1.19032 11.95
97 2.2388 1.28957 12.325
98 2.262 1.31042 12.714
99 2.2852 1.25424 13.094
100 2.3084 1.22916 13.474
8000 100
1 0.0116 0 0
2 0.0348 0 0
3 0.058 0 0
4 0.0812 0 0
5 0.1044 0 0
6 0.1276 0 0
7 0.1508 0 0
8 0.174 0 0
9 0.1972 0 0
10 0.2204 0 0
11 0.2436 0 0
12 0.2668 0 0
13 0.29 0 0
14 0.3132 0 0
15 0.3364 0 0
16 0.3596 0 0
17 0.3828 0 0
18 0.406 0 0
19 0.4292 0 0
20 0.4524 0 0
21 0.4756 0 0
22 0.4988 0 0
23 0.522 0 0
24 0.5452 0 0
25 0.5684 0 0
26 0.5916 0 0
27 0.6148 0 0
28 0.638 0 0
29 0.6612 0 0
30 0.6844 0 0
31 0.7076 0 0
32 0.7308 0 0
33 0.754 0 0
34 0.7772 0 0
35 0.8004 0 0
36 0.8236 0 0
37 0.8468 0 0
38 0.87 0 0
39 0.8932 0 0
40 0.9164 0.0205237 0.001
41 0.9396 0.175705 0.01
42 0.9628 0.353272 0.029
43 0.986 0.886432 0.079
44 1.0092 1.55691 0.171
45 1.0324 2.06988 0.299
46 1.0556 2.55221 0.464
47 1.0788 2.69539 0.646
48 1.102 2.5831 0.828
49 1.1252 2.88609 1.04
50 1.1484 2.88829 1.261
51 1.1716 2.82526 1.486
52 1.1948 2.43891 1.688
53 1.218 2.23071 1.88
54 1.2412 2.41661 2.096
55 1.2644 2.1239 2.293
56 1.2876 1.74656 2.461
57 1.3108 1.89595 2.65
58 1.334 1.79184 2.835
59 1.3572 1.44103 2.989
60 1.3804 1.59199 3.165
61 1.4036 1.5573 3.343
62 1.4268 1.33774 3.501
63 1.45 1.48382 3.682
64 1.4732 1.32627 3.849
65 1.4964 1.30086 4.018
66 1.5196 1.35102 4.199
67 1.5428 1.28173 4.376
68 1.566 1.31431 4.563
69 1.5892 1.15338 4.732
70 1.6124 1.1602 4.907
71 1.6356 1.22417 5.097
72 1.6588 1.17764 5.285
73 1.682 1.16975 5.477
74 1.7052 1.14999 5.671
75 1.7284 1.23472 5.885
76 1.7516 1.24717 6.107
77 1.7748 1.04515 6.298
78 1.798 1.14098 6.512
79 1.8212 1.16406 6.736
80 1.8444 1.23123 6.979
81 1.8676 1.25025 7.232
82 1.8908 1.23904 7.489
83 1.914 1.36916 7.78
84 1.9372 1.22173 8.046
85 1.9604 1.1885 8.311
86 1.9836 1.21781 8.589
87 2.0068 1.39526 8.915
88 2.03 1.21297 9.205
89 2.0532 1.27566 9.517
90 2.0764 1.25931 9.832
91 2.0996 1.35284 10.178
92 2.1228 1.27371 10.511
93 2.146 1.39229 10.883
94 2.1692 1.13189 11.192
95 2.1924 1.31963 11.56
96 2.2156 1.26756 11.921
97 2.2388 1.41337 12.332
98 2.262 1.28684 12.714
99 2.2852 1.31035 13.111
100 2.3084 1.30355 13.514
8500 100
1 0.0116 0 0
2 0.0348 0 0
3 0.058 0 0
4 0.0812 0 0
5 0.1044 0 0
6 0.1276 0 0
7 0.1508 0 0
8 0.174 0 0
9 0.1972 0 0
10 0.2204 0 0
11 0.2436 0 0
12 0.2668 0 0
13 0.29 0 0
14 0.3132 0 0
15 0.3364 0 0
16 0.3596 0 0
17 0.3828 0 0
18 0.406 0 0
19 0.4292 0 0
20 0.4524 0 0
21 0.4756 0 0
22 0.4988 0 0
23 0.522 0 0
24 0.5452 0 0
25 0.5684 0 0
26 0.5916 0 0
27 0.6148 0 0
28 0.638 0 0
29 0.6612 0 0
30 0.6844 0 0
31 0.7076 0 0
32 0.7308 0 0
33 0.754 0 0
34 0.7772 0 0
35 0.8004 0 0
36 0.8236 0 0
37 0.8468 0 0
38 0.87 0 0
39 0.8932 0 0
40 0.9164 0.0615711 0.003
41 0.9396 0.175705 0.012
42 0.9628 0.353272 0.031
43 0.986 0.78006 0.075
44 1.0092 1.28614 0.151
45 1.0324 2.08605 0.28
46 1.0556 2.52128 0.443
47 1.0788 2.99159 0.645
48 1.102 2.85276 0.846
49 1.1252 2.91332 1.06
50 1.1484 2.88829 1.281
51 1.1716 2.77503 1.502
52 1.1948 2.72869 1.728
53 1.218 2.43984 1.938
54 1.2412 2.43899 2.156
55 1.2644 2.1239 2.353
56 1.2876 2.08964 2.554
57 1.3108 1.82573 2.736
58 1.334 1.75309 2.917
59 1.3572 1.87146 3.117
60 1.3804 1.66436 3.301
61 1.4036 1.58355 3.482
62 1.4268 1.3716 3.644
63 1.45 1.42644 3.818
64 1.4732 1.31833 3.984
65 1.4964 1.27007 4.149
66 1.5196 1.11963 4.299
67 1.5428 1.15138 4.458
68 1.566 1.25809 4.637
69 1.5892 1.09195 4.797
70 1.6124 1.10717 4.964
71 1.6356 1.08242 5.132
72 1.6588 1.13379 5.313
73 1.682 1.1271 5.498
74 1.7052 1.06107 5.677
75 1.7284 1.18279 5.882
76 1.7516 1.12358 6.082
77 1.7748 1.06703 6.277
78 1.798 1.06634 6.477
79 1.8212 1.17445 6.703
80 1.8444 1.18563 6.937
81 1.8676 1.18601 7.177
82 1.8908 1.16672 7.419
83 1.914 1.32211 7.7
84 1.9372 1.19418 7.96
85 1.9604 1.25129 8.239
86 1.9836 1.13896 8.499
87 2.0068 1.23262 8.787
88 2.03 1.40119 9.122
89 2.0532 1.29611 9.439
90 2.0764 1.29129 9.762
91 2.0996 1.36848 10.112
92 2.1228 1.39228 10.476
93 2.146 1.3586 10.839
94 2.1692 1.31138 11.197
95 2.1924 1.29095 11.557
96 2.2156 1.35183 11.942
97 2.2388 1.3274 12.328
98 2.262 1.35758 12.731
99 2.2852 1.27734 13.118
100 2.3084 1.23562 13.5
9000 100
1 0.0116 0 0
2 0.0348 0 0
3 0.058 0 0
4 0.0812 0 0
5 0.1044 0 0
6 0.1276 0 0
7 0.1508 0 0
8 0.174 0 0
9 0.1972 0 0
10 0.2204 0 0
11 0.2436 0 0
12 0.2668 0 0
13 0.29 0 0
14 0.3132 0 0
15 0.3364 0 0
16 0.3596 0 0
17 0.3828 0 0
18 0.406 0 0
19 0.4292 0 0
20 0.4524 0 0
21 0.4756 0 0
22 0.4988 0 0
23 0.522 0 0
24 0.5452 0 0
25 0.5684 0 0
26 0.5916 0 0
27 0.6148 0 0
28 0.638 0 0
29 0.6612 0 0
30 0.6844 0 0
31 0.7076 0 0
32 0.7308 0 0
33 0.754 0 0
34 0.7772 0 0
35 0.8004 0 0
36 0.8236 0 0
37 0.8468 0 0
38 0.87 0 0
39 0.8932 0 0
40 0.9164 0.0205237 0.001
41 0.9396 0.0976138 0.006
42 0.9628 0.502018 0.033
43 0.986 0.815517 0.079
44 1.0092 1.45537 0.165
45 1.0324 2.1669 0.299
46 1.0556 2.70689 0.474
47 1.0788 3.03602 0.679
48 1.102 2.85276 0.88
49 1.1252 3.63484 1.147
50 1.1484 3.07125 1.382
51 1.1716 2.88805 1.612
52 1.1948 2.33025 1.805
53 1.218 2.19585 1.994
54 1.2412 2.17047 2.188
55 1.2644 2.45812 2.416
56 1.2876 1.88172 2.597
57 1.3108 1.86585 2.783
58 1.334 1.72404 2.961
59 1.3572 1.60946 3.133
60 1.3804 1.59199 3.309
61 1.4036 1.42607 3.472
62 1.4268 1.3716 3.634
63 1.45 1.22149 3.783
64 1.4732 1.46923 3.968
65 1.4964 1.35475 4.144
66 1.5196 1.29877 4.318
67 1.5428 1.33966 4.503
68 1.566 1.21592 4.676
69 1.5892 1.25575 4.86
70 1.6124 1.12042 5.029
71 1.6356 1.21128 5.217
72 1.6588 1.21522 5.411
73 1.682 1.01744 5.578
74 1.7052 1.14406 5.771
75 1.7284 1.16548 5.973
76 1.7516 1.10672 6.17
77 1.7748 1.12175 6.375
78 1.798 1.1943 6.599
79 1.8212 1.17445 6.825
80 1.8444 1.1603 7.054
81 1.8676 1.25025 7.307
82 1.8908 1.11851 7.539
83 1.914 1.19507 7.793
84 1.9372 1.15743 8.045
85 1.9604 1.28717 8.332
86 1.9836 1.25724 8.619
87 2.0068 1.35674 8.936
88 2.03 1.20461 9.224
89 2.0532 1.33699 9.551
90 2.0764 1.38724 9.898
91 2.0996 1.21991 10.21
92 2.1228 1.24311 10.535
93 2.146 1.36983 10.901
94 2.1692 1.26376 11.246
95 2.1924 1.31246 11.612
96 2.2156 1.37992 12.005
97 2.2388 1.34459 12.396
98 2.262 1.30031 12.782
99 2.2852 1.30375 13.177
100 2.3084 1.22269 13.555
9500 100
1 0.0116 0 0
2 0.0348 0 0
3 0.058 0 0
4 0.0812 0 0
5 0.1044 0 0
6 0.1276 0 0
7 0.1508 0 0
8 0.174 0 0
9 0.1972 0 0
10 0.2204 0 0
11 0.2436 0 0
12 0.2668 0 0
13 0.29 0 0
14 0.3132 0 0
15 0.3364 0 0
16 0.3596 0 0
17 0.3828 0 0
18 0.406 0 0
19 0.4292 0 0
20 0.4524 0 0
21 0.4756 0 0
22 0.4988 0 0
23 0.522 0 0
24 0.5452 0 0
25 0.5684 0 0
26 0.5916 0 0
27 0.6148 0 0
28 0.638 0 0
29 0.6612 0 0
30 0.6844 0 0
31 0.7076 0 0
32 0.7308 0 0
33 0.754 0 0
34 0.7772 0 0
35 0.8004 0 0
36 0.8236 0 0
37 0.8468 0 0
38 0.87 0 0
39 0.8932 0 0
40 0.9164 0.0205237 0.001
41 0.9396 0.156182 0.009
42 0.9628 0.297492 0.025
43 0.986 0.709145 0.065
44 1.0092 1.26922 0.14
45 1.0324 2.32861 0.284
46 1.0556 2.35113 0.436
47 1.0788 2.66577 0.616
48 1.102 2.95211 0.824
49 1.1252 2.73634 1.025
50 1.1484 2.86215 1.244
51 1.1716 2.53646 1.446
52 1.1948 2.64417 1.665
53 1.218 2.02158 1.839
54 1.2412 2.36067 2.05
55 1.2644 1.75734 2.213
56 1.2876 1.69458 2.376
57 1.3108 1.72541 2.548
58 1.334 1.4819 2.701
59 1.3572 1.61881 2.874
60 1.3804 1.51059 3.041
61 1.4036 1.60105 3.224
62 1.4268 1.43934 3.394
63 1.45 1.36086 3.56
64 1.4732 1.37392 3.733
65 1.4964 1.15461 3.883
66 1.5196 1.19427 4.043
67 1.5428 1.28173 4.22
68 1.566 1.29323 4.404
69 1.5892 1.1329 4.57
70 1.6124 1.28617 4.764
71 1.6356 1.29504 4.965
72 1.6588 1.10247 5.141
73 1.682 1.10882 5.323
74 1.7052 1.21519 5.528
75 1.7284 1.22895 5.741
76 1.7516 1.06178 5.93
77 1.7748 1.11628 6.134
78 1.798 1.16764 6.353
79 1.8212 1.18485 6.581
80 1.8444 1.2515 6.828
81 1.8676 1.34908 7.101
82 1.8908 1.26315 7.363
83 1.914 1.17155 7.612
84 1.9372 1.24011 7.882
85 1.9604 1.30063 8.172
86 1.9836 1.18715 8.443
87 2.0068 1.23262 8.731
88 2.03 1.33427 9.05
89 2.0532 1.26749 9.36
90 2.0764 1.21933 9.665
91 2.0996 1.30201 9.998
92 2.1228 1.35403 10.352
93 2.146 1.36234 10.716
94 2.1692 1.20515 11.045
95 2.1924 1.24433 11.392
96 2.2156 1.30619 11.764
97 2.2388 1.21736 12.118
98 2.262 1.29694 12.503
99 2.2852 1.12552 12.844
100 2.3084 1.20651 13.217
10000 100
1 0.0116 0 0
2 0.0348 0 0
3 0.058 0 0
4 0.0812 0 0
5 0.1044 0 0
6 0.1276 0 0
7 0.1508 0 0
8 0.174 0 0
9 0.1972 0 0
10 0.2204 0 0
11 0.2436 0 0
12 0.2668 0 0
13 0.29 0 0
14 0.3132 0 0
15 0.3364 0 0
16 0.3596 0 0
17 0.3828 0 0
18 0.406 0 0
19 0.4292 0 0
20 0.4524 0 0
21 0.4756 0 0
22 0.4988 0 0
23 0.522 0 0
24 0.5452 0 0
25 0.5684 0 0
26 0.5916 0 0
27 0.6148 0 0
28 0.638 0 0
29 0.6612 0 0
30 0.6844 0 0
31 0.7076 0 0
32 0.7308 0 0
33 0.754 0 0
34 0.7772 0 0
35 0.8004 0 0
36 0.8236 0 0
37 0.8468 0 0
38 0.87 0 0
39 0.8932 0 0
40 0.9164 0.0205237 0.001
41 0.9396 0.078091 0.005
42 0.9628 0.427645 0.028
43 0.986 0.744603 0.07
44 1.0092 1.59076 0.164
45 1.0324 2.29627 0.306
46 1.0556 2.55221 0.471
47 1.0788 2.99159 0.673
48 1.102 3.03727 0.887
49 1.1252 2.88609 1.099
50 1.1484 2.88829 1.32
51 1.1716 2.64947 1.531
52 1.1948 2.49928 1.738
53 1.218 2.5444 1.957
54 1.2412 2.19285 2.153
55 1.2644 1.98374 2.337
56 1.2876 1.84013 2.514
57 1.3108 1.83576 2.697
58 1.334 1.82089 2.885
59 1.3572 1.61881 3.058
60 1.3804 1.4925 3.223
61 1.4036 1.5398 3.399
62 1.4268 1.40547 3.565
63 1.45 1.37725 3.733
64 1.4732 1.30245 3.897
65 1.4964 1.29317 4.065
66 1.5196 1.42566 4.256
67 1.5428 1.36862 4.445
68 1.566 1.31431 4.632
69 1.5892 1.11925 4.796
70 1.6124 1.24639 4.984
71 1.6356 1.28216 5.183
72 1.6588 1.07741 5.355
73 1.682 1.40126 5.585
74 1.7052 1.15592 5.78
75 1.7284 1.44243 6.03
76 1.7516 1.29773 6.261
77 1.7748 1.2695 6.493
78 1.798 0.965033 6.674
79 1.8212 1.30437 6.925
80 1.8444 1.1755 7.157
81 1.8676 1.2799 7.416
82 1.8908 1.18119 7.661
83 1.914 1.08686 7.892
84 1.9372 1.24929 8.164
85 1.9604 1.29614 8.453
86 1.9836 1.38866 8.77
87 2.0068 1.21978 9.055
88 2.03 1.15441 9.331
89 2.0532 1.36562 9.665
90 2.0764 1.25931 9.98
91 2.0996 1.32547 10.319
92 2.1228 1.30814 10.661
93 2.146 1.33615 11.018
94 2.1692 1.27841 11.367
95 2.1924 1.27302 11.722
96 2.2156 1.33077 12.101
97 2.2388 1.29301 12.477
98 2.262 1.25315 12.849
99 2.2852 1.27074 13.234
100 2.3084 1.36178 13.655
