# Time-averaged data for fix rdf
# TimeStep Number-of-rows
# Row c_myRDF[1] c_myRDF[2] c_myRDF[3]
1000 100
1 0.0126 0 0
2 0.0378 0 0
3 0.063 0 0
4 0.0882 0 0
5 0.1134 0 0
6 0.1386 0 0
7 0.1638 0 0
8 0.189 0 0
9 0.2142 0 0
10 0.2394 0 0
11 0.2646 0 0
12 0.2898 0 0
13 0.315 0 0
14 0.3402 0 0
15 0.3654 0 0
16 0.3906 0 0
17 0.4158 0 0
18 0.441 0 0
19 0.4662 0 0
20 0.4914 0 0
21 0.5166 0 0
22 0.5418 0 0
23 0.567 0 0
24 0.5922 0 0
25 0.6174 0 0
26 0.6426 0 0
27 0.6678 0 0
28 0.693 0 0
29 0.7182 0 0
30 0.7434 0 0
31 0.7686 0 0
32 0.7938 0 0
33 0.819 0 0
34 0.8442 0 0
35 0.8694 0 0
36 0.8946 0 0
37 0.9198 0.0186731 0.000125
38 0.945 0.159215 0.00125
39 0.9702 0.402806 0.00425
40 0.9954 1.29151 0.014375
41 1.0206 2.29021 0.03325
42 1.0458 2.88897 0.05825
43 1.071 3.92534 0.093875
44 1.0962 4.07562 0.132625
45 1.1214 3.96989 0.172125
46 1.1466 3.77328 0.211375
47 1.1718 3.42865 0.248625
48 1.197 3.25274 0.2855
49 1.2222 3.17287 0.323
50 1.2474 2.79214 0.357375
51 1.2726 3.16066 0.397875
52 1.2978 2.74833 0.4345
53 1.323 2.33775 0.466875
54 1.3482 2.00781 0.49575
55 1.3734 2.1442 0.52775
56 1.3986 2.00301 0.55875
57 1.4238 1.88598 0.589
58 1.449 2.02412 0.622625
59 1.4742 1.94097 0.656
60 1.4994 1.66546 0.685625
61 1.5246 1.57688 0.714625
62 1.5498 1.59179 0.744875
63 1.575 1.44573 0.77325
64 1.6002 1.61033 0.805875
65 1.6254 1.4352 0.835875
66 1.6506 1.40331 0.866125
67 1.6758 1.51895 0.899875
68 1.701 1.47427 0.933625
69 1.7262 1.24067 0.962875
70 1.7514 1.43185 0.997625
71 1.7766 1.3765 1.032
72 1.8018 1.20201 1.06288
73 1.827 1.26374 1.09625
74 1.8522 1.44603 1.1355
75 1.8774 1.34024 1.17287
76 1.9026 1.23078 1.20813
77 1.9278 1.25407 1.245
78 1.953 1.32547 1.285
79 1.9782 1.2031 1.32225
80 2.0034 1.23994 1.36162
81 2.0286 1.2362 1.40187
82 2.0538 1.21729 1.4425
83 2.079 1.25009 1.48525
84 2.1042 1.17751 1.5265
85 2.1294 1.07315 1.565
86 2.1546 1.07542 1.6045
87 2.1798 1.11055 1.64625
88 2.205 1.06582 1.68725
89 2.2302 1.18798 1.734
90 2.2554 1.04667 1.77612
91 2.2806 1.03278 1.81862
92 2.3058 0.965755 1.85925
93 2.331 1.09909 1.9065
94 2.3562 0.961877 1.94875
95 2.3814 0.955557 1.99162
96 2.4066 0.938378 2.03462
97 2.4318 1.03391 2.083
98 2.457 0.884573 2.12525
99 2.4822 0.87696 2.168
100 2.5074 0.944861 2.215
1500 100
1 0.0126 0 0
2 0.0378 0 0
3 0.063 0 0
4 0.0882 0 0
5 0.1134 0 0
6 0.1386 0 0
7 0.1638 0 0
8 0.189 0 0
9 0.2142 0 0
10 0.2394 0 0
11 0.2646 0 0
12 0.2898 0 0
13 0.315 0 0
14 0.3402 0 0
15 0.3654 0 0
16 0.3906 0 0
17 0.4158 0 0
18 0.441 0 0
19 0.4662 0 0
20 0.4914 0 0
21 0.5166 0 0
22 0.5418 0 0
23 0.567 0 0
24 0.5922 0 0
25 0.6174 0 0
26 0.6426 0 0
27 0.6678 0 0
28 0.693 0 0
29 0.7182 0 0
30 0.7434 0 0
31 0.7686 0 0
32 0.7938 0 0
33 0.819 0 0
34 0.8442 0 0
35 0.8694 0 0
36 0.8946 0 0
37 0.9198 0.0186731 0.000125
38 0.945 0.106143 0.000875
39 0.9702 0.453156 0.00425
40 0.9954 0.892896 0.01125
41 1.0206 1.47119 0.023375
42 1.0458 2.28229 0.043125
43 1.071 2.89235 0.069375
44 1.0962 2.51111 0.09325
45 1.1214 2.60053 0.119125
46 1.1466 2.87202 0.149
47 1.1718 2.83037 0.17975
48 1.197 2.71245 0.2105
49 1.2222 2.60175 0.24125
50 1.2474 2.28448 0.269375
51 1.2726 2.26319 0.298375
52 1.2978 2.1574 0.327125
53 1.323 2.08502 0.356
54 1.3482 1.86874 0.382875
55 1.3734 1.6584 0.407625
56 1.3986 1.60726 0.4325
57 1.4238 1.61321 0.458375
58 1.449 1.56512 0.484375
59 1.4742 1.54115 0.510875
60 1.4994 1.50383 0.537625
61 1.5246 1.2982 0.5615
62 1.5498 1.34842 0.587125
63 1.575 1.33109 0.61325
64 1.6002 1.37587 0.641125
65 1.6254 1.27972 0.667875
66 1.6506 1.33373 0.696625
67 1.6758 1.24329 0.72425
68 1.701 1.31047 0.75425
69 1.7262 1.3043 0.785
70 1.7514 1.19493 0.814
71 1.7766 1.14125 0.8425
72 1.8018 1.41127 0.87875
73 1.827 1.25901 0.912
74 1.8522 1.39538 0.949875
75 1.8774 1.26852 0.98525
76 1.9026 1.42281 1.026
77 1.9278 1.1563 1.06
78 1.953 1.20121 1.09625
79 1.9782 1.19099 1.13313
80 2.0034 1.08249 1.1675
81 2.0286 1.1287 1.20425
82 2.0538 1.15361 1.24275
83 2.079 1.24278 1.28525
84 2.1042 1.18108 1.32662
85 2.1294 1.10451 1.36625
86 2.1546 1.16051 1.40888
87 2.1798 1.19368 1.45375
88 2.205 1.05607 1.49438
89 2.2302 1.00375 1.53387
90 2.2554 1.17401 1.58113
91 2.2806 1.03582 1.62375
92 2.3058 1.0965 1.66987
93 2.331 1.10491 1.71738
94 2.3562 0.97326 1.76012
95 2.3814 1.08371 1.80875
96 2.4066 1.03931 1.85637
97 2.4318 1.06063 1.906
98 2.457 1.06253 1.95675
99 2.4822 1.1462 2.01262
100 2.5074 1.02025 2.06337
2000 100
1 0.0126 0 0
2 0.0378 0 0
3 0.063 0 0
4 0.0882 0 0
5 0.1134 0 0
6 0.1386 0 0
7 0.1638 0 0
8 0.189 0 0
9 0.2142 0 0
10 0.2394 0 0
11 0.2646 0 0
12 0.2898 0 0
13 0.315 0 0
14 0.3402 0 0
15 0.3654 0 0
16 0.3906 0 0
17 0.4158 0 0
18 0.441 0 0
19 0.4662 0 0
20 0.4914 0 0
21 0.5166 0 0
22 0.5418 0 0
23 0.567 0 0
24 0.5922 0 0
25 0.6174 0 0
26 0.6426 0 0
27 0.6678 0 0
28 0.693 0 0
29 0.7182 0 0
30 0.7434 0 0
31 0.7686 0 0
32 0.7938 0 0
33 0.819 0 0
34 0.8442 0 0
35 0.8694 0 0
36 0.8946 0 0
37 0.9198 0 0
38 0.945 0.0884528 0.000625
39 0.9702 0.318888 0.003
40 0.9954 1.00451 0.010875
41 1.0206 1.48636 0.023125
42 1.0458 2.3834 0.04375
43 1.071 2.5618 0.067
44 1.0962 2.65573 0.09225
45 1.1214 2.62566 0.118375
46 1.1466 3.00421 0.149625
47 1.1718 2.66929 0.178625
48 1.197 2.33756 0.205125
49 1.2222 1.99891 0.22875
50 1.2474 2.10172 0.254625
51 1.2726 2.29246 0.284
52 1.2978 2.09174 0.311875
53 1.323 1.96768 0.339125
54 1.3482 1.58191 0.361875
55 1.3734 1.53277 0.38475
56 1.3986 1.63149 0.41
57 1.4238 1.50411 0.434125
58 1.449 1.52749 0.4595
59 1.4742 1.30852 0.482
60 1.4994 1.25085 0.50425
61 1.5246 1.17586 0.525875
62 1.5498 1.21686 0.549
63 1.575 1.15913 0.57175
64 1.6002 1.12908 0.594625
65 1.6254 1.08836 0.617375
66 1.6506 1.20035 0.64325
67 1.6758 1.26579 0.671375
68 1.701 1.29409 0.701
69 1.7262 1.20356 0.729375
70 1.7514 1.12282 0.756625
71 1.7766 1.18129 0.786125
72 1.8018 1.15821 0.815875
73 1.827 1.11228 0.84525
74 1.8522 1.08222 0.874625
75 1.8774 1.13405 0.90625
76 1.9026 1.10857 0.938
77 1.9278 1.16905 0.972375
78 1.953 1.11008 1.00588
79 1.9782 1.19099 1.04275
80 2.0034 1.20451 1.081
81 2.0286 1.217 1.12062
82 2.0538 1.1199 1.158
83 2.079 1.14775 1.19725
84 2.1042 1.1561 1.23775
85 2.1294 1.16026 1.27937
86 2.1546 1.21155 1.32388
87 2.1798 1.16043 1.3675
88 2.205 1.06907 1.40863
89 2.2302 1.12763 1.453
90 2.2554 1.17711 1.50038
91 2.2806 1.02974 1.54275
92 2.3058 1.07867 1.58813
93 2.331 1.09328 1.63513
94 2.3562 1.10417 1.68362
95 2.3814 1.18121 1.73663
96 2.4066 0.908372 1.77825
97 2.4318 1.07131 1.82838
98 2.457 1.07562 1.87975
99 2.4822 0.961579 1.92663
100 2.5074 1.03533 1.97812
2500 100
1 0.0126 0 0
2 0.0378 0 0
3 0.063 0 0
4 0.0882 0 0
5 0.1134 0 0
6 0.1386 0 0
7 0.1638 0 0
8 0.189 0 0
9 0.2142 0 0
10 0.2394 0 0
11 0.2646 0 0
12 0.2898 0 0
13 0.315 0 0
14 0.3402 0 0
15 0.3654 0 0
16 0.3906 0 0
17 0.4158 0 0
18 0.441 0 0
19 0.4662 0 0
20 0.4914 0 0
21 0.5166 0 0
22 0.5418 0 0
23 0.567 0 0
24 0.5922 0 0
25 0.6174 0 0
26 0.6426 0 0
27 0.6678 0 0
28 0.693 0 0
29 0.7182 0 0
30 0.7434 0 0
31 0.7686 0 0
32 0.7938 0 0
33 0.819 0 0
34 0.8442 0 0
35 0.8694 0 0
36 0.8946 0 0
37 0.9198 0.0186731 0.000125
38 0.945 0.106143 0.000875
39 0.9702 0.369238 0.003625
40 0.9954 0.845062 0.01025
41 1.0206 1.6077 0.0235
42 1.0458 2.22451 0.04275
43 1.071 2.43784 0.064875
44 1.0962 2.62943 0.089875
45 1.1214 2.66335 0.116375
46 1.1466 2.59563 0.143375
47 1.1718 2.64628 0.172125
48 1.197 2.42577 0.199625
49 1.2222 1.98833 0.223125
50 1.2474 2.07126 0.248625
51 1.2726 2.15588 0.27625
52 1.2978 2.04484 0.3035
53 1.323 1.61567 0.325875
54 1.3482 1.52107 0.34775
55 1.3734 1.68353 0.372875
56 1.3986 1.46188 0.3955
57 1.4238 1.54307 0.42025
58 1.449 1.23403 0.44075
59 1.4742 1.17767 0.461
60 1.4994 1.38437 0.485625
61 1.5246 1.14188 0.506625
62 1.5498 1.13793 0.52825
63 1.575 1.22919 0.552375
64 1.6002 1.01802 0.573
65 1.6254 1.1362 0.59675
66 1.6506 1.11337 0.62075
67 1.6758 1.20391 0.6475
68 1.701 1.22856 0.675625
69 1.7262 1.16644 0.703125
70 1.7514 1.12282 0.730375
71 1.7766 1.16127 0.759375
72 1.8018 1.04142 0.786125
73 1.827 1.07915 0.814625
74 1.8522 1.10064 0.8445
75 1.8774 1.09371 0.875
76 1.9026 1.13039 0.907375
77 1.9278 1.13079 0.940625
78 1.953 1.12251 0.9745
79 1.9782 1.12235 1.00925
80 2.0034 1.18877 1.047
81 2.0286 1.217 1.08663
82 2.0538 1.11241 1.12375
83 2.079 1.09292 1.16113
84 2.1042 1.11329 1.20013
85 2.1294 1.08012 1.23888
86 2.1546 1.16731 1.28175
87 2.1798 1.01745 1.32
88 2.205 1.07882 1.3615
89 2.2302 1.0641 1.40338
90 2.2554 1.11189 1.44812
91 2.2806 1.02063 1.49013
92 2.3058 1.04302 1.534
93 2.331 0.979879 1.57612
94 2.3562 1.13832 1.62613
95 2.3814 1.04749 1.67312
96 2.4066 0.990207 1.7185
97 2.4318 0.999179 1.76525
98 2.457 0.984022 1.81225
99 2.4822 0.946194 1.85837
100 2.5074 1.00517 1.90837
3000 100
1 0.0126 0 0
2 0.0378 0 0
3 0.063 0 0
4 0.0882 0 0
5 0.1134 0 0
6 0.1386 0 0
7 0.1638 0 0
8 0.189 0 0
9 0.2142 0 0
10 0.2394 0 0
11 0.2646 0 0
12 0.2898 0 0
13 0.315 0 0
14 0.3402 0 0
15 0.3654 0 0
16 0.3906 0 0
17 0.4158 0 0
18 0.441 0 0
19 0.4662 0 0
20 0.4914 0 0
21 0.5166 0 0
22 0.5418 0 0
23 0.567 0 0
24 0.5922 0 0
25 0.6174 0 0
26 0.6426 0 0
27 0.6678 0 0
28 0.693 0 0
29 0.7182 0 0
30 0.7434 0 0
31 0.7686 0 0
32 0.7938 0 0
33 0.819 0 0
34 0.8442 0 0
35 0.8694 0 0
36 0.8946 0 0
37 0.9198 0 0
38 0.945 0.0530717 0.000375
39 0.9702 0.369238 0.003125
40 0.9954 0.892896 0.010125
41 1.0206 1.44086 0.022
42 1.0458 1.90672 0.0385
43 1.071 2.32766 0.059625
44 1.0962 2.5637 0.084
45 1.1214 2.52515 0.109125
46 1.1466 2.51152 0.13525
47 1.1718 2.2896 0.160125
48 1.197 2.62424 0.189875
49 1.2222 2.48542 0.21925
50 1.2474 2.08142 0.244875
51 1.2726 2.03882 0.271
52 1.2978 1.90414 0.296375
53 1.323 1.63372 0.319
54 1.3482 1.64275 0.342625
55 1.3734 1.72541 0.368375
56 1.3986 1.41342 0.39025
57 1.4238 1.53528 0.414875
58 1.449 1.42215 0.4385
59 1.4742 1.22855 0.459625
60 1.4994 1.46167 0.485625
61 1.5246 1.39336 0.51125
62 1.5498 1.22344 0.5345
63 1.575 1.21008 0.55825
64 1.6002 1.21546 0.582875
65 1.6254 1.14816 0.606875
66 1.6506 0.991597 0.62825
67 1.6758 1.09139 0.6525
68 1.701 1.13574 0.6785
69 1.7262 1.20886 0.707
70 1.7514 1.30309 0.738625
71 1.7766 1.17628 0.768
72 1.8018 1.08035 0.79575
73 1.827 1.19748 0.827375
74 1.8522 1.24801 0.86125
75 1.8774 1.13853 0.893
76 1.9026 1.1915 0.927125
77 1.9278 1.10529 0.959625
78 1.953 1.11422 0.99325
79 1.9782 1.1062 1.0275
80 2.0034 1.21632 1.06612
81 2.0286 1.09415 1.10175
82 2.0538 1.11616 1.139
83 2.079 1.12582 1.1775
84 2.1042 1.17751 1.21875
85 2.1294 1.20207 1.26188
86 2.1546 1.09925 1.30225
87 2.1798 0.977553 1.339
88 2.205 1.02033 1.37825
89 2.2302 1.07681 1.42063
90 2.2554 1.04667 1.46275
91 2.2806 1.06923 1.50675
92 2.3058 1.02221 1.54975
93 2.331 1.08165 1.59625
94 2.3562 1.03302 1.64162
95 2.3814 1.04192 1.68837
96 2.4066 1.08841 1.73825
97 2.4318 1.02589 1.78625
98 2.457 1.00758 1.83438
99 2.4822 0.956451 1.881
100 2.5074 0.997633 1.93063
3500 100
1 0.0126 0 0
2 0.0378 0 0
3 0.063 0 0
4 0.0882 0 0
5 0.1134 0 0
6 0.1386 0 0
7 0.1638 0 0
8 0.189 0 0
9 0.2142 0 0
10 0.2394 0 0
11 0.2646 0 0
12 0.2898 0 0
13 0.315 0 0
14 0.3402 0 0
15 0.3654 0 0
16 0.3906 0 0
17 0.4158 0 0
18 0.441 0 0
19 0.4662 0 0
20 0.4914 0 0
21 0.5166 0 0
22 0.5418 0 0
23 0.567 0 0
24 0.5922 0 0
25 0.6174 0 0
26 0.6426 0 0
27 0.6678 0 0
28 0.693 0 0
29 0.7182 0 0
30 0.7434 0 0
31 0.7686 0 0
32 0.7938 0 0
33 0.819 0 0
34 0.8442 0 0
35 0.8694 0 0
36 0.8946 0 0
37 0.9198 0 0
38 0.945 0.106143 0.00075
39 0.9702 0.52029 0.004625
40 0.9954 0.861006 0.011375
41 1.0206 1.38019 0.02275
42 1.0458 1.71894 0.037625
43 1.071 2.75462 0.062625
44 1.0962 2.45852 0.086
45 1.1214 2.58797 0.11175
46 1.1466 2.25916 0.13525
47 1.1718 2.50821 0.1625
48 1.197 2.07293 0.186
49 1.2222 2.11525 0.211
50 1.2474 2.01034 0.23575
51 1.2726 1.76568 0.258375
52 1.2978 2.1574 0.287125
53 1.323 1.66982 0.31025
54 1.3482 1.79051 0.336
55 1.3734 1.67515 0.361
56 1.3986 1.50226 0.38425
57 1.4238 1.32486 0.4055
58 1.449 1.28671 0.426875
59 1.4742 1.15586 0.44675
60 1.4994 1.25085 0.469
61 1.5246 1.33219 0.4935
62 1.5498 1.09847 0.514375
63 1.575 1.3502 0.540875
64 1.6002 1.1661 0.5645
65 1.6254 0.950822 0.584375
66 1.6506 1.13077 0.60875
67 1.6758 1.09702 0.633125
68 1.701 1.1685 0.659875
69 1.7262 1.18235 0.68775
70 1.7514 1.14857 0.715625
71 1.7766 1.03613 0.7415
72 1.8018 1.11441 0.770125
73 1.827 1.10755 0.799375
74 1.8522 1.14209 0.830375
75 1.8774 1.21473 0.86425
76 1.9026 1.18713 0.89825
77 1.9278 1.30084 0.9365
78 1.953 1.09766 0.969625
79 1.9782 1.14254 1.005
80 2.0034 1.13366 1.041
81 2.0286 1.22084 1.08075
82 2.0538 1.15736 1.11937
83 2.079 1.19161 1.16013
84 2.1042 1.06333 1.19738
85 2.1294 1.1289 1.23787
86 2.1546 1.08223 1.27763
87 2.1798 1.1039 1.31913
88 2.205 1.10806 1.36175
89 2.2302 1.10222 1.40513
90 2.2554 1.15537 1.45163
91 2.2806 1.0024 1.49288
92 2.3058 1.15891 1.54163
93 2.331 1.11072 1.58937
94 2.3562 1.0131 1.63388
95 2.3814 1.06978 1.68188
96 2.4066 1.08295 1.7315
97 2.4318 1.09803 1.78288
98 2.457 1.01281 1.83125
99 2.4822 1.13851 1.88675
100 2.5074 0.975016 1.93525
4000 100
1 0.0126 0 0
2 0.0378 0 0
3 0.063 0 0
4 0.0882 0 0
5 0.1134 0 0
6 0.1386 0 0
7 0.1638 0 0
8 0.189 0 0
9 0.2142 0 0
10 0.2394 0 0
11 0.2646 0 0
12 0.2898 0 0
13 0.315 0 0
14 0.3402 0 0
15 0.3654 0 0
16 0.3906 0 0
17 0.4158 0 0
18 0.441 0 0
19 0.4662 0 0
20 0.4914 0 0
21 0.5166 0 0
22 0.5418 0 0
23 0.567 0 0
24 0.5922 0 0
25 0.6174 0 0
26 0.6426 0 0
27 0.6678 0 0
28 0.693 0 0
29 0.7182 0 0
30 0.7434 0 0
31 0.7686 0 0
32 0.7938 0 0
33 0.819 0 0
34 0.8442 0 0
35 0.8694 0 0
36 0.8946 0 0
37 0.9198 0.0186731 0.000125
38 0.945 0.0884528 0.00075
39 0.9702 0.386022 0.003625
40 0.9954 0.797228 0.009875
41 1.0206 1.25886 0.02025
42 1.0458 2.06561 0.038125
43 1.071 1.8456 0.054875
44 1.0962 2.26131 0.076375
45 1.1214 2.31158 0.099375
46 1.1466 2.47547 0.125125
47 1.1718 1.95594 0.146375
48 1.197 2.16114 0.170875
49 1.2222 2.05179 0.195125
50 1.2474 1.85804 0.218
51 1.2726 1.84372 0.241625
52 1.2978 1.6884 0.264125
53 1.323 1.66982 0.28725
54 1.3482 1.43415 0.307875
55 1.3734 1.55789 0.331125
56 1.3986 1.32457 0.351625
57 1.4238 1.41838 0.374375
58 1.449 1.3469 0.39675
59 1.4742 1.20675 0.4175
60 1.4994 1.32815 0.441125
61 1.5246 1.0875 0.461125
62 1.5498 1.00638 0.48025
63 1.575 0.99354 0.49975
64 1.6002 1.14759 0.523
65 1.6254 0.998662 0.543875
66 1.6506 1.06698 0.566875
67 1.6758 1.02951 0.58975
68 1.701 1.06475 0.614125
69 1.7262 1.13993 0.641
70 1.7514 1.13827 0.668625
71 1.7766 1.18129 0.698125
72 1.8018 1.16308 0.728
73 1.827 1.15015 0.758375
74 1.8522 1.07301 0.7875
75 1.8774 1.07129 0.817375
76 1.9026 1.10421 0.849
77 1.9278 1.04152 0.879625
78 1.953 1.08109 0.91225
79 1.9782 1.24751 0.950875
80 2.0034 1.22026 0.989625
81 2.0286 1.13254 1.0265
82 2.0538 1.07496 1.06237
83 2.079 1.13678 1.10125
84 2.1042 1.09544 1.13963
85 2.1294 1.13587 1.18037
86 2.1546 1.07542 1.21987
87 2.1798 1.09393 1.261
88 2.205 1.02033 1.30025
89 2.2302 1.07999 1.34275
90 2.2554 1.05909 1.38538
91 2.2806 1.17555 1.43375
92 2.3058 1.10839 1.48037
93 2.331 1.04385 1.52525
94 2.3562 0.99318 1.56888
95 2.3814 1.05585 1.61625
96 2.4066 1.08568 1.666
97 2.4318 0.972463 1.7115
98 2.457 1.01804 1.76012
99 2.4822 1.15133 1.81625
100 2.5074 1.01271 1.86662
4500 100
1 0.0126 0 0
2 0.0378 0 0
3 0.063 0 0
4 0.0882 0 0
5 0.1134 0 0
6 0.1386 0 0
7 0.1638 0 0
8 0.189 0 0
9 0.2142 0 0
10 0.2394 0 0
11 0.2646 0 0
12 0.2898 0 0
13 0.315 0 0
14 0.3402 0 0
15 0.3654 0 0
16 0.3906 0 0
17 0.4158 0 0
18 0.441 0 0
19 0.4662 0 0
20 0.4914 0 0
21 0.5166 0 0
22 0.5418 0 0
23 0.567 0 0
24 0.5922 0 0
25 0.6174 0 0
26 0.6426 0 0
27 0.6678 0 0
28 0.693 0 0
29 0.7182 0 0
30 0.7434 0 0
31 0.7686 0 0
32 0.7938 0 0
33 0.819 0 0
34 0.8442 0 0
35 0.8694 0 0
36 0.8946 0 0
37 0.9198 0.0186731 0.000125
38 0.945 0.194596 0.0015
39 0.9702 0.386022 0.004375
40 0.9954 0.781284 0.0105
41 1.0206 1.10719 0.019625
42 1.0458 1.93561 0.036375
43 1.071 2.45161 0.058625
44 1.0962 2.15614 0.079125
45 1.1214 2.52515 0.10425
46 1.1466 2.29521 0.128125
47 1.1718 2.19756 0.152
48 1.197 2.15011 0.176375
49 1.2222 1.9143 0.199
50 1.2474 1.80728 0.22125
51 1.2726 1.91201 0.24575
52 1.2978 1.79158 0.269625
53 1.323 1.733 0.293625
54 1.3482 1.55583 0.316
55 1.3734 1.48251 0.338125
56 1.3986 1.55072 0.362125
57 1.4238 1.42618 0.385
58 1.449 1.51997 0.41025
59 1.4742 1.19948 0.430875
60 1.4994 1.44059 0.4565
61 1.5246 1.06031 0.476
62 1.5498 1.12478 0.497375
63 1.575 1.02538 0.5175
64 1.6002 1.24631 0.54275
65 1.6254 1.03454 0.564375
66 1.6506 1.04379 0.586875
67 1.6758 1.08577 0.611
68 1.701 1.19034 0.63825
69 1.7262 0.911947 0.65975
70 1.7514 1.09707 0.686375
71 1.7766 1.19631 0.71625
72 1.8018 1.10468 0.744625
73 1.827 0.993954 0.770875
74 1.8522 1.14209 0.801875
75 1.8774 1.06681 0.831625
76 1.9026 1.16967 0.865125
77 1.9278 1.09678 0.897375
78 1.953 1.21364 0.934
79 1.9782 1.16273 0.97
80 2.0034 1.14547 1.00638
81 2.0286 1.02889 1.03987
82 2.0538 1.1199 1.07725
83 2.079 1.06002 1.1135
84 2.1042 1.08831 1.15162
85 2.1294 0.982564 1.18688
86 2.1546 1.07202 1.22625
87 2.1798 1.01413 1.26438
88 2.205 1.01058 1.30325
89 2.2302 1.14669 1.34837
90 2.2554 0.981446 1.38787
91 2.2806 0.98114 1.42825
92 2.3058 1.08462 1.47388
93 2.331 0.985694 1.51625
94 2.3562 1.02164 1.56113
95 2.3814 0.972272 1.60475
96 2.4066 0.927467 1.64725
97 2.4318 0.913687 1.69
98 2.457 1.05207 1.74025
99 2.4822 1.03338 1.79062
100 2.5074 0.887064 1.83475
5000 100
1 0.0126 0 0
2 0.0378 0 0
3 0.063 0 0
4 0.0882 0 0
5 0.1134 0 0
6 0.1386 0 0
7 0.1638 0 0
8 0.189 0 0
9 0.2142 0 0
10 0.2394 0 0
11 0.2646 0 0
12 0.2898 0 0
13 0.315 0 0
14 0.3402 0 0
15 0.3654 0 0
16 0.3906 0 0
17 0.4158 0 0
18 0.441 0 0
19 0.4662 0 0
20 0.4914 0 0
21 0.5166 0 0
22 0.5418 0 0
23 0.567 0 0
24 0.5922 0 0
25 0.6174 0 0
26 0.6426 0 0
27 0.6678 0 0
28 0.693 0 0
29 0.7182 0 0
30 0.7434 0 0
31 0.7686 0 0
32 0.7938 0 0
33 0.819 0 0
34 0.8442 0 0
35 0.8694 0 0
36 0.8946 0 0
37 0.9198 0 0
38 0.945 0.0707623 0.0005
39 0.9702 0.402806 0.0035
40 0.9954 0.765339 0.0095
41 1.0206 1.45603 0.0215
42 1.0458 1.9645 0.0385
43 1.071 2.45161 0.06075
44 1.0962 2.58999 0.085375
45 1.1214 2.60053 0.11125
46 1.1466 2.63168 0.138625
47 1.1718 2.53122 0.166125
48 1.197 2.15011 0.1905
49 1.2222 2.05179 0.21475
50 1.2474 2.18295 0.241625
51 1.2726 1.85347 0.265375
52 1.2978 1.81034 0.2895
53 1.323 1.6969 0.313
54 1.3482 1.57322 0.335625
55 1.3734 1.3485 0.35575
56 1.3986 1.4538 0.37825
57 1.4238 1.36383 0.400125
58 1.449 1.22651 0.4205
59 1.4742 1.3376 0.4435
60 1.4994 1.24382 0.465625
61 1.5246 1.33219 0.490125
62 1.5498 1.10504 0.511125
63 1.575 1.19097 0.5345
64 1.6002 1.00568 0.554875
65 1.6254 0.992682 0.575625
66 1.6506 1.11917 0.59975
67 1.6758 1.08577 0.623875
68 1.701 1.08113 0.648625
69 1.7262 1.07631 0.674
70 1.7514 1.26703 0.70475
71 1.7766 1.07618 0.731625
72 1.8018 1.10468 0.76
73 1.827 1.11228 0.789375
74 1.8522 0.925646 0.8145
75 1.8774 1.03992 0.8435
76 1.9026 1.14785 0.876375
77 1.9278 1.11379 0.909125
78 1.953 1.14322 0.943625
79 1.9782 1.15869 0.9795
80 2.0034 1.04312 1.01262
81 2.0286 1.06344 1.04725
82 2.0538 1.03376 1.08175
83 2.079 0.910157 1.11287
84 2.1042 1.14897 1.15312
85 2.1294 1.01741 1.18962
86 2.1546 1.05841 1.2285
87 2.1798 1.12718 1.27087
88 2.205 1.10481 1.31337
89 2.2302 0.987869 1.35225
90 2.2554 1.01561 1.39312
91 2.2806 1.01759 1.435
92 2.3058 1.00141 1.47712
93 2.331 0.91591 1.5165
94 2.3562 0.998872 1.56038
95 2.3814 1.06142 1.608
96 2.4066 1.00657 1.65412
97 2.4318 0.980477 1.7
98 2.457 0.970937 1.74637
99 2.4822 1.06928 1.7985
100 2.5074 0.969991 1.84675
5500 100
1 0.0126 0 0
2 0.0378 0 0
3 0.063 0 0
4 0.0882 0 0
5 0.1134 0 0
6 0.1386 0 0
7 0.1638 0 0
8 0.189 0 0
9 0.2142 0 0
10 0.2394 0 0
11 0.2646 0 0
12 0.2898 0 0
13 0.315 0 0
14 0.3402 0 0
15 0.3654 0 0
16 0.3906 0 0
17 0.4158 0 0
18 0.441 0 0
19 0.4662 0 0
20 0.4914 0 0
21 0.5166 0 0
22 0.5418 0 0
23 0.567 0 0
24 0.5922 0 0
25 0.6174 0 0
26 0.6426 0 0
27 0.6678 0 0
28 0.693 0 0
29 0.7182 0 0
30 0.7434 0 0
31 0.7686 0 0
32 0.7938 0 0
33 0.819 0 0
34 0.8442 0 0
35 0.8694 0 0
36 0.8946 0 0
37 0.9198 0.0186731 0.000125
38 0.945 0.159215 0.00125
39 0.9702 0.318888 0.003625
40 0.9954 0.765339 0.009625
41 1.0206 1.51669 0.022125
42 1.0458 1.89227 0.0385
43 1.071 2.57557 0.061875
44 1.0962 3.037 0.09075
45 1.1214 2.3744 0.114375
46 1.1466 2.16303 0.136875
47 1.1718 2.55423 0.164625
48 1.197 1.99575 0.18725
49 1.2222 2.00949 0.211
50 1.2474 1.89866 0.234375
51 1.2726 2.24368 0.263125
52 1.2978 1.75406 0.2865
53 1.323 1.56151 0.308125
54 1.3482 1.54714 0.330375
55 1.3734 1.15586 0.347625
56 1.3986 1.55072 0.371625
57 1.4238 1.37162 0.393625
58 1.449 1.32433 0.415625
59 1.4742 1.30125 0.438
60 1.4994 1.19463 0.45925
61 1.5246 1.00594 0.47775
62 1.5498 1.12478 0.499125
63 1.575 1.00628 0.518875
64 1.6002 1.12908 0.54175
65 1.6254 1.0764 0.56425
66 1.6506 1.15976 0.58925
67 1.6758 1.11389 0.614
68 1.701 1.12482 0.63975
69 1.7262 1.01799 0.66375
70 1.7514 1.08161 0.69
71 1.7766 1.13624 0.718375
72 1.8018 1.08035 0.746125
73 1.827 1.08862 0.774875
74 1.8522 1.14209 0.805875
75 1.8774 1.19232 0.839125
76 1.9026 1.22641 0.87425
77 1.9278 1.03727 0.90475
78 1.953 1.06866 0.937
79 1.9782 1.11024 0.971375
80 2.0034 1.12185 1.007
81 2.0286 1.13254 1.04388
82 2.0538 1.0787 1.07987
83 2.079 1.1514 1.11925
84 2.1042 1.10972 1.15813
85 2.1294 1.18117 1.2005
86 2.1546 1.07202 1.23988
87 2.1798 1.04738 1.27925
88 2.205 1.06907 1.32037
89 2.2302 1.07999 1.36287
90 2.2554 0.990764 1.40275
91 2.2806 1.03885 1.4455
92 2.3058 1.02519 1.48862
93 2.331 0.976971 1.53062
94 2.3562 1.00741 1.57488
95 2.3814 0.941627 1.61713
96 2.4066 1.01203 1.6635
97 2.4318 0.929717 1.707
98 2.457 0.918595 1.75087
99 2.4822 1.00517 1.79987
100 2.5074 1.01271 1.85025
6000 100
1 0.0126 0 0
2 0.0378 0 0
3 0.063 0 0
4 0.0882 0 0
5 0.1134 0 0
6 0.1386 0 0
7 0.1638 0 0
8 0.189 0 0
9 0.2142 0 0
10 0.2394 0 0
11 0.2646 0 0
12 0.2898 0 0
13 0.315 0 0
14 0.3402 0 0
15 0.3654 0 0
16 0.3906 0 0
17 0.4158 0 0
18 0.441 0 0
19 0.4662 0 0
20 0.4914 0 0
21 0.5166 0 0
22 0.5418 0 0
23 0.567 0 0
24 0.5922 0 0
25 0.6174 0 0
26 0.6426 0 0
27 0.6678 0 0
28 0.693 0 0
29 0.7182 0 0
30 0.7434 0 0
31 0.7686 0 0
32 0.7938 0 0
33 0.819 0 0
34 0.8442 0 0
35 0.8694 0 0
36 0.8946 0 0
37 0.9198 0 0
38 0.945 0.123834 0.000875
39 0.9702 0.52029 0.00475
40 0.9954 0.749395 0.010625
41 1.0206 1.27402 0.021125
42 1.0458 1.8345 0.037
43 1.071 2.46539 0.059375
44 1.0962 2.62943 0.084375
45 1.1214 2.26133 0.106875
46 1.1466 2.48748 0.13275
47 1.1718 2.40466 0.158875
48 1.197 2.44782 0.186625
49 1.2222 2.22101 0.212875
50 1.2474 1.85804 0.23575
51 1.2726 1.97054 0.261
52 1.2978 1.79158 0.284875
53 1.323 1.60664 0.307125
54 1.3482 1.41676 0.3275
55 1.3734 1.46576 0.349375
56 1.3986 1.35688 0.370375
57 1.4238 1.41838 0.393125
58 1.449 1.11364 0.411625
59 1.4742 1.38848 0.4355
60 1.4994 1.08922 0.454875
61 1.5246 1.07391 0.474625
62 1.5498 1.02611 0.494125
63 1.575 1.17187 0.517125
64 1.6002 0.962494 0.536625
65 1.6254 0.849161 0.554375
66 1.6506 0.979999 0.5755
67 1.6758 0.990128 0.5975
68 1.701 1.03199 0.621125
69 1.7262 1.01799 0.645125
70 1.7514 1.15372 0.673125
71 1.7766 1.08118 0.700125
72 1.8018 1.05115 0.727125
73 1.827 0.998687 0.7535
74 1.8522 1.13748 0.784375
75 1.8774 1.01302 0.812625
76 1.9026 1.14349 0.845375
77 1.9278 1.1563 0.879375
78 1.953 1.15565 0.91425
79 1.9782 1.11832 0.948875
80 2.0034 0.999824 0.980625
81 2.0286 1.00201 1.01325
82 2.0538 0.98132 1.046
83 2.079 1.16968 1.086
84 2.1042 1.12756 1.1255
85 2.1294 1.08012 1.16425
86 2.1546 1.18433 1.20775
87 2.1798 0.974228 1.24438
88 2.205 1.05932 1.28513
89 2.2302 1.05775 1.32675
90 2.2554 0.894483 1.36275
91 2.2806 1.06923 1.40675
92 2.3058 1.0341 1.45025
93 2.331 1.02931 1.4945
94 2.3562 0.964722 1.53687
95 2.3814 1.15057 1.5885
96 2.4066 1.14297 1.64087
97 2.4318 1.01521 1.68838
98 2.457 1.00496 1.73638
99 2.4822 1.04363 1.78725
100 2.5074 1.02528 1.83825
6500 100
1 0.0126 0 0
2 0.0378 0 0
3 0.063 0 0
4 0.0882 0 0
5 0.1134 0 0
6 0.1386 0 0
7 0.1638 0 0
8 0.189 0 0
9 0.2142 0 0
10 0.2394 0 0
11 0.2646 0 0
12 0.2898 0 0
13 0.315 0 0
14 0.3402 0 0
15 0.3654 0 0
16 0.3906 0 0
17 0.4158 0 0
18 0.441 0 0
19 0.4662 0 0
20 0.4914 0 0
21 0.5166 0 0
22 0.5418 0 0
23 0.567 0 0
24 0.5922 0 0
25 0.6174 0 0
26 0.6426 0 0
27 0.6678 0 0
28 0.693 0 0
29 0.7182 0 0
30 0.7434 0 0
31 0.7686 0 0
32 0.7938 0 0
33 0.819 0 0
34 0.8442 0 0
35 0.8694 0 0
36 0.8946 0 0
37 0.9198 0.0373463 0.00025
38 0.945 0.106143 0.001
39 0.9702 0.285321 0.003125
40 0.9954 0.765339 0.009125
41 1.0206 1.57736 0.022125
42 1.0458 2.13784 0.040625
43 1.071 2.16238 0.06025
44 1.0962 2.41908 0.08325
45 1.1214 2.29902 0.106125
46 1.1466 2.63168 0.1335
47 1.1718 2.20907 0.1575
48 1.197 1.96267 0.17975
49 1.2222 2.14698 0.205125
50 1.2474 1.99004 0.229625
51 1.2726 1.79494 0.252625
52 1.2978 1.66026 0.27475
53 1.323 1.65177 0.297625
54 1.3482 1.382 0.3175
55 1.3734 1.57465 0.341
56 1.3986 1.50226 0.36425
57 1.4238 1.2781 0.38475
58 1.449 1.3168 0.406625
59 1.4742 1.29398 0.428875
60 1.4994 1.06112 0.44775
61 1.5246 1.13508 0.468625
62 1.5498 1.19713 0.491375
63 1.575 1.07633 0.5125
64 1.6002 1.05504 0.533875
65 1.6254 1.08238 0.5565
66 1.6506 1.06118 0.579375
67 1.6758 1.1364 0.604625
68 1.701 0.933707 0.626
69 1.7262 1.16114 0.653375
70 1.7514 1.08161 0.679625
71 1.7766 1.04614 0.70575
72 1.8018 1.04628 0.732625
73 1.827 1.02709 0.75975
74 1.8522 1.01314 0.78725
75 1.8774 1.17887 0.820125
76 1.9026 1.18277 0.854
77 1.9278 1.07553 0.885625
78 1.953 1.03967 0.917
79 1.9782 1.06987 0.950125
80 2.0034 1.04312 0.98325
81 2.0286 0.9713 1.01487
82 2.0538 1.03001 1.04925
83 2.079 1.00154 1.0835
84 2.1042 1.0776 1.12125
85 2.1294 1.108 1.161
86 2.1546 1.01076 1.19813
87 2.1798 1.03075 1.23687
88 2.205 0.929341 1.27263
89 2.2302 0.971987 1.31088
90 2.2554 0.847895 1.345
91 2.2806 1.14517 1.39213
92 2.3058 1.0133 1.43475
93 2.331 1.00896 1.47813
94 2.3562 1.00741 1.52237
95 2.3814 1.07535 1.57062
96 2.4066 0.987479 1.61588
97 2.4318 0.993835 1.66238
98 2.457 1.03898 1.712
99 2.4822 1.05389 1.76337
100 2.5074 1.00517 1.81338
7000 100
1 0.0126 0 0
2 0.0378 0 0
3 0.063 0 0
4 0.0882 0 0
5 0.1134 0 0
6 0.1386 0 0
7 0.1638 0 0
8 0.189 0 0
9 0.2142 0 0
10 0.2394 0 0
11 0.2646 0 0
12 0.2898 0 0
13 0.315 0 0
14 0.3402 0 0
15 0.3654 0 0
16 0.3906 0 0
17 0.4158 0 0
18 0.441 0 0
19 0.4662 0 0
20 0.4914 0 0
21 0.5166 0 0
22 0.5418 0 0
23 0.567 0 0
24 0.5922 0 0
25 0.6174 0 0
26 0.6426 0 0
27 0.6678 0 0
28 0.693 0 0
29 0.7182 0 0
30 0.7434 0 0
31 0.7686 0 0
32 0.7938 0 0
33 0.819 0 0
34 0.8442 0 0
35 0.8694 0 0
36 0.8946 0 0
37 0.9198 0.0186731 0.000125
38 0.945 0.0707623 0.000625
39 0.9702 0.453156 0.004
40 0.9954 0.73345 0.00975
41 1.0206 1.48636 0.022
42 1.0458 2.28229 0.04175
43 1.071 2.60312 0.065375
44 1.0962 2.55055 0.089625
45 1.1214 2.60053 0.1155
46 1.1466 2.67975 0.143375
47 1.1718 2.46219 0.170125
48 1.197 2.24935 0.195625
49 1.2222 1.93545 0.2185
50 1.2474 1.85804 0.241375
51 1.2726 1.91201 0.265875
52 1.2978 1.76344 0.289375
53 1.323 1.80521 0.314375
54 1.3482 1.3733 0.334125
55 1.3734 1.47414 0.356125
56 1.3986 1.51034 0.3795
57 1.4238 1.38721 0.40175
58 1.449 1.16631 0.421125
59 1.4742 1.06135 0.439375
60 1.4994 1.27896 0.462125
61 1.5246 1.02633 0.481
62 1.5498 1.1182 0.50225
63 1.575 1.01265 0.522125
64 1.6002 0.987174 0.542125
65 1.6254 0.962782 0.56225
66 1.6506 1.09018 0.58575
67 1.6758 0.995753 0.607875
68 1.701 1.10298 0.633125
69 1.7262 0.996779 0.656625
70 1.7514 1.07131 0.682625
71 1.7766 1.04614 0.70875
72 1.8018 1.11441 0.737375
73 1.827 1.10755 0.766625
74 1.8522 1.08222 0.796
75 1.8774 1.08474 0.82625
76 1.9026 1.12603 0.8585
77 1.9278 0.964999 0.886875
78 1.953 1.05209 0.918625
79 1.9782 0.960864 0.948375
80 2.0034 1.08642 0.982875
81 2.0286 1.10183 1.01875
82 2.0538 1.10492 1.05563
83 2.079 1.13678 1.0945
84 2.1042 1.09901 1.133
85 2.1294 0.996501 1.16875
86 2.1546 1.10605 1.20937
87 2.1798 1.0906 1.25037
88 2.205 1.10481 1.29287
89 2.2302 1.14669 1.338
90 2.2554 1.1181 1.383
91 2.2806 1.11176 1.42875
92 2.3058 0.99547 1.47062
93 2.331 1.04966 1.51575
94 2.3562 1.05294 1.562
95 2.3814 1.0447 1.60888
96 2.4066 1.02021 1.65563
97 2.4318 0.993835 1.70212
98 2.457 1.07039 1.75325
99 2.4822 1.06158 1.805
100 2.5074 1.02025 1.85575
7500 100
1 0.0126 0 0
2 0.0378 0 0
3 0.063 0 0
4 0.0882 0 0
5 0.1134 0 0
6 0.1386 0 0
7 0.1638 0 0
8 0.189 0 0
9 0.2142 0 0
10 0.2394 0 0
11 0.2646 0 0
12 0.2898 0 0
13 0.315 0 0
14 0.3402 0 0
15 0.3654 0 0
16 0.3906 0 0
17 0.4158 0 0
18 0.441 0 0
19 0.4662 0 0
20 0.4914 0 0
21 0.5166 0 0
22 0.5418 0 0
23 0.567 0 0
24 0.5922 0 0
25 0.6174 0 0
26 0.6426 0 0
27 0.6678 0 0
28 0.693 0 0
29 0.7182 0 0
30 0.7434 0 0
31 0.7686 0 0
32 0.7938 0 0
33 0.819 0 0
34 0.8442 0 0
35 0.8694 0 0
36 0.8946 0 0
37 0.9198 0.0186731 0.000125
38 0.945 0.106143 0.000875
39 0.9702 0.369238 0.003625
40 0.9954 0.813173 0.01
41 1.0206 1.16785 0.019625
42 1.0458 1.70449 0.034375
43 1.071 2.14861 0.053875
44 1.0962 2.30076 0.07575
45 1.1214 2.39952 0.099625
46 1.1466 2.43942 0.125
47 1.1718 1.95594 0.14625
48 1.197 2.00677 0.169
49 1.2222 1.90372 0.1915
50 1.2474 1.81743 0.213875
51 1.2726 1.51205 0.23325
52 1.2978 1.83848 0.25775
53 1.323 1.54346 0.279125
54 1.3482 1.40807 0.299375
55 1.3734 1.35688 0.319625
56 1.3986 1.41342 0.3415
57 1.4238 1.45735 0.364875
58 1.449 1.27918 0.386125
59 1.4742 1.39575 0.410125
60 1.4994 1.3141 0.4335
61 1.5246 1.16227 0.454875
62 1.5498 1.24975 0.478625
63 1.575 1.17824 0.50175
64 1.6002 1.1044 0.524125
65 1.6254 1.06444 0.546375
66 1.6506 1.16556 0.5715
67 1.6758 1.15327 0.597125
68 1.701 1.21764 0.625
69 1.7262 1.13463 0.65175
70 1.7514 1.09707 0.678375
71 1.7766 1.13624 0.70675
72 1.8018 1.16308 0.736625
73 1.827 1.11702 0.766125
74 1.8522 1.04538 0.7945
75 1.8774 1.08922 0.824875
76 1.9026 1.02565 0.85425
77 1.9278 1.21581 0.89
78 1.953 1.12665 0.924
79 1.9782 0.997199 0.954875
80 2.0034 1.1376 0.991
81 2.0286 1.13254 1.02788
82 2.0538 1.17234 1.067
83 2.079 1.02712 1.10213
84 2.1042 1.09901 1.14062
85 2.1294 0.986048 1.176
86 2.1546 0.952908 1.211
87 2.1798 1.02743 1.24963
88 2.205 1.03982 1.28963
89 2.2302 0.946575 1.32688
90 2.2554 1.0622 1.36963
91 2.2806 0.99329 1.4105
92 2.3058 0.959812 1.45088
93 2.331 0.918818 1.49038
94 2.3562 1.02448 1.53538
95 2.3814 0.991773 1.57988
96 2.4066 1.03112 1.62712
97 2.4318 1.05795 1.67663
98 2.457 0.944766 1.72175
99 2.4822 0.92568 1.76687
100 2.5074 0.992607 1.81625
8000 100
1 0.0126 0 0
2 0.0378 0 0
3 0.063 0 0
4 0.0882 0 0
5 0.1134 0 0
6 0.1386 0 0
7 0.1638 0 0
8 0.189 0 0
9 0.2142 0 0
10 0.2394 0 0
11 0.2646 0 0
12 0.2898 0 0
13 0.315 0 0
14 0.3402 0 0
15 0.3654 0 0
16 0.3906 0 0
17 0.4158 0 0
18 0.441 0 0
19 0.4662 0 0
20 0.4914 0 0
21 0.5166 0 0
22 0.5418 0 0
23 0.567 0 0
24 0.5922 0 0
25 0.6174 0 0
26 0.6426 0 0
27 0.6678 0 0
28 0.693 0 0
29 0.7182 0 0
30 0.7434 0 0
31 0.7686 0 0
32 0.7938 0 0
33 0.819 0 0
34 0.8442 0 0
35 0.8694 0 0
36 0.8946 0 0
37 0.9198 0 0
38 0.945 0.176906 0.00125
39 0.9702 0.419589 0.004375
40 0.9954 0.829117 0.010875
41 1.0206 1.59253 0.024
42 1.0458 1.58893 0.03775
43 1.071 2.31388 0.05875
44 1.0962 2.23502 0.08
45 1.1214 2.50003 0.104875
46 1.1466 2.61967 0.132125
47 1.1718 2.16304 0.155625
48 1.197 2.26038 0.18125
49 1.2222 2.1364 0.2065
50 1.2474 1.75651 0.228125
51 1.2726 1.90225 0.2525
52 1.2978 1.77282 0.276125
53 1.323 1.70593 0.29975
54 1.3482 1.50368 0.321375
55 1.3734 1.23961 0.339875
56 1.3986 1.46188 0.3625
57 1.4238 1.44176 0.385625
58 1.449 1.36195 0.40825
59 1.4742 1.14132 0.427875
60 1.4994 1.24382 0.45
61 1.5246 1.16227 0.471375
62 1.5498 1.40762 0.498125
63 1.575 1.35656 0.52475
64 1.6002 1.17227 0.5485
65 1.6254 1.09434 0.571375
66 1.6506 1.01479 0.59325
67 1.6758 1.05201 0.616625
68 1.701 1.15758 0.643125
69 1.7262 1.18765 0.671125
70 1.7514 1.04556 0.6965
71 1.7766 1.16127 0.7255
72 1.8018 1.20201 0.756375
73 1.827 1.18328 0.787625
74 1.8522 1.10525 0.817625
75 1.8774 1.28197 0.853375
76 1.9026 1.14785 0.88625
77 1.9278 1.02026 0.91625
78 1.953 1.13494 0.9505
79 1.9782 1.13043 0.9855
80 2.0034 1.07461 1.01963
81 2.0286 1.18629 1.05825
82 2.0538 1.13489 1.09613
83 2.079 1.06368 1.1325
84 2.1042 1.10615 1.17125
85 2.1294 1.05922 1.20925
86 2.1546 1.02097 1.24675
87 2.1798 1.1305 1.28925
88 2.205 1.16005 1.33388
89 2.2302 1.07681 1.37625
90 2.2554 1.01872 1.41725
91 2.2806 1.04189 1.46013
92 2.3058 1.06679 1.505
93 2.331 1.08746 1.55175
94 2.3562 1.07002 1.59875
95 2.3814 1.05585 1.64613
96 2.4066 1.0775 1.6955
97 2.4318 0.969791 1.74088
98 2.457 0.978788 1.78763
99 2.4822 0.989786 1.83588
100 2.5074 1.00768 1.886
8500 100
1 0.0126 0 0
2 0.0378 0 0
3 0.063 0 0
4 0.0882 0 0
5 0.1134 0 0
6 0.1386 0 0
7 0.1638 0 0
8 0.189 0 0
9 0.2142 0 0
10 0.2394 0 0
11 0.2646 0 0
12 0.2898 0 0
13 0.315 0 0
14 0.3402 0 0
15 0.3654 0 0
16 0.3906 0 0
17 0.4158 0 0
18 0.441 0 0
19 0.4662 0 0
20 0.4914 0 0
21 0.5166 0 0
22 0.5418 0 0
23 0.567 0 0
24 0.5922 0 0
25 0.6174 0 0
26 0.6426 0 0
27 0.6678 0 0
28 0.693 0 0
29 0.7182 0 0
30 0.7434 0 0
31 0.7686 0 0
32 0.7938 0 0
33 0.819 0 0
34 0.8442 0 0
35 0.8694 0 0
36 0.8946 0 0
37 0.9198 0.0186731 0.000125
38 0.945 0.0530717 0.0005
39 0.9702 0.486723 0.004125
40 0.9954 0.701561 0.009625
41 1.0206 1.15269 0.019125
42 1.0458 2.08006 0.037125
43 1.071 2.78217 0.062375
44 1.0962 2.64258 0.0875
45 1.1214 2.78898 0.11525
46 1.1466 2.41538 0.140375
47 1.1718 2.22057 0.1645
48 1.197 2.10601 0.188375
49 1.2222 2.3585 0.21625
50 1.2474 2.09157 0.242
51 1.2726 1.59984 0.2625
52 1.2978 1.5477 0.283125
53 1.323 1.81424 0.30825
54 1.3482 1.54714 0.3305
55 1.3734 1.56627 0.353875
56 1.3986 1.2115 0.372625
57 1.4238 1.25472 0.39275
58 1.449 1.36948 0.4155
59 1.4742 1.31579 0.438125
60 1.4994 1.42653 0.4635
61 1.5246 1.10109 0.48375
62 1.5498 1.24975 0.5075
63 1.575 1.31835 0.533375
64 1.6002 1.25248 0.55875
65 1.6254 1.0764 0.58125
66 1.6506 1.03799 0.603625
67 1.6758 1.04076 0.62675
68 1.701 1.21218 0.6545
69 1.7262 1.18765 0.6825
70 1.7514 1.08676 0.708875
71 1.7766 1.00109 0.733875
72 1.8018 1.05602 0.761
73 1.827 1.12648 0.79075
74 1.8522 1.08683 0.82025
75 1.8774 1.07578 0.85025
76 1.9026 1.11294 0.882125
77 1.9278 1.08403 0.914
78 1.953 1.11837 0.94775
79 1.9782 1.06583 0.98075
80 2.0034 1.051 1.01413
81 2.0286 1.06344 1.04875
82 2.0538 1.10867 1.08575
83 2.079 1.14775 1.125
84 2.1042 1.14183 1.165
85 2.1294 1.10103 1.2045
86 2.1546 1.10946 1.24525
87 2.1798 1.0108 1.28325
88 2.205 1.02358 1.32263
89 2.2302 1.0101 1.36238
90 2.2554 1.07773 1.40575
91 2.2806 1.09049 1.45063
92 2.3058 1.03113 1.494
93 2.331 1.03803 1.53863
94 2.3562 1.03587 1.58413
95 2.3814 1.11157 1.634
96 2.4066 1.08023 1.6835
97 2.4318 1.03124 1.73175
98 2.457 1.04945 1.78188
99 2.4822 1.13338 1.83713
100 2.5074 1.15595 1.89463
9000 100
1 0.0126 0 0
2 0.0378 0 0
3 0.063 0 0
4 0.0882 0 0
5 0.1134 0 0
6 0.1386 0 0
7 0.1638 0 0
8 0.189 0 0
9 0.2142 0 0
10 0.2394 0 0
11 0.2646 0 0
12 0.2898 0 0
13 0.315 0 0
14 0.3402 0 0
15 0.3654 0 0
16 0.3906 0 0
17 0.4158 0 0
18 0.441 0 0
19 0.4662 0 0
20 0.4914 0 0
21 0.5166 0 0
22 0.5418 0 0
23 0.567 0 0
24 0.5922 0 0
25 0.6174 0 0
26 0.6426 0 0
27 0.6678 0 0
28 0.693 0 0
29 0.7182 0 0
30 0.7434 0 0
31 0.7686 0 0
32 0.7938 0 0
33 0.819 0 0
34 0.8442 0 0
35 0.8694 0 0
36 0.8946 0 0
37 0.9198 0 0
38 0.945 0.123834 0.000875
39 0.9702 0.386022 0.00375
40 0.9954 1.00451 0.011625
41 1.0206 1.33469 0.022625
42 1.0458 1.89227 0.039
43 1.071 2.07974 0.057875
44 1.0962 2.72146 0.08375
45 1.1214 2.42465 0.107875
46 1.1466 2.39135 0.13275
47 1.1718 2.32412 0.158
48 1.197 1.97369 0.180375
49 1.2222 2.04121 0.2045
50 1.2474 2.00019 0.229125
51 1.2726 1.65837 0.250375
52 1.2978 1.6884 0.272875
53 1.323 1.733 0.296875
54 1.3482 1.40807 0.317125
55 1.3734 1.55789 0.340375
56 1.3986 1.33265 0.361
57 1.4238 1.2781 0.3815
58 1.449 1.22651 0.401875
59 1.4742 1.15586 0.42175
60 1.4994 1.20166 0.443125
61 1.5246 1.23023 0.46575
62 1.5498 1.13135 0.48725
63 1.575 1.14639 0.50975
64 1.6002 1.04887 0.531
65 1.6254 1.24982 0.557125
66 1.6506 1.13077 0.5815
67 1.6758 1.04076 0.604625
68 1.701 1.15212 0.631
69 1.7262 0.949061 0.653375
70 1.7514 1.10737 0.68025
71 1.7766 1.08619 0.707375
72 1.8018 1.12415 0.73625
73 1.827 1.14541 0.7665
74 1.8522 1.09604 0.79625
75 1.8774 1.03544 0.825125
76 1.9026 1.21768 0.86
77 1.9278 1.07128 0.8915
78 1.953 1.16393 0.926625
79 1.9782 1.09813 0.960625
80 2.0034 1.01163 0.99275
81 2.0286 1.00969 1.02563
82 2.0538 1.09368 1.06213
83 2.079 1.06368 1.0985
84 2.1042 1.12756 1.138
85 2.1294 1.05922 1.176
86 2.1546 1.17752 1.21925
87 2.1798 1.00748 1.25712
88 2.205 1.04957 1.2975
89 2.2302 1.03869 1.33838
90 2.2554 1.18643 1.38612
91 2.2806 1.19377 1.43525
92 2.3058 1.21834 1.4865
93 2.331 1.09909 1.53375
94 2.3562 1.09563 1.58187
95 2.3814 1.13107 1.63262
96 2.4066 1.05022 1.68075
97 2.4318 1.18619 1.73625
98 2.457 1.05207 1.7865
99 2.4822 0.953887 1.833
100 2.5074 1.03281 1.88438
9500 100
1 0.0126 0 0
2 0.0378 0 0
3 0.063 0 0
4 0.0882 0 0
5 0.1134 0 0
6 0.1386 0 0
7 0.1638 0 0
8 0.189 0 0
9 0.2142 0 0
10 0.2394 0 0
11 0.2646 0 0
12 0.2898 0 0
13 0.315 0 0
14 0.3402 0 0
15 0.3654 0 0
16 0.3906 0 0
17 0.4158 0 0
18 0.441 0 0
19 0.4662 0 0
20 0.4914 0 0
21 0.5166 0 0
22 0.5418 0 0
23 0.567 0 0
24 0.5922 0 0
25 0.6174 0 0
26 0.6426 0 0
27 0.6678 0 0
28 0.693 0 0
29 0.7182 0 0
30 0.7434 0 0
31 0.7686 0 0
32 0.7938 0 0
33 0.819 0 0
34 0.8442 0 0
35 0.8694 0 0
36 0.8946 0 0
37 0.9198 0 0
38 0.945 0.0353811 0.00025
39 0.9702 0.386022 0.003125
40 0.9954 1.02045 0.011125
41 1.0206 1.10719 0.02025
42 1.0458 1.92116 0.036875
43 1.071 2.18993 0.05675
44 1.0962 2.44537 0.08
45 1.1214 2.16083 0.1015
46 1.1466 2.59563 0.1285
47 1.1718 2.071 0.151
48 1.197 1.7642 0.171
49 1.2222 2.40081 0.199375
50 1.2474 1.90881 0.222875
51 1.2726 1.88274 0.247
52 1.2978 1.66964 0.26925
53 1.323 1.58859 0.29125
54 1.3482 1.50368 0.312875
55 1.3734 1.33175 0.33275
56 1.3986 1.28419 0.352625
57 1.4238 1.29369 0.373375
58 1.449 1.4071 0.39675
59 1.4742 1.20675 0.4175
60 1.4994 1.44059 0.443125
61 1.5246 1.12828 0.463875
62 1.5498 0.973491 0.482375
63 1.575 1.22282 0.506375
64 1.6002 1.11057 0.528875
65 1.6254 1.0465 0.55075
66 1.6506 1.17716 0.576125
67 1.6758 1.12515 0.601125
68 1.701 1.15212 0.6275
69 1.7262 1.11342 0.65375
70 1.7514 1.02496 0.678625
71 1.7766 1.15126 0.707375
72 1.8018 1.10468 0.73575
73 1.827 1.18801 0.767125
74 1.8522 1.0638 0.796
75 1.8774 1.08026 0.826125
76 1.9026 1.01255 0.855125
77 1.9278 1.16905 0.8895
78 1.953 1.11837 0.92325
79 1.9782 1.21521 0.960875
80 2.0034 1.10217 0.995875
81 2.0286 0.940587 1.0265
82 2.0538 1.1611 1.06525
83 2.079 1.09292 1.10263
84 2.1042 1.10615 1.14138
85 2.1294 1.09754 1.18075
86 2.1546 1.22517 1.22575
87 2.1798 1.16375 1.2695
88 2.205 1.09506 1.31163
89 2.2302 1.11175 1.35537
90 2.2554 0.959705 1.394
91 2.2806 1.02974 1.43638
92 2.3058 1.04004 1.48013
93 2.331 1.00605 1.52338
94 2.3562 1.02164 1.56825
95 2.3814 1.0447 1.61513
96 2.4066 0.995663 1.66075
97 2.4318 1.02322 1.70863
98 2.457 1.1332 1.76275
99 2.4822 1.03594 1.81325
100 2.5074 1.06799 1.86637
10000 100
1 0.0126 0 0
2 0.0378 0 0
3 0.063 0 0
4 0.0882 0 0
5 0.1134 0 0
6 0.1386 0 0
7 0.1638 0 0
8 0.189 0 0
9 0.2142 0 0
10 0.2394 0 0
11 0.2646 0 0
12 0.2898 0 0
13 0.315 0 0
14 0.3402 0 0
15 0.3654 0 0
16 0.3906 0 0
17 0.4158 0 0
18 0.441 0 0
19 0.4662 0 0
20 0.4914 0 0
21 0.5166 0 0
22 0.5418 0 0
23 0.567 0 0
24 0.5922 0 0
25 0.6174 0 0
26 0.6426 0 0
27 0.6678 0 0
28 0.693 0 0
29 0.7182 0 0
30 0.7434 0 0
31 0.7686 0 0
32 0.7938 0 0
33 0.819 0 0
34 0.8442 0 0
35 0.8694 0 0
36 0.8946 0 0
37 0.9198 0 0
38 0.945 0.106143 0.00075
39 0.9702 0.402806 0.00375
40 0.9954 0.765339 0.00975
41 1.0206 1.42569 0.0215
42 1.0458 2.06561 0.039375
43 1.071 2.38275 0.061
44 1.0962 2.40593 0.083875
45 1.1214 2.53772 0.109125
46 1.1466 2.37933 0.133875
47 1.1718 2.34713 0.159375
48 1.197 2.16114 0.183875
49 1.2222 2.16813 0.2095
50 1.2474 1.97988 0.233875
51 1.2726 2.10711 0.260875
52 1.2978 1.63212 0.282625
53 1.323 1.68787 0.306
54 1.3482 1.53845 0.328125
55 1.3734 1.28987 0.347375
56 1.3986 1.39726 0.369
57 1.4238 1.30928 0.39
58 1.449 1.18889 0.40975
59 1.4742 1.30125 0.432125
60 1.4994 1.20869 0.453625
61 1.5246 1.14867 0.47475
62 1.5498 1.09189 0.4955
63 1.575 1.11455 0.517375
64 1.6002 1.11057 0.539875
65 1.6254 1.04052 0.561625
66 1.6506 0.979999 0.58275
67 1.6758 1.11389 0.6075
68 1.701 1.05929 0.63175
69 1.7262 1.0498 0.6565
70 1.7514 1.07646 0.682625
71 1.7766 1.10621 0.71025
72 1.8018 1.12415 0.739125
73 1.827 1.25428 0.77225
74 1.8522 1.16512 0.803875
75 1.8774 1.13405 0.8355
76 1.9026 1.1784 0.86925
77 1.9278 1.16905 0.903625
78 1.953 1.04381 0.935125
79 1.9782 1.14658 0.970625
80 2.0034 1.17696 1.008
81 2.0286 1.11335 1.04425
82 2.0538 1.00379 1.07775
83 2.079 1.12216 1.11613
84 2.1042 1.05619 1.15312
85 2.1294 1.02786 1.19
86 2.1546 1.17072 1.233
87 2.1798 1.08728 1.27388
88 2.205 1.17305 1.319
89 2.2302 1.13716 1.36375
90 2.2554 0.934859 1.40138
91 2.2806 1.12391 1.44762
92 2.3058 1.09056 1.4935
93 2.331 1.06129 1.53912
94 2.3562 0.941956 1.5805
95 2.3814 1.05028 1.62762
96 2.4066 1.12114 1.679
97 2.4318 1.03925 1.72763
98 2.457 1.0573 1.77812
99 2.4822 0.976965 1.82575
100 2.5074 0.975016 1.87425
