# Time-averaged data for fix rdf
# TimeStep Number-of-rows
# Row c_myRDF[1] c_myRDF[2] c_myRDF[3]
1000 100
1 0.0126 0 0
2 0.0378 0 0
3 0.063 0 0
4 0.0882 0 0
5 0.1134 0 0
6 0.1386 0 0
7 0.1638 0 0
8 0.189 0 0
9 0.2142 0 0
10 0.2394 0 0
11 0.2646 0 0
12 0.2898 0 0
13 0.315 0 0
14 0.3402 0 0
15 0.3654 0 0
16 0.3906 0 0
17 0.4158 0 0
18 0.441 0 0
19 0.4662 0 0
20 0.4914 0 0
21 0.5166 0 0
22 0.5418 0 0
23 0.567 0 0
24 0.5922 0 0
25 0.6174 0 0
26 0.6426 0 0
27 0.6678 0 0
28 0.693 0 0
29 0.7182 0 0
30 0.7434 0 0
31 0.7686 0 0
32 0.7938 0 0
33 0.819 0 0
34 0.8442 0 0
35 0.8694 0 0
36 0.8946 0 0
37 0.9198 0.0750209 0.004
38 0.945 0.355367 0.024
39 0.9702 1.31487 0.102
40 0.9954 2.41822 0.253
41 1.0206 3.88457 0.508
42 1.0458 4.97637 0.851
43 1.071 7.04134 1.36
44 1.0962 6.51006 1.853
45 1.1214 6.09459 2.336
46 1.1466 5.75723 2.813
47 1.1718 4.86513 3.234
48 1.197 4.75105 3.663
49 1.2222 4.33408 4.071
50 1.2474 3.78342 4.442
51 1.2726 3.50769 4.8
52 1.2978 3.15611 5.135
53 1.323 2.83758 5.448
54 1.3482 2.71504 5.759
55 1.3734 2.51537 6.058
56 1.3986 2.19029 6.328
57 1.4238 2.29348 6.621
58 1.449 1.87431 6.869
59 1.4742 1.73046 7.106
60 1.4994 1.9057 7.376
61 1.5246 1.75448 7.633
62 1.5498 1.67146 7.886
63 1.575 1.60561 8.137
64 1.6002 1.61741 8.398
65 1.6254 1.53761 8.654
66 1.6506 1.44443 8.902
67 1.6758 1.68384 9.2
68 1.701 1.57399 9.487
69 1.7262 1.74138 9.814
70 1.7514 1.59334 10.122
71 1.7766 1.84006 10.488
72 1.8018 1.79383 10.855
73 1.827 1.91583 11.258
74 1.8522 2.08608 11.709
75 1.8774 2.14301 12.185
76 1.9026 2.18305 12.683
77 1.9278 2.0922 13.173
78 1.953 2.14672 13.689
79 1.9782 2.20997 14.234
80 2.0034 2.23775 14.8
81 2.0286 2.30204 15.397
82 2.0538 2.43399 16.044
83 2.079 2.4708 16.717
84 2.1042 2.42989 17.395
85 2.1294 2.33423 18.062
86 2.1546 2.31754 18.74
87 2.1798 2.13402 19.379
88 2.205 2.23239 20.063
89 2.2302 2.1248 20.729
90 2.2554 2.14933 21.418
91 2.2806 1.9465 22.056
92 2.3058 2.04148 22.74
93 2.331 1.86908 23.38
94 2.3562 1.79501 24.008
95 2.3814 1.788 24.647
96 2.4066 1.66034 25.253
97 2.4318 1.60733 25.852
98 2.457 1.67178 26.488
99 2.4822 1.54272 27.087
100 2.5074 1.66835 27.748
1500 100
1 0.0126 0 0
2 0.0378 0 0
3 0.063 0 0
4 0.0882 0 0
5 0.1134 0 0
6 0.1386 0 0
7 0.1638 0 0
8 0.189 0 0
9 0.2142 0 0
10 0.2394 0 0
11 0.2646 0 0
12 0.2898 0 0
13 0.315 0 0
14 0.3402 0 0
15 0.3654 0 0
16 0.3906 0 0
17 0.4158 0 0
18 0.441 0 0
19 0.4662 0 0
20 0.4914 0 0
21 0.5166 0 0
22 0.5418 0 0
23 0.567 0 0
24 0.5922 0 0
25 0.6174 0 0
26 0.6426 0 0
27 0.6678 0 0
28 0.693 0 0
29 0.7182 0 0
30 0.7434 0 0
31 0.7686 0 0
32 0.7938 0 0
33 0.819 0 0
34 0.8442 0 0
35 0.8694 0 0
36 0.8946 0 0
37 0.9198 0.0562657 0.003
38 0.945 0.284294 0.019
39 0.9702 0.977727 0.077
40 0.9954 2.32213 0.222
41 1.0206 2.95532 0.416
42 1.0458 4.04783 0.695
43 1.071 4.81412 1.043
44 1.0962 4.96507 1.419
45 1.1214 4.7192 1.793
46 1.1466 4.77959 2.189
47 1.1718 4.2411 2.556
48 1.197 3.78755 2.898
49 1.2222 3.61173 3.238
50 1.2474 3.42649 3.574
51 1.2726 3.22355 3.903
52 1.2978 2.7981 4.2
53 1.323 2.31177 4.455
54 1.3482 2.61028 4.754
55 1.3734 2.43965 5.044
56 1.3986 1.93881 5.283
57 1.4238 1.83948 5.518
58 1.449 1.7685 5.752
59 1.4742 1.9276 6.016
60 1.4994 1.69396 6.256
61 1.5246 1.75448 6.513
62 1.5498 1.69789 6.77
63 1.575 1.70156 7.036
64 1.6002 1.51826 7.281
65 1.6254 1.68177 7.561
66 1.6506 1.47937 7.815
67 1.6758 1.59343 8.097
68 1.701 1.58496 8.386
69 1.7262 1.61358 8.689
70 1.7514 1.75371 9.028
71 1.7766 1.58365 9.343
72 1.8018 1.52989 9.656
73 1.827 1.44995 9.961
74 1.8522 1.76692 10.343
75 1.8774 1.71981 10.725
76 1.9026 1.83675 11.144
77 1.9278 1.97264 11.606
78 1.953 1.88878 12.06
79 1.9782 1.91801 12.533
80 2.0034 1.96891 13.031
81 2.0286 1.93957 13.534
82 2.0538 1.7907 14.01
83 2.079 1.94947 14.541
84 2.1042 1.88872 15.068
85 2.1294 2.05076 15.654
86 2.1546 1.95863 16.227
87 2.1798 2.06055 16.844
88 2.205 1.93539 17.437
89 2.2302 1.98762 18.06
90 2.2554 1.92785 18.678
91 2.2806 1.75734 19.254
92 2.3058 1.75197 19.841
93 2.331 1.87492 20.483
94 2.3562 1.77786 21.105
95 2.3814 1.6509 21.695
96 2.4066 1.6987 22.315
97 2.4318 1.65831 22.933
98 2.457 1.69281 23.577
99 2.4822 1.46803 24.147
100 2.5074 1.60777 24.784
2000 100
1 0.0126 0 0
2 0.0378 0 0
3 0.063 0 0
4 0.0882 0 0
5 0.1134 0 0
6 0.1386 0 0
7 0.1638 0 0
8 0.189 0 0
9 0.2142 0 0
10 0.2394 0 0
11 0.2646 0 0
12 0.2898 0 0
13 0.315 0 0
14 0.3402 0 0
15 0.3654 0 0
16 0.3906 0 0
17 0.4158 0 0
18 0.441 0 0
19 0.4662 0 0
20 0.4914 0 0
21 0.5166 0 0
22 0.5418 0 0
23 0.567 0 0
24 0.5922 0 0
25 0.6174 0 0
26 0.6426 0 0
27 0.6678 0 0
28 0.693 0 0
29 0.7182 0 0
30 0.7434 0 0
31 0.7686 0 0
32 0.7938 0 0
33 0.819 0 0
34 0.8442 0 0
35 0.8694 0 0
36 0.8946 0 0
37 0.9198 0.0750209 0.004
38 0.945 0.355367 0.024
39 0.9702 0.741724 0.068
40 0.9954 1.64951 0.171
41 1.0206 3.09243 0.374
42 1.0458 3.65611 0.626
43 1.071 3.81809 0.902
44 1.0962 4.46328 1.24
45 1.1214 4.42899 1.591
46 1.1466 4.03127 1.925
47 1.1718 3.55929 2.233
48 1.197 3.38886 2.539
49 1.2222 3.53737 2.872
50 1.2474 3.11036 3.177
51 1.2726 2.64547 3.447
52 1.2978 2.40241 3.702
53 1.323 2.29363 3.955
54 1.3482 2.46187 4.237
55 1.3734 1.98537 4.473
56 1.3986 1.82524 4.698
57 1.4238 1.69858 4.915
58 1.449 1.73827 5.145
59 1.4742 1.58443 5.362
60 1.4994 1.81395 5.619
61 1.5246 1.57016 5.849
62 1.5498 1.58558 6.089
63 1.575 1.51605 6.326
64 1.6002 1.44389 6.559
65 1.6254 1.57966 6.822
66 1.6506 1.6541 7.106
67 1.6758 1.36741 7.348
68 1.701 1.47527 7.617
69 1.7262 1.44316 7.888
70 1.7514 1.6399 8.205
71 1.7766 1.53841 8.511
72 1.8018 1.57877 8.834
73 1.827 1.65437 9.182
74 1.8522 1.5449 9.516
75 1.8774 1.62976 9.878
76 1.9026 1.57373 10.237
77 1.9278 1.77196 10.652
78 1.953 1.69741 11.06
79 1.9782 1.8288 11.511
80 2.0034 1.83844 11.976
81 2.0286 1.83932 12.453
82 2.0538 1.72298 12.911
83 2.079 1.83566 13.411
84 2.1042 1.74536 13.898
85 2.1294 1.88628 14.437
86 2.1546 1.89369 14.991
87 2.1798 1.81676 15.535
88 2.205 1.73631 16.067
89 2.2302 1.87595 16.655
90 2.2554 1.79683 17.231
91 2.2806 1.80921 17.824
92 2.3058 1.79674 18.426
93 2.331 1.59164 18.971
94 2.3562 1.64067 19.545
95 2.3814 1.51379 20.086
96 2.4066 1.6439 20.686
97 2.4318 1.41949 21.215
98 2.457 1.43784 21.762
99 2.4822 1.52211 22.353
100 2.5074 1.48915 22.943
2500 100
1 0.0126 0 0
2 0.0378 0 0
3 0.063 0 0
4 0.0882 0 0
5 0.1134 0 0
6 0.1386 0 0
7 0.1638 0 0
8 0.189 0 0
9 0.2142 0 0
10 0.2394 0 0
11 0.2646 0 0
12 0.2898 0 0
13 0.315 0 0
14 0.3402 0 0
15 0.3654 0 0
16 0.3906 0 0
17 0.4158 0 0
18 0.441 0 0
19 0.4662 0 0
20 0.4914 0 0
21 0.5166 0 0
22 0.5418 0 0
23 0.567 0 0
24 0.5922 0 0
25 0.6174 0 0
26 0.6426 0 0
27 0.6678 0 0
28 0.693 0 0
29 0.7182 0 0
30 0.7434 0 0
31 0.7686 0 0
32 0.7938 0 0
33 0.819 0 0
34 0.8442 0 0
35 0.8694 0 0
36 0.8946 0 0
37 0.9198 0.0562657 0.003
38 0.945 0.195452 0.014
39 0.9702 0.674294 0.054
40 0.9954 1.58545 0.153
41 1.0206 2.94009 0.346
42 1.0458 3.26438 0.571
43 1.071 4.1501 0.871
44 1.0962 3.61816 1.145
45 1.1214 4.08829 1.469
46 1.1466 3.78987 1.783
47 1.1718 3.61707 2.096
48 1.197 3.12307 2.378
49 1.2222 3.05935 2.666
50 1.2474 2.67185 2.928
51 1.2726 2.73365 3.207
52 1.2978 2.38357 3.46
53 1.323 2.38429 3.723
54 1.3482 2.30473 3.987
55 1.3734 2.10315 4.237
56 1.3986 2.05238 4.49
57 1.4238 1.94124 4.738
58 1.449 1.73071 4.967
59 1.4742 1.78157 5.211
60 1.4994 1.55279 5.431
61 1.5246 1.6589 5.674
62 1.5498 1.46666 5.896
63 1.575 1.4265 6.119
64 1.6002 1.45009 6.353
65 1.6254 1.42349 6.59
66 1.6506 1.31047 6.815
67 1.6758 1.28831 7.043
68 1.701 1.39849 7.298
69 1.7262 1.46447 7.573
70 1.7514 1.44849 7.853
71 1.7766 1.33731 8.119
72 1.8018 1.39303 8.404
73 1.827 1.60207 8.741
74 1.8522 1.62816 9.093
75 1.8774 1.67479 9.465
76 1.9026 1.39838 9.784
77 1.9278 1.46027 10.126
78 1.953 1.66413 10.526
79 1.9782 1.71932 10.95
80 2.0034 1.63285 11.363
81 2.0286 1.84317 11.841
82 2.0538 1.68536 12.289
83 2.079 1.78426 12.775
84 2.1042 1.74895 13.263
85 2.1294 1.7148 13.753
86 2.1546 1.67492 14.243
87 2.1798 1.76666 14.772
88 2.205 1.72651 15.301
89 2.2302 1.6941 15.832
90 2.2554 1.7594 16.396
91 2.2806 1.6353 16.932
92 2.3058 1.63856 17.481
93 2.331 1.63836 18.042
94 2.3562 1.56921 18.591
95 2.3814 1.44943 19.109
96 2.4066 1.6302 19.704
97 2.4318 1.51341 20.268
98 2.457 1.56927 20.865
99 2.4822 1.47833 21.439
100 2.5074 1.41343 21.999
3000 100
1 0.0126 0 0
2 0.0378 0 0
3 0.063 0 0
4 0.0882 0 0
5 0.1134 0 0
6 0.1386 0 0
7 0.1638 0 0
8 0.189 0 0
9 0.2142 0 0
10 0.2394 0 0
11 0.2646 0 0
12 0.2898 0 0
13 0.315 0 0
14 0.3402 0 0
15 0.3654 0 0
16 0.3906 0 0
17 0.4158 0 0
18 0.441 0 0
19 0.4662 0 0
20 0.4914 0 0
21 0.5166 0 0
22 0.5418 0 0
23 0.567 0 0
24 0.5922 0 0
25 0.6174 0 0
26 0.6426 0 0
27 0.6678 0 0
28 0.693 0 0
29 0.7182 0 0
30 0.7434 0 0
31 0.7686 0 0
32 0.7938 0 0
33 0.819 0 0
34 0.8442 0 0
35 0.8694 0 0
36 0.8946 0 0
37 0.9198 0 0
38 0.945 0.159915 0.009
39 0.9702 0.674294 0.049
40 0.9954 1.48936 0.142
41 1.0206 2.66588 0.317
42 1.0458 3.49651 0.558
43 1.071 3.63826 0.821
44 1.0962 4.5161 1.163
45 1.1214 4.15139 1.492
46 1.1466 3.60883 1.791
47 1.1718 3.61707 2.104
48 1.197 3.22274 2.395
49 1.2222 2.83627 2.662
50 1.2474 3.00838 2.957
51 1.2726 2.68466 3.231
52 1.2978 2.36473 3.482
53 1.323 2.55654 3.764
54 1.3482 2.28727 4.026
55 1.3734 1.74982 4.234
56 1.3986 1.85769 4.463
57 1.4238 1.7612 4.688
58 1.449 1.54933 4.893
59 1.4742 1.4238 5.088
60 1.4994 1.42575 5.29
61 1.5246 1.71352 5.541
62 1.5498 1.42702 5.757
63 1.575 1.49686 5.991
64 1.6002 1.50586 6.234
65 1.6254 1.37544 6.463
66 1.6506 1.35706 6.696
67 1.6758 1.40697 6.945
68 1.701 1.50818 7.22
69 1.7262 1.31003 7.466
70 1.7514 1.48471 7.753
71 1.7766 1.40267 8.032
72 1.8018 1.51034 8.341
73 1.827 1.40716 8.637
74 1.8522 1.48014 8.957
75 1.8774 1.4947 9.289
76 1.9026 1.52989 9.638
77 1.9278 1.63106 10.02
78 1.953 1.63916 10.414
79 1.9782 1.85719 10.872
80 2.0034 1.60913 11.279
81 2.0286 1.72749 11.727
82 2.0538 1.7305 12.187
83 2.079 1.83199 12.686
84 2.1042 1.78837 13.185
85 2.1294 1.7148 13.675
86 2.1546 1.82532 14.209
87 2.1798 1.66314 14.707
88 2.205 1.68409 15.223
89 2.2302 1.60158 15.725
90 2.2554 1.70949 16.273
91 2.2806 1.58954 16.794
92 2.3058 1.59976 17.33
93 2.331 1.67049 17.902
94 2.3562 1.5492 18.444
95 2.3814 1.51099 18.984
96 2.4066 1.52061 19.539
97 2.4318 1.56976 20.124
98 2.457 1.5535 20.715
99 2.4822 1.44742 21.277
100 2.5074 1.32761 21.803
3500 100
1 0.0126 0 0
2 0.0378 0 0
3 0.063 0 0
4 0.0882 0 0
5 0.1134 0 0
6 0.1386 0 0
7 0.1638 0 0
8 0.189 0 0
9 0.2142 0 0
10 0.2394 0 0
11 0.2646 0 0
12 0.2898 0 0
13 0.315 0 0
14 0.3402 0 0
15 0.3654 0 0
16 0.3906 0 0
17 0.4158 0 0
18 0.441 0 0
19 0.4662 0 0
20 0.4914 0 0
21 0.5166 0 0
22 0.5418 0 0
23 0.567 0 0
24 0.5922 0 0
25 0.6174 0 0
26 0.6426 0 0
27 0.6678 0 0
28 0.693 0 0
29 0.7182 0 0
30 0.7434 0 0
31 0.7686 0 0
32 0.7938 0 0
33 0.819 0 0
34 0.8442 0 0
35 0.8694 0 0
36 0.8946 0 0
37 0.9198 0.0750209 0.004
38 0.945 0.195452 0.015
39 0.9702 0.741724 0.059
40 0.9954 1.44132 0.149
41 1.0206 2.40691 0.307
42 1.0458 3.13381 0.523
43 1.071 3.52759 0.778
44 1.0962 3.69739 1.058
45 1.1214 3.54571 1.339
46 1.1466 3.43985 1.624
47 1.1718 3.37439 1.916
48 1.197 2.83512 2.172
49 1.2222 2.86814 2.442
50 1.2474 2.63106 2.7
51 1.2726 2.4887 2.954
52 1.2978 2.15746 3.183
53 1.323 2.17578 3.423
54 1.3482 2.10393 3.664
55 1.3734 1.97696 3.899
56 1.3986 1.83335 4.125
57 1.4238 1.98038 4.378
58 1.449 1.85919 4.624
59 1.4742 1.62094 4.846
60 1.4994 1.31282 5.032
61 1.5246 1.31757 5.225
62 1.5498 1.40059 5.437
63 1.575 1.33054 5.645
64 1.6002 1.56164 5.897
65 1.6254 1.51359 6.149
66 1.6506 1.42113 6.393
67 1.6758 1.36176 6.634
68 1.701 1.41495 6.892
69 1.7262 1.25145 7.127
70 1.7514 1.44332 7.406
71 1.7766 1.40267 7.685
72 1.8018 1.43213 7.978
73 1.827 1.49273 8.292
74 1.8522 1.43389 8.602
75 1.8774 1.47219 8.929
76 1.9026 1.55181 9.283
77 1.9278 1.52004 9.639
78 1.953 1.58092 10.019
79 1.9782 1.81664 10.467
80 2.0034 1.58145 10.867
81 2.0286 1.62724 11.289
82 2.0538 1.74931 11.754
83 2.079 1.75122 12.231
84 2.1042 1.70236 12.706
85 2.1294 1.6868 13.188
86 2.1546 1.72619 13.693
87 2.1798 1.68317 14.197
88 2.205 1.61228 14.691
89 2.2302 1.65262 15.209
90 2.2554 1.45369 15.675
91 2.2806 1.60785 16.202
92 2.3058 1.58185 16.732
93 2.331 1.5011 17.246
94 2.3562 1.46631 17.759
95 2.3814 1.59214 18.328
96 2.4066 1.50965 18.879
97 2.4318 1.44364 19.417
98 2.457 1.57978 20.018
99 2.4822 1.47575 20.591
100 2.5074 1.4942 21.183
4000 100
1 0.0126 0 0
2 0.0378 0 0
3 0.063 0 0
4 0.0882 0 0
5 0.1134 0 0
6 0.1386 0 0
7 0.1638 0 0
8 0.189 0 0
9 0.2142 0 0
10 0.2394 0 0
11 0.2646 0 0
12 0.2898 0 0
13 0.315 0 0
14 0.3402 0 0
15 0.3654 0 0
16 0.3906 0 0
17 0.4158 0 0
18 0.441 0 0
19 0.4662 0 0
20 0.4914 0 0
21 0.5166 0 0
22 0.5418 0 0
23 0.567 0 0
24 0.5922 0 0
25 0.6174 0 0
26 0.6426 0 0
27 0.6678 0 0
28 0.693 0 0
29 0.7182 0 0
30 0.7434 0 0
31 0.7686 0 0
32 0.7938 0 0
33 0.819 0 0
34 0.8442 0 0
35 0.8694 0 0
36 0.8946 0.0198267 0.001
37 0.9198 0.112531 0.007
38 0.945 0.159915 0.016
39 0.9702 0.741724 0.06
40 0.9954 1.47335 0.152
41 1.0206 2.57448 0.321
42 1.0458 2.90167 0.521
43 1.071 3.58292 0.78
44 1.0962 3.59175 1.052
45 1.1214 3.79808 1.353
46 1.1466 3.60883 1.652
47 1.1718 3.16638 1.926
48 1.197 2.8462 2.183
49 1.2222 2.86814 2.453
50 1.2474 2.60046 2.708
51 1.2726 2.10658 2.923
52 1.2978 2.39299 3.177
53 1.323 2.36616 3.438
54 1.3482 1.95552 3.662
55 1.3734 2.01902 3.902
56 1.3986 1.64677 4.105
57 1.4238 1.83948 4.34
58 1.449 1.52665 4.542
59 1.4742 1.68665 4.773
60 1.4994 1.54574 4.992
61 1.5246 1.46093 5.206
62 1.5498 1.49308 5.432
63 1.575 1.56083 5.676
64 1.6002 1.33235 5.891
65 1.6254 1.32139 6.111
66 1.6506 1.49102 6.367
67 1.6758 1.53128 6.638
68 1.701 1.49721 6.911
69 1.7262 1.38459 7.171
70 1.7514 1.5054 7.462
71 1.7766 1.27195 7.715
72 1.8018 1.33927 7.989
73 1.827 1.42142 8.288
74 1.8522 1.41539 8.594
75 1.8774 1.33263 8.89
76 1.9026 1.49482 9.231
77 1.9278 1.60971 9.608
78 1.953 1.64332 10.003
79 1.9782 1.50035 10.373
80 2.0034 1.58936 10.775
81 2.0286 1.62724 11.197
82 2.0538 1.70417 11.65
83 2.079 1.57867 12.08
84 2.1042 1.68444 12.55
85 2.1294 1.6693 13.027
86 2.1546 1.68518 13.52
87 2.1798 1.59634 13.998
88 2.205 1.63187 14.498
89 2.2302 1.55691 14.986
90 2.2554 1.75004 15.547
91 2.2806 1.68412 16.099
92 2.3058 1.3968 16.567
93 2.331 1.46314 17.068
94 2.3562 1.42629 17.567
95 2.3814 1.51099 18.107
96 2.4066 1.46581 18.642
97 2.4318 1.41412 19.169
98 2.457 1.40629 19.704
99 2.4822 1.38819 20.243
100 2.5074 1.48915 20.833
4500 100
1 0.0126 0 0
2 0.0378 0 0
3 0.063 0 0
4 0.0882 0 0
5 0.1134 0 0
6 0.1386 0 0
7 0.1638 0 0
8 0.189 0 0
9 0.2142 0 0
10 0.2394 0 0
11 0.2646 0 0
12 0.2898 0 0
13 0.315 0 0
14 0.3402 0 0
15 0.3654 0 0
16 0.3906 0 0
17 0.4158 0 0
18 0.441 0 0
19 0.4662 0 0
20 0.4914 0 0
21 0.5166 0 0
22 0.5418 0 0
23 0.567 0 0
24 0.5922 0 0
25 0.6174 0 0
26 0.6426 0 0
27 0.6678 0 0
28 0.693 0 0
29 0.7182 0 0
30 0.7434 0 0
31 0.7686 0 0
32 0.7938 0 0
33 0.819 0 0
34 0.8442 0 0
35 0.8694 0 0
36 0.8946 0 0
37 0.9198 0.0187552 0.001
38 0.945 0.159915 0.01
39 0.9702 0.674294 0.05
40 0.9954 1.39328 0.137
41 1.0206 1.8128 0.256
42 1.0458 2.80011 0.449
43 1.071 3.43075 0.697
44 1.0962 4.10675 1.008
45 1.1214 3.25549 1.266
46 1.1466 3.54848 1.56
47 1.1718 3.0046 1.82
48 1.197 3.34456 2.122
49 1.2222 2.36887 2.345
50 1.2474 2.55967 2.596
51 1.2726 2.44951 2.846
52 1.2978 2.45894 3.107
53 1.323 2.26644 3.357
54 1.3482 1.80711 3.564
55 1.3734 1.84236 3.783
56 1.3986 1.70356 3.993
57 1.4238 1.88645 4.234
58 1.449 1.41329 4.421
59 1.4742 1.57713 4.637
60 1.4994 1.44692 4.842
61 1.5246 1.36535 5.042
62 1.5498 1.47326 5.265
63 1.575 1.53524 5.505
64 1.6002 1.4191 5.734
65 1.6254 1.29136 5.949
66 1.6506 1.33959 6.179
67 1.6758 1.2657 6.403
68 1.701 1.2559 6.632
69 1.7262 1.39524 6.894
70 1.7514 1.30882 7.147
71 1.7766 1.28201 7.402
72 1.8018 1.33438 7.675
73 1.827 1.44519 7.979
74 1.8522 1.272 8.254
75 1.8774 1.44968 8.576
76 1.9026 1.48167 8.914
77 1.9278 1.45173 9.254
78 1.953 1.56428 9.63
79 1.9782 1.58956 10.022
80 2.0034 1.5261 10.408
81 2.0286 1.49613 10.796
82 2.0538 1.53488 11.204
83 2.079 1.51258 11.616
84 2.1042 1.64143 12.074
85 2.1294 1.55732 12.519
86 2.1546 1.55187 12.973
87 2.1798 1.52955 13.431
88 2.205 1.54701 13.905
89 2.2302 1.60158 14.407
90 2.2554 1.58782 14.916
91 2.2806 1.51937 15.414
92 2.3058 1.52216 15.924
93 2.331 1.49526 16.436
94 2.3562 1.54062 16.975
95 2.3814 1.53897 17.525
96 2.4066 1.48225 18.066
97 2.4318 1.38729 18.583
98 2.457 1.35898 19.1
99 2.4822 1.33925 19.62
100 2.5074 1.34023 20.151
5000 100
1 0.0126 0 0
2 0.0378 0 0
3 0.063 0 0
4 0.0882 0 0
5 0.1134 0 0
6 0.1386 0 0
7 0.1638 0 0
8 0.189 0 0
9 0.2142 0 0
10 0.2394 0 0
11 0.2646 0 0
12 0.2898 0 0
13 0.315 0 0
14 0.3402 0 0
15 0.3654 0 0
16 0.3906 0 0
17 0.4158 0 0
18 0.441 0 0
19 0.4662 0 0
20 0.4914 0 0
21 0.5166 0 0
22 0.5418 0 0
23 0.567 0 0
24 0.5922 0 0
25 0.6174 0 0
26 0.6426 0 0
27 0.6678 0 0
28 0.693 0 0
29 0.7182 0 0
30 0.7434 0 0
31 0.7686 0 0
32 0.7938 0 0
33 0.819 0 0
34 0.8442 0 0
35 0.8694 0 0
36 0.8946 0.0198267 0.001
37 0.9198 0 0.001
38 0.945 0.21322 0.013
39 0.9702 0.826011 0.062
40 0.9954 1.47335 0.154
41 1.0206 2.22411 0.3
42 1.0458 2.7856 0.492
43 1.071 3.40308 0.738
44 1.0962 3.4465 0.999
45 1.1214 3.57095 1.282
46 1.1466 3.06569 1.536
47 1.1718 3.14327 1.808
48 1.197 2.85727 2.066
49 1.2222 2.41136 2.293
50 1.2474 2.56987 2.545
51 1.2726 2.42011 2.792
52 1.2978 2.1763 3.023
53 1.323 1.9582 3.239
54 1.3482 1.94679 3.462
55 1.3734 1.90966 3.689
56 1.3986 1.96315 3.931
57 1.4238 1.52638 4.126
58 1.449 1.70804 4.352
59 1.4742 1.74506 4.591
60 1.4994 1.53868 4.809
61 1.5246 1.38583 5.012
62 1.5498 1.4072 5.225
63 1.575 1.34974 5.436
64 1.6002 1.31995 5.649
65 1.6254 1.27934 5.862
66 1.6506 1.28717 6.083
67 1.6758 1.45217 6.34
68 1.701 1.27784 6.573
69 1.7262 1.2408 6.806
70 1.7514 1.36055 7.069
71 1.7766 1.26692 7.321
72 1.8018 1.41258 7.61
73 1.827 1.42618 7.91
74 1.8522 1.41076 8.215
75 1.8774 1.24258 8.491
76 1.9026 1.3677 8.803
77 1.9278 1.43465 9.139
78 1.953 1.48939 9.497
79 1.9782 1.41114 9.845
80 2.0034 1.43517 10.208
81 2.0286 1.41516 10.575
82 2.0538 1.39945 10.947
83 2.079 1.53461 11.365
84 2.1042 1.51958 11.789
85 2.1294 1.50132 12.218
86 2.1546 1.47325 12.649
87 2.1798 1.60302 13.129
88 2.205 1.53722 13.6
89 2.2302 1.37825 14.032
90 2.2554 1.58782 14.541
91 2.2806 1.57123 15.056
92 2.3058 1.4744 15.55
93 2.331 1.47482 16.055
94 2.3562 1.33483 16.522
95 2.3814 1.47741 17.05
96 2.4066 1.3206 17.532
97 2.4318 1.32021 18.024
98 2.457 1.41155 18.561
99 2.4822 1.41137 19.109
100 2.5074 1.26956 19.612
5500 100
1 0.0126 0 0
2 0.0378 0 0
3 0.063 0 0
4 0.0882 0 0
5 0.1134 0 0
6 0.1386 0 0
7 0.1638 0 0
8 0.189 0 0
9 0.2142 0 0
10 0.2394 0 0
11 0.2646 0 0
12 0.2898 0 0
13 0.315 0 0
14 0.3402 0 0
15 0.3654 0 0
16 0.3906 0 0
17 0.4158 0 0
18 0.441 0 0
19 0.4662 0 0
20 0.4914 0 0
21 0.5166 0 0
22 0.5418 0 0
23 0.567 0 0
24 0.5922 0 0
25 0.6174 0 0
26 0.6426 0 0
27 0.6678 0 0
28 0.693 0 0
29 0.7182 0 0
30 0.7434 0 0
31 0.7686 0 0
32 0.7938 0 0
33 0.819 0 0
34 0.8442 0 0
35 0.8694 0 0
36 0.8946 0 0
37 0.9198 0.0187552 0.001
38 0.945 0.159915 0.01
39 0.9702 0.505721 0.04
40 0.9954 1.26516 0.119
41 1.0206 2.30028 0.27
42 1.0458 2.88716 0.469
43 1.071 2.80824 0.672
44 1.0962 3.45971 0.934
45 1.1214 3.41953 1.205
46 1.1466 3.39158 1.486
47 1.1718 2.95837 1.742
48 1.197 2.70223 1.986
49 1.2222 2.64506 2.235
50 1.2474 2.4271 2.473
51 1.2726 2.13597 2.691
52 1.2978 1.98788 2.902
53 1.323 2.40242 3.167
54 1.3482 1.78965 3.372
55 1.3734 1.85918 3.593
56 1.3986 1.50075 3.778
57 1.4238 1.85514 4.015
58 1.449 1.59467 4.226
59 1.4742 1.46761 4.427
60 1.4994 1.53162 4.644
61 1.5246 1.3517 4.842
62 1.5498 1.31471 5.041
63 1.575 1.43929 5.266
64 1.6002 1.27038 5.471
65 1.6254 1.44151 5.711
66 1.6506 1.13574 5.906
67 1.6758 1.14139 6.108
68 1.701 1.35462 6.355
69 1.7262 1.39524 6.617
70 1.7514 1.33986 6.876
71 1.7766 1.35742 7.146
72 1.8018 1.25617 7.403
73 1.827 1.2075 7.657
74 1.8522 1.39226 7.958
75 1.8774 1.23808 8.233
76 1.9026 1.27564 8.524
77 1.9278 1.46881 8.868
78 1.953 1.2897 9.178
79 1.9782 1.51251 9.551
80 2.0034 1.40749 9.907
81 2.0286 1.51927 10.301
82 2.0538 1.42578 10.68
83 2.079 1.38042 11.056
84 2.1042 1.51241 11.478
85 2.1294 1.47683 11.9
86 2.1546 1.47325 12.331
87 2.1798 1.53289 12.79
88 2.205 1.55354 13.266
89 2.2302 1.47396 13.728
90 2.2554 1.36634 14.166
91 2.2806 1.32716 14.601
92 2.3058 1.41172 15.074
93 2.331 1.41349 15.558
94 2.3562 1.43487 16.06
95 2.3814 1.33471 16.537
96 2.4066 1.32608 17.021
97 2.4318 1.42754 17.553
98 2.457 1.28801 18.043
99 2.4822 1.25684 18.531
100 2.5074 1.37304 19.075
6000 100
1 0.0126 0 0
2 0.0378 0 0
3 0.063 0 0
4 0.0882 0 0
5 0.1134 0 0
6 0.1386 0 0
7 0.1638 0 0
8 0.189 0 0
9 0.2142 0 0
10 0.2394 0 0
11 0.2646 0 0
12 0.2898 0 0
13 0.315 0 0
14 0.3402 0 0
15 0.3654 0 0
16 0.3906 0 0
17 0.4158 0 0
18 0.441 0 0
19 0.4662 0 0
20 0.4914 0 0
21 0.5166 0 0
22 0.5418 0 0
23 0.567 0 0
24 0.5922 0 0
25 0.6174 0 0
26 0.6426 0 0
27 0.6678 0 0
28 0.693 0 0
29 0.7182 0 0
30 0.7434 0 0
31 0.7686 0 0
32 0.7938 0 0
33 0.819 0 0
34 0.8442 0 0
35 0.8694 0 0
36 0.8946 0 0
37 0.9198 0.0375105 0.002
38 0.945 0.195452 0.013
39 0.9702 0.438291 0.039
40 0.9954 1.26516 0.118
41 1.0206 2.33074 0.271
42 1.0458 3.00323 0.478
43 1.071 3.02957 0.697
44 1.0962 3.15599 0.936
45 1.1214 3.26811 1.195
46 1.1466 2.75188 1.423
47 1.1718 2.76192 1.662
48 1.197 2.87942 1.922
49 1.2222 2.52821 2.16
50 1.2474 2.31492 2.387
51 1.2726 2.36132 2.628
52 1.2978 1.91251 2.831
53 1.323 1.931 3.044
54 1.3482 1.78092 3.248
55 1.3734 1.76665 3.458
56 1.3986 1.63866 3.66
57 1.4238 1.50289 3.852
58 1.449 1.572 4.06
59 1.4742 1.4311 4.256
60 1.4994 1.30576 4.441
61 1.5246 1.35853 4.64
62 1.5498 1.36095 4.846
63 1.575 1.25378 5.042
64 1.6002 1.39432 5.267
65 1.6254 1.28535 5.481
66 1.6506 1.11244 5.672
67 1.6758 1.277 5.898
68 1.701 1.34913 6.144
69 1.7262 1.2408 6.377
70 1.7514 1.16397 6.602
71 1.7766 1.26692 6.854
72 1.8018 1.17308 7.094
73 1.827 1.35012 7.378
74 1.8522 1.45702 7.693
75 1.8774 1.31912 7.986
76 1.9026 1.30194 8.283
77 1.9278 1.36633 8.603
78 1.953 1.43115 8.947
79 1.9782 1.46791 9.309
80 2.0034 1.39563 9.662
81 2.0286 1.3766 10.019
82 2.0538 1.44083 10.402
83 2.079 1.47954 10.805
84 2.1042 1.43715 11.206
85 2.1294 1.45583 11.622
86 2.1546 1.3331 12.012
87 2.1798 1.4661 12.451
88 2.205 1.485 12.906
89 2.2302 1.38782 13.341
90 2.2554 1.41313 13.794
91 2.2806 1.42479 14.261
92 2.3058 1.44754 14.746
93 2.331 1.45146 15.243
94 2.3562 1.39771 15.732
95 2.3814 1.38228 16.226
96 2.4066 1.47677 16.765
97 2.4318 1.34167 17.265
98 2.457 1.35372 17.78
99 2.4822 1.33925 18.3
100 2.5074 1.34276 18.832
6500 100
1 0.0126 0 0
2 0.0378 0 0
3 0.063 0 0
4 0.0882 0 0
5 0.1134 0 0
6 0.1386 0 0
7 0.1638 0 0
8 0.189 0 0
9 0.2142 0 0
10 0.2394 0 0
11 0.2646 0 0
12 0.2898 0 0
13 0.315 0 0
14 0.3402 0 0
15 0.3654 0 0
16 0.3906 0 0
17 0.4158 0 0
18 0.441 0 0
19 0.4662 0 0
20 0.4914 0 0
21 0.5166 0 0
22 0.5418 0 0
23 0.567 0 0
24 0.5922 0 0
25 0.6174 0 0
26 0.6426 0 0
27 0.6678 0 0
28 0.693 0 0
29 0.7182 0 0
30 0.7434 0 0
31 0.7686 0 0
32 0.7938 0 0
33 0.819 0 0
34 0.8442 0 0
35 0.8694 0 0
36 0.8946 0 0
37 0.9198 0 0
38 0.945 0.124378 0.007
39 0.9702 0.488863 0.036
40 0.9954 1.53741 0.132
41 1.0206 1.93467 0.259
42 1.0458 2.9452 0.462
43 1.071 3.29241 0.7
44 1.0962 3.64457 0.976
45 1.1214 3.25549 1.234
46 1.1466 3.35537 1.512
47 1.1718 3.40906 1.807
48 1.197 2.74653 2.055
49 1.2222 2.4751 2.288
50 1.2474 2.4067 2.524
51 1.2726 2.27314 2.756
52 1.2978 2.00672 2.969
53 1.323 2.00353 3.19
54 1.3482 1.76346 3.392
55 1.3734 1.62363 3.585
56 1.3986 1.74412 3.8
57 1.4238 1.4481 3.985
58 1.449 1.51154 4.185
59 1.4742 1.31427 4.365
60 1.4994 1.65161 4.599
61 1.5246 1.41997 4.807
62 1.5498 1.43362 5.024
63 1.575 1.29216 5.226
64 1.6002 1.30136 5.436
65 1.6254 1.2433 5.643
66 1.6506 1.35124 5.875
67 1.6758 1.1979 6.087
68 1.701 1.2559 6.316
69 1.7262 1.22483 6.546
70 1.7514 1.15879 6.77
71 1.7766 1.29709 7.028
72 1.8018 1.37348 7.309
73 1.827 1.17422 7.556
74 1.8522 1.28588 7.834
75 1.8774 1.30111 8.123
76 1.9026 1.45537 8.455
77 1.9278 1.51151 8.809
78 1.953 1.43115 9.153
79 1.9782 1.4598 9.513
80 2.0034 1.58936 9.915
81 2.0286 1.45372 10.292
82 2.0538 1.50102 10.691
83 2.079 1.55297 11.114
84 2.1042 1.49091 11.53
85 2.1294 1.48733 11.955
86 2.1546 1.48692 12.39
87 2.1798 1.48614 12.835
88 2.205 1.41972 13.27
89 2.2302 1.45482 13.726
90 2.2554 1.56911 14.229
91 2.2806 1.41564 14.693
92 2.3058 1.47142 15.186
93 2.331 1.41057 15.669
94 2.3562 1.42629 16.168
95 2.3814 1.41026 16.672
96 2.4066 1.48773 17.215
97 2.4318 1.20214 17.663
98 2.457 1.35109 18.177
99 2.4822 1.29547 18.68
100 2.5074 1.29732 19.194
7000 100
1 0.0126 0 0
2 0.0378 0 0
3 0.063 0 0
4 0.0882 0 0
5 0.1134 0 0
6 0.1386 0 0
7 0.1638 0 0
8 0.189 0 0
9 0.2142 0 0
10 0.2394 0 0
11 0.2646 0 0
12 0.2898 0 0
13 0.315 0 0
14 0.3402 0 0
15 0.3654 0 0
16 0.3906 0 0
17 0.4158 0 0
18 0.441 0 0
19 0.4662 0 0
20 0.4914 0 0
21 0.5166 0 0
22 0.5418 0 0
23 0.567 0 0
24 0.5922 0 0
25 0.6174 0 0
26 0.6426 0 0
27 0.6678 0 0
28 0.693 0 0
29 0.7182 0 0
30 0.7434 0 0
31 0.7686 0 0
32 0.7938 0 0
33 0.819 0 0
34 0.8442 0 0
35 0.8694 0 0
36 0.8946 0 0
37 0.9198 0 0
38 0.945 0.142147 0.008
39 0.9702 0.657437 0.047
40 0.9954 1.23313 0.124
41 1.0206 2.10224 0.262
42 1.0458 2.7711 0.453
43 1.071 3.30625 0.692
44 1.0962 3.42009 0.951
45 1.1214 3.26811 1.21
46 1.1466 3.1019 1.467
47 1.1718 2.83125 1.712
48 1.197 3.10092 1.992
49 1.2222 2.7088 2.247
50 1.2474 2.60046 2.502
51 1.2726 2.54749 2.762
52 1.2978 2.42125 3.019
53 1.323 2.00353 3.24
54 1.3482 1.81584 3.448
55 1.3734 1.71617 3.652
56 1.3986 1.88203 3.884
57 1.4238 1.71424 4.103
58 1.449 1.79117 4.34
59 1.4742 1.46761 4.541
60 1.4994 1.37634 4.736
61 1.5246 1.42679 4.945
62 1.5498 1.44023 5.163
63 1.575 1.27937 5.363
64 1.6002 1.33854 5.579
65 1.6254 1.18324 5.776
66 1.6506 1.30465 6
67 1.6758 1.16965 6.207
68 1.701 1.35462 6.454
69 1.7262 1.1982 6.679
70 1.7514 1.33468 6.937
71 1.7766 1.38256 7.212
72 1.8018 1.32949 7.484
73 1.827 1.23127 7.743
74 1.8522 1.33213 8.031
75 1.8774 1.2876 8.317
76 1.9026 1.29317 8.612
77 1.9278 1.51577 8.967
78 1.953 1.38538 9.3
79 1.9782 1.39492 9.644
80 2.0034 1.39563 9.997
81 2.0286 1.44215 10.371
82 2.0538 1.39193 10.741
83 2.079 1.45017 11.136
84 2.1042 1.57334 11.575
85 2.1294 1.49782 12.003
86 2.1546 1.49376 12.44
87 2.1798 1.41934 12.865
88 2.205 1.55027 13.34
89 2.2302 1.56329 13.83
90 2.2554 1.42561 14.287
91 2.2806 1.45835 14.765
92 2.3058 1.49828 15.267
93 2.331 1.52155 15.788
94 2.3562 1.41772 16.284
95 2.3814 1.39627 16.783
96 2.4066 1.43293 17.306
97 2.4318 1.40876 17.831
98 2.457 1.34058 18.341
99 2.4822 1.26971 18.834
100 2.5074 1.34528 19.367
7500 100
1 0.0126 0 0
2 0.0378 0 0
3 0.063 0 0
4 0.0882 0 0
5 0.1134 0 0
6 0.1386 0 0
7 0.1638 0 0
8 0.189 0 0
9 0.2142 0 0
10 0.2394 0 0
11 0.2646 0 0
12 0.2898 0 0
13 0.315 0 0
14 0.3402 0 0
15 0.3654 0 0
16 0.3906 0 0
17 0.4158 0 0
18 0.441 0 0
19 0.4662 0 0
20 0.4914 0 0
21 0.5166 0 0
22 0.5418 0 0
23 0.567 0 0
24 0.5922 0 0
25 0.6174 0 0
26 0.6426 0 0
27 0.6678 0 0
28 0.693 0 0
29 0.7182 0 0
30 0.7434 0 0
31 0.7686 0 0
32 0.7938 0 0
33 0.819 0 0
34 0.8442 0 0
35 0.8694 0 0
36 0.8946 0 0
37 0.9198 0.0375105 0.002
38 0.945 0.159915 0.011
39 0.9702 0.505721 0.041
40 0.9954 1.29719 0.122
41 1.0206 1.91944 0.248
42 1.0458 2.39388 0.413
43 1.071 2.97424 0.628
44 1.0962 3.40689 0.886
45 1.1214 3.65928 1.176
46 1.1466 3.40365 1.458
47 1.1718 3.07393 1.724
48 1.197 2.85727 1.982
49 1.2222 2.73004 2.239
50 1.2474 2.59026 2.493
51 1.2726 2.28294 2.726
52 1.2978 2.32704 2.973
53 1.323 2.13952 3.209
54 1.3482 1.77219 3.412
55 1.3734 1.79188 3.625
56 1.3986 1.70356 3.835
57 1.4238 1.54986 4.033
58 1.449 1.40573 4.219
59 1.4742 1.54062 4.43
60 1.4994 1.1646 4.595
61 1.5246 1.42679 4.804
62 1.5498 1.37417 5.012
63 1.575 1.28577 5.213
64 1.6002 1.12165 5.394
65 1.6254 1.27334 5.606
66 1.6506 1.39201 5.845
67 1.6758 1.42957 6.098
68 1.701 1.2559 6.327
69 1.7262 1.14495 6.542
70 1.7514 1.09672 6.754
71 1.7766 1.19654 6.992
72 1.8018 1.22196 7.242
73 1.827 1.46896 7.551
74 1.8522 1.26275 7.824
75 1.8774 1.2786 8.108
76 1.9026 1.38523 8.424
77 1.9278 1.4133 8.755
78 1.953 1.38122 9.087
79 1.9782 1.35031 9.42
80 2.0034 1.51028 9.802
81 2.0286 1.446 10.177
82 2.0538 1.37312 10.542
83 2.079 1.42447 10.93
84 2.1042 1.48732 11.345
85 2.1294 1.52232 11.78
86 2.1546 1.55528 12.235
87 2.1798 1.45942 12.672
88 2.205 1.53395 13.142
89 2.2302 1.44206 13.594
90 2.2554 1.45681 14.061
91 2.2806 1.53767 14.565
92 2.3058 1.33412 15.012
93 2.331 1.42225 15.499
94 2.3562 1.44058 16.003
95 2.3814 1.37388 16.494
96 2.4066 1.37266 16.995
97 2.4318 1.29606 17.478
98 2.457 1.20389 17.936
99 2.4822 1.22336 18.411
100 2.5074 1.24937 18.906
8000 100
1 0.0126 0 0
2 0.0378 0 0
3 0.063 0 0
4 0.0882 0 0
5 0.1134 0 0
6 0.1386 0 0
7 0.1638 0 0
8 0.189 0 0
9 0.2142 0 0
10 0.2394 0 0
11 0.2646 0 0
12 0.2898 0 0
13 0.315 0 0
14 0.3402 0 0
15 0.3654 0 0
16 0.3906 0 0
17 0.4158 0 0
18 0.441 0 0
19 0.4662 0 0
20 0.4914 0 0
21 0.5166 0 0
22 0.5418 0 0
23 0.567 0 0
24 0.5922 0 0
25 0.6174 0 0
26 0.6426 0 0
27 0.6678 0 0
28 0.693 0 0
29 0.7182 0 0
30 0.7434 0 0
31 0.7686 0 0
32 0.7938 0 0
33 0.819 0 0
34 0.8442 0 0
35 0.8694 0 0
36 0.8946 0 0
37 0.9198 0.0937762 0.005
38 0.945 0.248757 0.019
39 0.9702 0.539436 0.051
40 0.9954 1.44132 0.141
41 1.0206 1.98037 0.271
42 1.0458 2.36486 0.434
43 1.071 3.00191 0.651
44 1.0962 3.32766 0.903
45 1.1214 3.3312 1.167
46 1.1466 3.00535 1.416
47 1.1718 3.33972 1.705
48 1.197 2.82405 1.96
49 1.2222 2.88939 2.232
50 1.2474 2.4271 2.47
51 1.2726 2.15557 2.69
52 1.2978 2.16688 2.92
53 1.323 1.86754 3.126
54 1.3482 1.93806 3.348
55 1.3734 1.90966 3.575
56 1.3986 1.62244 3.775
57 1.4238 1.69858 3.992
58 1.449 1.572 4.2
59 1.4742 1.54792 4.412
60 1.4994 1.59514 4.638
61 1.5246 1.48141 4.855
62 1.5498 1.23543 5.042
63 1.575 1.36893 5.256
64 1.6002 1.25798 5.459
65 1.6254 1.21928 5.662
66 1.6506 1.26388 5.879
67 1.6758 1.2657 6.103
68 1.701 1.27235 6.335
69 1.7262 1.1982 6.56
70 1.7514 1.32434 6.816
71 1.7766 1.20157 7.055
72 1.8018 1.3246 7.326
73 1.827 1.3311 7.606
74 1.8522 1.29513 7.886
75 1.8774 1.37765 8.192
76 1.9026 1.35455 8.501
77 1.9278 1.31936 8.81
78 1.953 1.28554 9.119
79 1.9782 1.45169 9.477
80 2.0034 1.38377 9.827
81 2.0286 1.38431 10.186
82 2.0538 1.39945 10.558
83 2.079 1.46486 10.957
84 2.1042 1.46582 11.366
85 2.1294 1.41383 11.77
86 2.1546 1.5211 12.215
87 2.1798 1.45608 12.651
88 2.205 1.59597 13.14
89 2.2302 1.42611 13.587
90 2.2554 1.36946 14.026
91 2.2806 1.47666 14.51
92 2.3058 1.38785 14.975
93 2.331 1.37845 15.447
94 2.3562 1.42915 15.947
95 2.3814 1.38787 16.443
96 2.4066 1.23019 16.892
97 2.4318 1.34972 17.395
98 2.457 1.26435 17.876
99 2.4822 1.28517 18.375
100 2.5074 1.35538 18.912
8500 100
1 0.0126 0 0
2 0.0378 0 0
3 0.063 0 0
4 0.0882 0 0
5 0.1134 0 0
6 0.1386 0 0
7 0.1638 0 0
8 0.189 0 0
9 0.2142 0 0
10 0.2394 0 0
11 0.2646 0 0
12 0.2898 0 0
13 0.315 0 0
14 0.3402 0 0
15 0.3654 0 0
16 0.3906 0 0
17 0.4158 0 0
18 0.441 0 0
19 0.4662 0 0
20 0.4914 0 0
21 0.5166 0 0
22 0.5418 0 0
23 0.567 0 0
24 0.5922 0 0
25 0.6174 0 0
26 0.6426 0 0
27 0.6678 0 0
28 0.693 0 0
29 0.7182 0 0
30 0.7434 0 0
31 0.7686 0 0
32 0.7938 0 0
33 0.819 0 0
34 0.8442 0 0
35 0.8694 0 0
36 0.8946 0.0198267 0.001
37 0.9198 0.0187552 0.002
38 0.945 0.0710734 0.006
39 0.9702 0.556293 0.039
40 0.9954 1.10501 0.108
41 1.0206 2.02607 0.241
42 1.0458 2.37937 0.405
43 1.071 2.97424 0.62
44 1.0962 3.05035 0.851
45 1.1214 3.40691 1.121
46 1.1466 3.11397 1.379
47 1.1718 2.76192 1.618
48 1.197 2.69115 1.861
49 1.2222 2.46448 2.093
50 1.2474 2.30472 2.319
51 1.2726 2.4985 2.574
52 1.2978 2.19515 2.807
53 1.323 1.84035 3.01
54 1.3482 1.71108 3.206
55 1.3734 1.9349 3.436
56 1.3986 1.5981 3.633
57 1.4238 1.51072 3.826
58 1.449 1.39817 4.011
59 1.4742 1.38729 4.201
60 1.4994 1.42575 4.403
61 1.5246 1.3517 4.601
62 1.5498 1.49969 4.828
63 1.575 1.48407 5.06
64 1.6002 1.21461 5.256
65 1.6254 1.32739 5.477
66 1.6506 1.4619 5.728
67 1.6758 1.36741 5.97
68 1.701 1.38752 6.223
69 1.7262 1.34198 6.475
70 1.7514 1.18983 6.705
71 1.7766 1.27195 6.958
72 1.8018 1.4468 7.254
73 1.827 1.26454 7.52
74 1.8522 1.36913 7.816
75 1.8774 1.35514 8.117
76 1.9026 1.41592 8.44
77 1.9278 1.21689 8.725
78 1.953 1.31466 9.041
79 1.9782 1.35031 9.374
80 2.0034 1.364 9.719
81 2.0286 1.42672 10.089
82 2.0538 1.29035 10.432
83 2.079 1.37674 10.807
84 2.1042 1.52675 11.233
85 2.1294 1.51532 11.666
86 2.1546 1.4083 12.078
87 2.1798 1.47946 12.521
88 2.205 1.40014 12.95
89 2.2302 1.43887 13.401
90 2.2554 1.3601 13.837
91 2.2806 1.48581 14.324
92 2.3058 1.44157 14.807
93 2.331 1.41349 15.291
94 2.3562 1.31768 15.752
95 2.3814 1.35429 16.236
96 2.4066 1.37814 16.739
97 2.4318 1.32021 17.231
98 2.457 1.29852 17.725
99 2.4822 1.28774 18.225
100 2.5074 1.3478 18.759
9000 100
1 0.0126 0 0
2 0.0378 0 0
3 0.063 0 0
4 0.0882 0 0
5 0.1134 0 0
6 0.1386 0 0
7 0.1638 0 0
8 0.189 0 0
9 0.2142 0 0
10 0.2394 0 0
11 0.2646 0 0
12 0.2898 0 0
13 0.315 0 0
14 0.3402 0 0
15 0.3654 0 0
16 0.3906 0 0
17 0.4158 0 0
18 0.441 0 0
19 0.4662 0 0
20 0.4914 0 0
21 0.5166 0 0
22 0.5418 0 0
23 0.567 0 0
24 0.5922 0 0
25 0.6174 0 0
26 0.6426 0 0
27 0.6678 0 0
28 0.693 0 0
29 0.7182 0 0
30 0.7434 0 0
31 0.7686 0 0
32 0.7938 0 0
33 0.819 0 0
34 0.8442 0 0
35 0.8694 0 0
36 0.8946 0 0
37 0.9198 0 0
38 0.945 0.10661 0.006
39 0.9702 0.421434 0.031
40 0.9954 1.04095 0.096
41 1.0206 2.39168 0.253
42 1.0458 2.72757 0.441
43 1.071 2.98807 0.657
44 1.0962 3.49932 0.922
45 1.1214 3.00313 1.16
46 1.1466 3.3433 1.437
47 1.1718 2.93526 1.691
48 1.197 2.64685 1.93
49 1.2222 2.60257 2.175
50 1.2474 2.20274 2.391
51 1.2726 2.24375 2.62
52 1.2978 2.25167 2.859
53 1.323 1.80408 3.058
54 1.3482 1.8333 3.268
55 1.3734 1.8003 3.482
56 1.3986 1.72789 3.695
57 1.4238 1.68293 3.91
58 1.449 1.61734 4.124
59 1.4742 1.4384 4.321
60 1.4994 1.45398 4.527
61 1.5246 1.40631 4.733
62 1.5498 1.15615 4.908
63 1.575 1.34974 5.119
64 1.6002 1.41291 5.347
65 1.6254 1.21327 5.549
66 1.6506 1.2464 5.763
67 1.6758 1.20355 5.976
68 1.701 1.16815 6.189
69 1.7262 1.16092 6.407
70 1.7514 1.31916 6.662
71 1.7766 1.1714 6.895
72 1.8018 1.20729 7.142
73 1.827 1.25979 7.407
74 1.8522 1.36913 7.703
75 1.8774 1.19756 7.969
76 1.9026 1.46414 8.303
77 1.9278 1.32363 8.613
78 1.953 1.46443 8.965
79 1.9782 1.52062 9.34
80 2.0034 1.39563 9.693
81 2.0286 1.35346 10.044
82 2.0538 1.43331 10.425
83 2.079 1.3951 10.805
84 2.1042 1.48732 11.22
85 2.1294 1.46633 11.639
86 2.1546 1.39463 12.047
87 2.1798 1.58632 12.522
88 2.205 1.2957 12.919
89 2.2302 1.39739 13.357
90 2.2554 1.49736 13.837
91 2.2806 1.33936 14.276
92 2.3058 1.45948 14.765
93 2.331 1.38429 15.239
94 2.3562 1.32339 15.702
95 2.3814 1.35709 16.187
96 2.4066 1.35348 16.681
97 2.4318 1.36851 17.191
98 2.457 1.43521 17.737
99 2.4822 1.30577 18.244
100 2.5074 1.31499 18.765
9500 100
1 0.0126 0 0
2 0.0378 0 0
3 0.063 0 0
4 0.0882 0 0
5 0.1134 0 0
6 0.1386 0 0
7 0.1638 0 0
8 0.189 0 0
9 0.2142 0 0
10 0.2394 0 0
11 0.2646 0 0
12 0.2898 0 0
13 0.315 0 0
14 0.3402 0 0
15 0.3654 0 0
16 0.3906 0 0
17 0.4158 0 0
18 0.441 0 0
19 0.4662 0 0
20 0.4914 0 0
21 0.5166 0 0
22 0.5418 0 0
23 0.567 0 0
24 0.5922 0 0
25 0.6174 0 0
26 0.6426 0 0
27 0.6678 0 0
28 0.693 0 0
29 0.7182 0 0
30 0.7434 0 0
31 0.7686 0 0
32 0.7938 0 0
33 0.819 0 0
34 0.8442 0 0
35 0.8694 0 0
36 0.8946 0 0
37 0.9198 0 0
38 0.945 0.21322 0.012
39 0.9702 0.421434 0.037
40 0.9954 1.44132 0.127
41 1.0206 1.9042 0.252
42 1.0458 2.80011 0.445
43 1.071 2.91891 0.656
44 1.0962 2.78625 0.867
45 1.1214 2.97789 1.103
46 1.1466 3.1019 1.36
47 1.1718 2.88903 1.61
48 1.197 2.40321 1.827
49 1.2222 2.41136 2.054
50 1.2474 2.4169 2.291
51 1.2726 2.25355 2.521
52 1.2978 2.05383 2.739
53 1.323 2.0126 2.961
54 1.3482 2.0079 3.191
55 1.3734 1.77506 3.402
56 1.3986 1.54943 3.593
57 1.4238 1.68293 3.808
58 1.449 1.51154 4.008
59 1.4742 1.62094 4.23
60 1.4994 1.41869 4.431
61 1.5246 1.33805 4.627
62 1.5498 1.4072 4.84
63 1.575 1.33054 5.048
64 1.6002 1.27038 5.253
65 1.6254 1.41148 5.488
66 1.6506 1.25223 5.703
67 1.6758 1.26005 5.926
68 1.701 1.17912 6.141
69 1.7262 1.18222 6.363
70 1.7514 1.23639 6.602
71 1.7766 1.29206 6.859
72 1.8018 1.16819 7.098
73 1.827 1.24078 7.359
74 1.8522 1.22112 7.623
75 1.8774 1.33263 7.919
76 1.9026 1.39838 8.238
77 1.9278 1.14003 8.505
78 1.953 1.47691 8.86
79 1.9782 1.28949 9.178
80 2.0034 1.36005 9.522
81 2.0286 1.49999 9.911
82 2.0538 1.40321 10.284
83 2.079 1.40612 10.667
84 2.1042 1.45865 11.074
85 2.1294 1.48033 11.497
86 2.1546 1.54503 11.949
87 2.1798 1.40264 12.369
88 2.205 1.56659 12.849
89 2.2302 1.45482 13.305
90 2.2554 1.51608 13.791
91 2.2806 1.43089 14.26
92 2.3058 1.45948 14.749
93 2.331 1.36384 15.216
94 2.3562 1.46631 15.729
95 2.3814 1.42705 16.239
96 2.4066 1.4028 16.751
97 2.4318 1.30947 17.239
98 2.457 1.43258 17.784
99 2.4822 1.37016 18.316
100 2.5074 1.33266 18.844
10000 100
1 0.0126 0 0
2 0.0378 0 0
3 0.063 0 0
4 0.0882 0 0
5 0.1134 0 0
6 0.1386 0 0
7 0.1638 0 0
8 0.189 0 0
9 0.2142 0 0
10 0.2394 0 0
11 0.2646 0 0
12 0.2898 0 0
13 0.315 0 0
14 0.3402 0 0
15 0.3654 0 0
16 0.3906 0 0
17 0.4158 0 0
18 0.441 0 0
19 0.4662 0 0
20 0.4914 0 0
21 0.5166 0 0
22 0.5418 0 0
23 0.567 0 0
24 0.5922 0 0
25 0.6174 0 0
26 0.6426 0 0
27 0.6678 0 0
28 0.693 0 0
29 0.7182 0 0
30 0.7434 0 0
31 0.7686 0 0
32 0.7938 0 0
33 0.819 0 0
34 0.8442 0 0
35 0.8694 0 0
36 0.8946 0 0
37 0.9198 0 0
38 0.945 0.195452 0.011
39 0.9702 0.455149 0.038
40 0.9954 1.13704 0.109
41 1.0206 1.9042 0.234
42 1.0458 2.37937 0.398
43 1.071 3.00191 0.615
44 1.0962 3.02394 0.844
45 1.1214 3.12931 1.092
46 1.1466 3.06569 1.346
47 1.1718 2.93526 1.6
48 1.197 3.11199 1.881
49 1.2222 2.78316 2.143
50 1.2474 2.03958 2.343
51 1.2726 2.08698 2.556
52 1.2978 2.01614 2.77
53 1.323 1.76782 2.965
54 1.3482 1.86822 3.179
55 1.3734 1.64887 3.375
56 1.3986 1.52509 3.563
57 1.4238 1.51855 3.757
58 1.449 1.71559 3.984
59 1.4742 1.64284 4.209
60 1.4994 1.31988 4.396
61 1.5246 1.38583 4.599
62 1.5498 1.26185 4.79
63 1.575 1.4137 5.011
64 1.6002 1.27657 5.217
65 1.6254 1.29736 5.433
66 1.6506 1.37454 5.669
67 1.6758 1.37306 5.912
68 1.701 1.16267 6.124
69 1.7262 1.21418 6.352
70 1.7514 1.27778 6.599
71 1.7766 1.18648 6.835
72 1.8018 1.27572 7.096
73 1.827 1.3311 7.376
74 1.8522 1.35526 7.669
75 1.8774 1.32362 7.963
76 1.9026 1.4729 8.299
77 1.9278 1.16138 8.571
78 1.953 1.46027 8.922
79 1.9782 1.41519 9.271
80 2.0034 1.43517 9.634
81 2.0286 1.39202 9.995
82 2.0538 1.40697 10.369
83 2.079 1.48688 10.774
84 2.1042 1.37622 11.158
85 2.1294 1.46283 11.576
86 2.1546 1.5587 12.032
87 2.1798 1.42936 12.46
88 2.205 1.49153 12.917
89 2.2302 1.48672 13.383
90 2.2554 1.42249 13.839
91 2.2806 1.2814 14.259
92 2.3058 1.45351 14.746
93 2.331 1.37553 15.217
94 2.3562 1.48632 15.737
95 2.3814 1.42425 16.246
96 2.4066 1.30142 16.721
97 2.4318 1.47316 17.27
98 2.457 1.33269 17.777
99 2.4822 1.36243 18.306
100 2.5074 1.368 18.848
