# Time-averaged data for fix rdf
# TimeStep Number-of-rows
# Row c_myRDF[1] c_myRDF[2] c_myRDF[3]
1000 100
1 0.0146 0 0
2 0.0438 0 0
3 0.073 0 0
4 0.1022 0 0
5 0.1314 0 0
6 0.1606 0 0
7 0.1898 0 0
8 0.219 0 0
9 0.2482 0 0
10 0.2774 0 0
11 0.3066 0 0
12 0.3358 0 0
13 0.365 0 0
14 0.3942 0 0
15 0.4234 0 0
16 0.4526 0 0
17 0.4818 0 0
18 0.511 0 0
19 0.5402 0 0
20 0.5694 0 0
21 0.5986 0 0
22 0.6278 0 0
23 0.657 0 0
24 0.6862 0 0
25 0.7154 0 0
26 0.7446 0 0
27 0.7738 0 0
28 0.803 0 0
29 0.8322 0 0
30 0.8614 0 0
31 0.8906 0 0
32 0.9198 0.0483445 0.000375
33 0.949 0.333046 0.003125
34 0.9782 1.29659 0.0145
35 1.0074 2.87494 0.04125
36 1.0366 4.13633 0.082
37 1.0658 5.68917 0.14125
38 1.095 6.27674 0.21025
39 1.1242 6.04123 0.28025
40 1.1534 5.87246 0.351875
41 1.1826 5.81028 0.426375
42 1.2118 5.35725 0.4985
43 1.241 4.86909 0.56725
44 1.2702 4.44499 0.633
45 1.2994 3.74682 0.691
46 1.3286 3.43718 0.746625
47 1.3578 3.41667 0.804375
48 1.387 3.11132 0.85925
49 1.4162 2.92316 0.913
50 1.4454 2.74099 0.9655
51 1.4746 2.60843 1.0175
52 1.5038 2.24887 1.06412
53 1.533 2.1234 1.10988
54 1.5622 1.96655 1.15387
55 1.5914 1.97042 1.19962
56 1.6206 1.83257 1.24375
57 1.6498 1.89351 1.291
58 1.679 1.77985 1.337
59 1.7082 1.7756 1.3845
60 1.7374 1.77062 1.4335
61 1.7666 1.69073 1.48188
62 1.7958 1.92792 1.53888
63 1.825 1.75209 1.59238
64 1.8542 1.89167 1.652
65 1.8834 1.74122 1.70863
66 1.9126 1.79655 1.76888
67 1.9418 1.56936 1.82312
68 1.971 1.66008 1.88225
69 2.0002 1.63582 1.94225
70 2.0294 1.49639 1.99875
71 2.0586 1.56041 2.05938
72 2.0878 1.47641 2.11837
73 2.117 1.5972 2.184
74 2.1462 1.36459 2.24163
75 2.1754 1.31668 2.29875
76 2.2046 1.18946 2.35175
77 2.2338 1.18316 2.40587
78 2.263 1.16347 2.4605
79 2.2922 1.21446 2.519
80 2.3214 1.14362 2.5755
81 2.3506 1.10551 2.6315
82 2.3798 0.965399 2.68162
83 2.409 1.01262 2.7355
84 2.4382 0.977045 2.78875
85 2.4674 1.02124 2.84575
86 2.4966 0.927495 2.89875
87 2.5258 0.925409 2.95288
88 2.555 0.868872 3.00487
89 2.5842 0.790138 3.05325
90 2.6134 0.836463 3.10563
91 2.6426 0.81027 3.1575
92 2.6718 0.771646 3.208
93 2.701 0.869057 3.26613
94 2.7302 0.856055 3.32462
95 2.7594 0.800429 3.3805
96 2.7886 0.776741 3.43588
97 2.8178 0.757292 3.491
98 2.847 0.773799 3.5485
99 2.8762 0.796075 3.60887
100 2.9054 0.734928 3.66575
1500 100
1 0.0146 0 0
2 0.0438 0 0
3 0.073 0 0
4 0.1022 0 0
5 0.1314 0 0
6 0.1606 0 0
7 0.1898 0 0
8 0.219 0 0
9 0.2482 0 0
10 0.2774 0 0
11 0.3066 0 0
12 0.3358 0 0
13 0.365 0 0
14 0.3942 0 0
15 0.4234 0 0
16 0.4526 0 0
17 0.4818 0 0
18 0.511 0 0
19 0.5402 0 0
20 0.5694 0 0
21 0.5986 0 0
22 0.6278 0 0
23 0.657 0 0
24 0.6862 0 0
25 0.7154 0 0
26 0.7446 0 0
27 0.7738 0 0
28 0.803 0 0
29 0.8322 0 0
30 0.8614 0 0
31 0.8906 0 0
32 0.9198 0 0
33 0.949 0.242216 0.002
34 0.9782 0.81215 0.009125
35 1.0074 1.80019 0.025875
36 1.0366 2.79139 0.053375
37 1.0658 3.58874 0.09075
38 1.095 4.12764 0.136125
39 1.1242 3.96995 0.182125
40 1.1534 3.91498 0.229875
41 1.1826 4.02625 0.2815
42 1.2118 3.25891 0.325375
43 1.241 3.19589 0.3705
44 1.2702 2.98305 0.414625
45 1.2994 2.72129 0.45675
46 1.3286 2.7034 0.5005
47 1.3578 2.43308 0.541625
48 1.387 2.40968 0.584125
49 1.4162 2.03262 0.6215
50 1.4454 1.9709 0.65925
51 1.4746 1.72432 0.693625
52 1.5038 1.94741 0.734
53 1.533 1.70568 0.77075
54 1.5622 1.61458 0.806875
55 1.5914 1.55588 0.843
56 1.6206 1.53147 0.879875
57 1.6498 1.49777 0.91725
58 1.679 1.53803 0.957
59 1.7082 1.48589 0.99675
60 1.7374 1.46799 1.03737
61 1.7666 1.59024 1.08288
62 1.7958 1.48822 1.12688
63 1.825 1.38366 1.16912
64 1.8542 1.56648 1.2185
65 1.8834 1.64897 1.27212
66 1.9126 1.45737 1.321
67 1.9418 1.65614 1.37825
68 1.971 1.48109 1.431
69 2.0002 1.40408 1.4825
70 2.0294 1.39376 1.53513
71 2.0586 1.45102 1.5915
72 2.0878 1.5202 1.65225
73 2.117 1.4603 1.71225
74 2.1462 1.40307 1.7715
75 2.1754 1.34261 1.82975
76 2.2046 1.35778 1.89025
77 2.2338 1.34164 1.95162
78 2.263 1.24334 2.01
79 2.2922 1.2975 2.0725
80 2.3214 1.34856 2.13912
81 2.3506 1.25851 2.20287
82 2.3798 1.13633 2.26188
83 2.409 1.20763 2.32612
84 2.4382 1.11924 2.38713
85 2.4674 1.19369 2.45375
86 2.4966 1.18343 2.52137
87 2.5258 1.1605 2.58925
88 2.555 1.09236 2.65463
89 2.5842 1.01268 2.71663
90 2.6134 1.10796 2.786
91 2.6426 1.02894 2.85188
92 2.6718 1.00467 2.91763
93 2.701 1.00923 2.98513
94 2.7302 1.05544 3.05725
95 2.7594 1.02784 3.129
96 2.7886 0.945064 3.19638
97 2.8178 1.03205 3.2715
98 2.847 1.02276 3.3475
99 2.8762 0.929578 3.418
100 2.9054 0.949753 3.4915
2000 100
1 0.0146 0 0
2 0.0438 0 0
3 0.073 0 0
4 0.1022 0 0
5 0.1314 0 0
6 0.1606 0 0
7 0.1898 0 0
8 0.219 0 0
9 0.2482 0 0
10 0.2774 0 0
11 0.3066 0 0
12 0.3358 0 0
13 0.365 0 0
14 0.3942 0 0
15 0.4234 0 0
16 0.4526 0 0
17 0.4818 0 0
18 0.511 0 0
19 0.5402 0 0
20 0.5694 0 0
21 0.5986 0 0
22 0.6278 0 0
23 0.657 0 0
24 0.6862 0 0
25 0.7154 0 0
26 0.7446 0 0
27 0.7738 0 0
28 0.803 0 0
29 0.8322 0 0
30 0.8614 0 0
31 0.8906 0 0
32 0.9198 0.0644593 0.0005
33 0.949 0.105969 0.001375
34 0.9782 0.854894 0.008875
35 1.0074 1.77333 0.025375
36 1.0366 2.20773 0.047125
37 1.0658 2.68855 0.075125
38 1.095 3.26345 0.111
39 1.1242 3.33346 0.149625
40 1.1534 3.32056 0.190125
41 1.1826 3.12936 0.23025
42 1.2118 2.94324 0.269875
43 1.241 2.90375 0.310875
44 1.2702 2.31545 0.345125
45 1.2994 2.35791 0.381625
46 1.3286 1.9619 0.413375
47 1.3578 1.83405 0.444375
48 1.387 1.949 0.47875
49 1.4162 1.66552 0.509375
50 1.4454 1.72291 0.542375
51 1.4746 1.65535 0.575375
52 1.5038 1.62787 0.609125
53 1.533 1.4098 0.6395
54 1.5622 1.37435 0.67025
55 1.5914 1.38899 0.7025
56 1.6206 1.38611 0.735875
57 1.6498 1.2974 0.76825
58 1.679 1.49933 0.807
59 1.7082 1.34572 0.843
60 1.7374 1.49057 0.88425
61 1.7666 1.51597 0.927625
62 1.7958 1.37829 0.968375
63 1.825 1.40823 1.01138
64 1.8542 1.3087 1.05263
65 1.8834 1.50675 1.10163
66 1.9126 1.30828 1.1455
67 1.9418 1.41025 1.19425
68 1.971 1.4144 1.24462
69 2.0002 1.36659 1.29475
70 2.0294 1.31762 1.3445
71 2.0586 1.32555 1.396
72 2.0878 1.31688 1.44863
73 2.117 1.38728 1.50562
74 2.1462 1.31131 1.561
75 2.1754 1.29939 1.61738
76 2.2046 1.16701 1.66938
77 2.2338 1.246 1.72638
78 2.263 1.13951 1.77987
79 2.2922 1.1937 1.83738
80 2.3214 1.21446 1.89738
81 2.3506 1.13512 1.95487
82 2.3798 1.18929 2.01662
83 2.409 1.25697 2.0835
84 2.4382 1.23851 2.151
85 2.4674 1.18249 2.217
86 2.4966 1.26656 2.28937
87 2.5258 1.11348 2.3545
88 2.555 1.15084 2.42338
89 2.5842 1.03514 2.48675
90 2.6134 1.05606 2.55287
91 2.6426 1.08361 2.62225
92 2.6718 1.15556 2.69788
93 2.701 1.13071 2.7735
94 2.7302 1.06824 2.8465
95 2.7594 1.0941 2.92287
96 2.7886 1.11514 3.00237
97 2.8178 1.03376 3.07763
98 2.847 1.09509 3.159
99 2.8762 1.02847 3.237
100 2.9054 1.05151 3.31838
2500 100
1 0.0146 0 0
2 0.0438 0 0
3 0.073 0 0
4 0.1022 0 0
5 0.1314 0 0
6 0.1606 0 0
7 0.1898 0 0
8 0.219 0 0
9 0.2482 0 0
10 0.2774 0 0
11 0.3066 0 0
12 0.3358 0 0
13 0.365 0 0
14 0.3942 0 0
15 0.4234 0 0
16 0.4526 0 0
17 0.4818 0 0
18 0.511 0 0
19 0.5402 0 0
20 0.5694 0 0
21 0.5986 0 0
22 0.6278 0 0
23 0.657 0 0
24 0.6862 0 0
25 0.7154 0 0
26 0.7446 0 0
27 0.7738 0 0
28 0.803 0 0
29 0.8322 0 0
30 0.8614 0 0
31 0.8906 0 0
32 0.9198 0.0161148 0.000125
33 0.949 0.211939 0.001875
34 0.9782 0.626923 0.007375
35 1.0074 1.46434 0.021
36 1.0366 1.99204 0.040625
37 1.0658 3.10864 0.073
38 1.095 3.01329 0.106125
39 1.1242 3.33346 0.14475
40 1.1534 3.11558 0.18275
41 1.1826 3.26585 0.224625
42 1.2118 3.07322 0.266
43 1.241 2.30175 0.2985
44 1.2702 2.66193 0.337875
45 1.2994 2.13181 0.370875
46 1.3286 2.02369 0.403625
47 1.3578 1.84884 0.434875
48 1.387 1.72221 0.46525
49 1.4162 1.58395 0.494375
50 1.4454 1.57281 0.5245
51 1.4746 1.52995 0.555
52 1.5038 1.54949 0.587125
53 1.533 1.46202 0.618625
54 1.5622 1.46374 0.651375
55 1.5914 1.31361 0.681875
56 1.6206 1.2096 0.711
57 1.6498 1.16215 0.74
58 1.679 1.24783 0.77225
59 1.7082 1.39711 0.809625
60 1.7374 1.3641 0.847375
61 1.7666 1.10531 0.879
62 1.7958 1.29373 0.91725
63 1.825 1.40004 0.96
64 1.8542 1.30474 1.00112
65 1.8834 1.19925 1.04012
66 1.9126 1.37909 1.08637
67 1.9418 1.26923 1.13025
68 1.971 1.25296 1.17488
69 2.0002 1.36318 1.22487
70 2.0294 1.21499 1.27075
71 2.0586 1.26763 1.32
72 2.0878 1.31062 1.37237
73 2.117 1.28385 1.42512
74 2.1462 1.32611 1.48113
75 2.1754 1.28211 1.53675
76 2.2046 1.29886 1.59462
77 2.2338 1.19682 1.64937
78 2.263 1.21938 1.70663
79 2.2922 1.25079 1.76688
80 2.3214 1.22458 1.82737
81 2.3506 1.23136 1.88975
82 2.3798 1.23263 1.95375
83 2.409 1.08076 2.01125
84 2.4382 1.18346 2.07575
85 2.4674 1.17577 2.14138
86 2.4966 1.09593 2.204
87 2.5258 1.1776 2.27287
88 2.555 1.21976 2.34587
89 2.5842 1.22502 2.42088
90 2.6134 1.1978 2.49588
91 2.6426 1.12657 2.568
92 2.6718 1.14028 2.64263
93 2.701 1.18491 2.72188
94 2.7302 1.00422 2.7905
95 2.7594 1.10663 2.86775
96 2.7886 1.07657 2.9445
97 2.8178 1.03891 3.02013
98 2.847 1.11191 3.10275
99 2.8762 1.06308 3.18338
100 2.9054 1.04021 3.26388
3000 100
1 0.0146 0 0
2 0.0438 0 0
3 0.073 0 0
4 0.1022 0 0
5 0.1314 0 0
6 0.1606 0 0
7 0.1898 0 0
8 0.219 0 0
9 0.2482 0 0
10 0.2774 0 0
11 0.3066 0 0
12 0.3358 0 0
13 0.365 0 0
14 0.3942 0 0
15 0.4234 0 0
16 0.4526 0 0
17 0.4818 0 0
18 0.511 0 0
19 0.5402 0 0
20 0.5694 0 0
21 0.5986 0 0
22 0.6278 0 0
23 0.657 0 0
24 0.6862 0 0
25 0.7154 0 0
26 0.7446 0 0
27 0.7738 0 0
28 0.803 0 0
29 0.8322 0 0
30 0.8614 0 0
31 0.8906 0 0
32 0.9198 0.0322296 0.00025
33 0.949 0.121108 0.00125
34 0.9782 0.584178 0.006375
35 1.0074 1.22252 0.01775
36 1.0366 1.89053 0.036375
37 1.0658 2.60453 0.0635
38 1.095 2.64942 0.092625
39 1.1242 3.0314 0.12775
40 1.1534 2.90036 0.163125
41 1.1826 2.57368 0.196125
42 1.2118 2.40473 0.2285
43 1.241 2.12469 0.2585
44 1.2702 2.3239 0.292875
45 1.2994 1.91379 0.3225
46 1.3286 1.82287 0.352
47 1.3578 1.63438 0.379625
48 1.387 1.82143 0.41175
49 1.4162 1.62473 0.441625
50 1.4454 1.46839 0.46975
51 1.4746 1.43589 0.498375
52 1.5038 1.33847 0.526125
53 1.533 1.32858 0.55475
54 1.5622 1.37994 0.585625
55 1.5914 1.33515 0.616625
56 1.6206 1.18883 0.64525
57 1.6498 1.05195 0.6715
58 1.679 1.12692 0.700625
59 1.7082 1.1261 0.73075
60 1.7374 1.26021 0.765625
61 1.7666 1.23637 0.801
62 1.7958 1.30219 0.8395
63 1.825 1.21582 0.876625
64 1.8542 1.32456 0.918375
65 1.8834 1.30303 0.96075
66 1.9126 1.33064 1.00538
67 1.9418 1.38855 1.05338
68 1.971 1.26349 1.09838
69 2.0002 1.40749 1.15
70 2.0294 1.38052 1.20213
71 2.0586 1.28372 1.252
72 2.0878 1.27309 1.30288
73 2.117 1.32339 1.35725
74 2.1462 1.24915 1.41
75 2.1754 1.25618 1.4645
76 2.2046 1.27362 1.52125
77 2.2338 1.29245 1.58037
78 2.263 1.28062 1.6405
79 2.2922 1.28453 1.70238
80 2.3214 1.2929 1.76625
81 2.3506 1.22149 1.82812
82 2.3798 1.29282 1.89525
83 2.409 1.20058 1.95913
84 2.4382 1.18346 2.02363
85 2.4674 1.11083 2.08563
86 2.4966 1.17249 2.15263
87 2.5258 1.08143 2.21588
88 2.555 1.18843 2.287
89 2.5842 1.23319 2.3625
90 2.6134 1.09399 2.431
91 2.6426 1.0758 2.49988
92 2.6718 1.09635 2.57163
93 2.701 1.07464 2.6435
94 2.7302 1.14872 2.722
95 2.7594 1.05829 2.79588
96 2.7886 1.0152 2.86825
97 2.8178 1.12306 2.95
98 2.847 1.0194 3.02575
99 2.8762 1.00869 3.10225
100 2.9054 1.12904 3.18963
3500 100
1 0.0146 0 0
2 0.0438 0 0
3 0.073 0 0
4 0.1022 0 0
5 0.1314 0 0
6 0.1606 0 0
7 0.1898 0 0
8 0.219 0 0
9 0.2482 0 0
10 0.2774 0 0
11 0.3066 0 0
12 0.3358 0 0
13 0.365 0 0
14 0.3942 0 0
15 0.4234 0 0
16 0.4526 0 0
17 0.4818 0 0
18 0.511 0 0
19 0.5402 0 0
20 0.5694 0 0
21 0.5986 0 0
22 0.6278 0 0
23 0.657 0 0
24 0.6862 0 0
25 0.7154 0 0
26 0.7446 0 0
27 0.7738 0 0
28 0.803 0 0
29 0.8322 0 0
30 0.8614 0 0
31 0.8906 0 0
32 0.9198 0.0161148 0.000125
33 0.949 0.136246 0.00125
34 0.9782 0.669667 0.007125
35 1.0074 1.15535 0.017875
36 1.0366 1.89053 0.0365
37 1.0658 2.48451 0.062375
38 1.095 2.43337 0.089125
39 1.1242 2.93431 0.123125
40 1.1534 2.73638 0.1565
41 1.1826 2.61268 0.19
42 1.2118 2.25617 0.220375
43 1.241 2.05387 0.249375
44 1.2702 1.91828 0.27775
45 1.2994 2.06721 0.30975
46 1.3286 1.79197 0.33875
47 1.3578 1.55303 0.365
48 1.387 1.60881 0.393375
49 1.4162 1.54316 0.42175
50 1.4454 1.51407 0.45075
51 1.4746 1.31676 0.477
52 1.5038 1.24803 0.502875
53 1.533 1.28216 0.5305
54 1.5622 1.23468 0.558125
55 1.5914 1.14134 0.584625
56 1.6206 1.1473 0.61225
57 1.6498 1.22727 0.642875
58 1.679 1.25267 0.67525
59 1.7082 1.32703 0.71075
60 1.7374 1.06147 0.740125
61 1.7666 1.27569 0.776625
62 1.7958 1.38675 0.817625
63 1.825 1.31816 0.857875
64 1.8542 1.28887 0.8985
65 1.8834 1.25306 0.93925
66 1.9126 1.30082 0.982875
67 1.9418 1.3307 1.02887
68 1.971 1.17925 1.07087
69 2.0002 1.28821 1.11812
70 2.0294 1.18188 1.16275
71 2.0586 1.2419 1.211
72 2.0878 1.23868 1.2605
73 2.117 1.19258 1.3095
74 2.1462 1.19587 1.36
75 2.1754 1.29363 1.41612
76 2.2046 1.18946 1.46913
77 2.2338 1.16949 1.52263
78 2.263 1.36581 1.58675
79 2.2922 1.21187 1.64512
80 2.3214 1.15121 1.702
81 2.3506 1.23383 1.7645
82 2.3798 1.10263 1.82175
83 2.409 1.03142 1.87662
84 2.4382 1.18805 1.94138
85 2.4674 1.1713 2.00675
86 2.4966 1.14624 2.07225
87 2.5258 1.11776 2.13762
88 2.555 1.18008 2.20825
89 2.5842 1.1311 2.2775
90 2.6134 1.02412 2.34162
91 2.6426 1.08947 2.41138
92 2.6718 1.05624 2.4805
93 2.701 1.13445 2.55638
94 2.7302 1.13409 2.63387
95 2.7594 1.05112 2.70725
96 2.7886 0.995911 2.77825
97 2.8178 1.11276 2.85925
98 2.847 1.07491 2.93912
99 2.8762 0.977376 3.01325
100 2.9054 0.993364 3.09012
4000 100
1 0.0146 0 0
2 0.0438 0 0
3 0.073 0 0
4 0.1022 0 0
5 0.1314 0 0
6 0.1606 0 0
7 0.1898 0 0
8 0.219 0 0
9 0.2482 0 0
10 0.2774 0 0
11 0.3066 0 0
12 0.3358 0 0
13 0.365 0 0
14 0.3942 0 0
15 0.4234 0 0
16 0.4526 0 0
17 0.4818 0 0
18 0.511 0 0
19 0.5402 0 0
20 0.5694 0 0
21 0.5986 0 0
22 0.6278 0 0
23 0.657 0 0
24 0.6862 0 0
25 0.7154 0 0
26 0.7446 0 0
27 0.7738 0 0
28 0.803 0 0
29 0.8322 0 0
30 0.8614 0 0
31 0.8906 0 0
32 0.9198 0.0161148 0.000125
33 0.949 0.181662 0.001625
34 0.9782 0.455944 0.005625
35 1.0074 1.14191 0.01625
36 1.0366 2.0301 0.03625
37 1.0658 2.35248 0.06075
38 1.095 2.84272 0.092
39 1.1242 2.53516 0.121375
40 1.1534 2.55191 0.1525
41 1.1826 2.42745 0.183625
42 1.2118 2.09833 0.211875
43 1.241 2.11584 0.24175
44 1.2702 2.01968 0.271625
45 1.2994 1.82496 0.299875
46 1.3286 1.59115 0.325625
47 1.3578 1.59001 0.3525
48 1.387 1.72221 0.382875
49 1.4162 1.29163 0.406625
50 1.4454 1.35092 0.4325
51 1.4746 1.35438 0.4595
52 1.5038 1.27818 0.486
53 1.533 1.22415 0.512375
54 1.5622 1.13412 0.53775
55 1.5914 1.21132 0.565875
56 1.6206 1.11615 0.59275
57 1.6498 1.0269 0.618375
58 1.679 1.18979 0.649125
59 1.7082 1.18217 0.68075
60 1.7374 1.25118 0.715375
61 1.7666 1.2888 0.75225
62 1.7958 1.17535 0.787
63 1.825 1.15851 0.822375
64 1.8542 1.24128 0.8615
65 1.8834 1.16081 0.89925
66 1.9126 1.17409 0.938625
67 1.9418 1.22222 0.980875
68 1.971 1.25296 1.0255
69 2.0002 1.25413 1.0715
70 2.0294 1.2812 1.11987
71 2.0586 1.19042 1.16613
72 2.0878 1.17612 1.21313
73 2.117 1.10739 1.25862
74 2.1462 1.19883 1.30925
75 2.1754 1.22448 1.36238
76 2.2046 1.19226 1.4155
77 2.2338 1.246 1.4725
78 2.263 1.041 1.52138
79 2.2922 1.06914 1.57288
80 2.3214 1.13097 1.62875
81 2.3506 1.13019 1.686
82 2.3798 1.08818 1.7425
83 2.409 1.17943 1.80525
84 2.4382 1.0642 1.86325
85 2.4674 1.10411 1.92488
86 2.4966 1.15062 1.99063
87 2.5258 0.968154 2.04725
88 2.555 1.08818 2.11238
89 2.5842 1.01472 2.1745
90 2.6134 1.07802 2.242
91 2.6426 1.05433 2.3095
92 2.6718 0.998937 2.37488
93 2.701 1.13258 2.45063
94 2.7302 1.05726 2.52287
95 2.7594 1.10305 2.59987
96 2.7886 1.01871 2.6725
97 2.8178 1.08528 2.7515
98 2.847 1.07659 2.8315
99 2.8762 1.09769 2.91475
100 2.9054 1.02082 2.99375
4500 100
1 0.0146 0 0
2 0.0438 0 0
3 0.073 0 0
4 0.1022 0 0
5 0.1314 0 0
6 0.1606 0 0
7 0.1898 0 0
8 0.219 0 0
9 0.2482 0 0
10 0.2774 0 0
11 0.3066 0 0
12 0.3358 0 0
13 0.365 0 0
14 0.3942 0 0
15 0.4234 0 0
16 0.4526 0 0
17 0.4818 0 0
18 0.511 0 0
19 0.5402 0 0
20 0.5694 0 0
21 0.5986 0 0
22 0.6278 0 0
23 0.657 0 0
24 0.6862 0 0
25 0.7154 0 0
26 0.7446 0 0
27 0.7738 0 0
28 0.803 0 0
29 0.8322 0 0
30 0.8614 0 0
31 0.8906 0 0
32 0.9198 0.0161148 0.000125
33 0.949 0.136246 0.00125
34 0.9782 0.555681 0.006125
35 1.0074 1.26282 0.017875
36 1.0366 1.8144 0.03575
37 1.0658 2.65254 0.063375
38 1.095 2.62668 0.09225
39 1.1242 2.50279 0.12125
40 1.1534 2.80812 0.1555
41 1.1826 2.55418 0.18825
42 1.2118 2.2376 0.218375
43 1.241 2.01846 0.246875
44 1.2702 1.75772 0.272875
45 1.2994 1.86533 0.30175
46 1.3286 1.80742 0.331
47 1.3578 1.41252 0.354875
48 1.387 1.31115 0.378
49 1.4162 1.34601 0.40275
50 1.4454 1.55323 0.4325
51 1.4746 1.39827 0.460375
52 1.5038 1.36258 0.488625
53 1.533 1.28216 0.51625
54 1.5622 1.21792 0.5435
55 1.5914 1.27054 0.573
56 1.6206 1.19402 0.60175
57 1.6498 1.06197 0.62825
58 1.679 0.996331 0.654
59 1.7082 1.12143 0.684
60 1.7374 1.20149 0.71725
61 1.7666 1.0922 0.7485
62 1.7958 1.20072 0.784
63 1.825 1.28951 0.823375
64 1.8542 1.07472 0.85725
65 1.8834 1.09931 0.893
66 1.9126 1.26728 0.9355
67 1.9418 1.22945 0.978
68 1.971 1.13363 1.01838
69 2.0002 1.18256 1.06175
70 2.0294 1.26134 1.10938
71 2.0586 1.13894 1.15363
72 2.0878 1.04787 1.1955
73 2.117 1.2017 1.24487
74 2.1462 1.02714 1.28825
75 2.1754 1.06602 1.3345
76 2.2046 1.11371 1.38413
77 2.2338 1.17769 1.438
78 2.263 1.09425 1.48938
79 2.2922 1.08212 1.5415
80 2.3214 1.05253 1.5935
81 2.3506 1.09811 1.64913
82 2.3798 1.0954 1.706
83 2.409 1.08311 1.76363
84 2.4382 1.09172 1.82312
85 2.4674 1.14442 1.887
86 2.4966 1.00187 1.94425
87 2.5258 0.9938 2.00238
88 2.555 1.07147 2.0665
89 2.5842 1.06168 2.1315
90 2.6134 1.02811 2.19588
91 2.6426 1.12657 2.268
92 2.6718 1.04287 2.33625
93 2.701 1.07838 2.40838
94 2.7302 1.05544 2.4805
95 2.7594 1.0941 2.55688
96 2.7886 1.03975 2.631
97 2.8178 1.02689 2.70575
98 2.847 1.0093 2.78075
99 2.8762 1.02517 2.8585
100 2.9054 1.00306 2.93613
5000 100
1 0.0146 0 0
2 0.0438 0 0
3 0.073 0 0
4 0.1022 0 0
5 0.1314 0 0
6 0.1606 0 0
7 0.1898 0 0
8 0.219 0 0
9 0.2482 0 0
10 0.2774 0 0
11 0.3066 0 0
12 0.3358 0 0
13 0.365 0 0
14 0.3942 0 0
15 0.4234 0 0
16 0.4526 0 0
17 0.4818 0 0
18 0.511 0 0
19 0.5402 0 0
20 0.5694 0 0
21 0.5986 0 0
22 0.6278 0 0
23 0.657 0 0
24 0.6862 0 0
25 0.7154 0 0
26 0.7446 0 0
27 0.7738 0 0
28 0.803 0 0
29 0.8322 0 0
30 0.8614 0 0
31 0.8906 0 0
32 0.9198 0.0161148 0.000125
33 0.949 0.211939 0.001875
34 0.9782 0.48444 0.006125
35 1.0074 1.00757 0.0155
36 1.0366 1.68752 0.032125
37 1.0658 2.22045 0.05525
38 1.095 2.27418 0.08025
39 1.1242 2.81564 0.112875
40 1.1534 2.50067 0.143375
41 1.1826 2.23247 0.172
42 1.2118 2.18189 0.201375
43 1.241 2.25749 0.23325
44 1.2702 1.75772 0.25925
45 1.2994 1.82496 0.2875
46 1.3286 1.82287 0.317
47 1.3578 1.5974 0.344
48 1.387 1.56629 0.371625
49 1.4162 1.35281 0.3965
50 1.4454 1.31176 0.421625
51 1.4746 1.32303 0.448
52 1.5038 1.29626 0.474875
53 1.533 1.27056 0.50225
54 1.5622 1.12853 0.5275
55 1.5914 1.17364 0.55475
56 1.6206 1.329 0.58675
57 1.6498 1.01688 0.612125
58 1.679 1.04953 0.63925
59 1.7082 1.18685 0.671
60 1.7374 1.24666 0.7055
61 1.7666 1.07036 0.736125
62 1.7958 1.23031 0.7725
63 1.825 1.28951 0.811875
64 1.8542 1.12231 0.84725
65 1.8834 1.12622 0.883875
66 1.9126 1.08464 0.92025
67 1.9418 1.07758 0.9575
68 1.971 1.24945 1.002
69 2.0002 1.17234 1.045
70 2.0294 1.14547 1.08825
71 2.0586 1.05529 1.12925
72 2.0878 1.08541 1.17263
73 2.117 1.02525 1.21475
74 2.1462 1.13963 1.26287
75 2.1754 1.12076 1.3115
76 2.2046 1.20348 1.36512
77 2.2338 1.15037 1.41775
78 2.263 1.16081 1.47225
79 2.2922 1.04579 1.52263
80 2.3214 1.06519 1.57525
81 2.3506 1.20422 1.63625
82 2.3798 1.01836 1.68912
83 2.409 1.1207 1.74875
84 2.4382 1.15135 1.8115
85 2.4674 1.05932 1.87063
86 2.4966 1.07843 1.93225
87 2.5258 1.1199 1.99775
88 2.555 0.964949 2.0555
89 2.5842 1.10864 2.12338
90 2.6134 1.0321 2.188
91 2.6426 1.04456 2.25488
92 2.6718 1.04478 2.32325
93 2.701 1.02605 2.39187
94 2.7302 0.960318 2.4575
95 2.7594 1.05112 2.53087
96 2.7886 1.00819 2.60275
97 2.8178 0.956489 2.67237
98 2.847 1.00594 2.74712
99 2.8762 1.02353 2.82475
100 2.9054 1.06443 2.90712
5500 100
1 0.0146 0 0
2 0.0438 0 0
3 0.073 0 0
4 0.1022 0 0
5 0.1314 0 0
6 0.1606 0 0
7 0.1898 0 0
8 0.219 0 0
9 0.2482 0 0
10 0.2774 0 0
11 0.3066 0 0
12 0.3358 0 0
13 0.365 0 0
14 0.3942 0 0
15 0.4234 0 0
16 0.4526 0 0
17 0.4818 0 0
18 0.511 0 0
19 0.5402 0 0
20 0.5694 0 0
21 0.5986 0 0
22 0.6278 0 0
23 0.657 0 0
24 0.6862 0 0
25 0.7154 0 0
26 0.7446 0 0
27 0.7738 0 0
28 0.803 0 0
29 0.8322 0 0
30 0.8614 0 0
31 0.8906 0 0
32 0.9198 0.0483445 0.000375
33 0.949 0.227077 0.00225
34 0.9782 0.256468 0.0045
35 1.0074 1.15535 0.01525
36 1.0366 1.35763 0.028625
37 1.0658 2.28047 0.052375
38 1.095 2.55845 0.0805
39 1.1242 2.59989 0.110625
40 1.1534 2.31619 0.138875
41 1.1826 2.3982 0.169625
42 1.2118 2.14476 0.1985
43 1.241 2.02731 0.227125
44 1.2702 1.90138 0.25525
45 1.2994 1.75228 0.282375
46 1.3286 1.76107 0.310875
47 1.3578 1.62698 0.338375
48 1.387 1.35367 0.36225
49 1.4162 1.55675 0.390875
50 1.4454 1.33134 0.416375
51 1.4746 1.27913 0.441875
52 1.5038 1.30832 0.469
53 1.533 1.24155 0.49575
54 1.5622 1.17881 0.522125
55 1.5914 1.24901 0.551125
56 1.6206 1.11096 0.577875
57 1.6498 1.13711 0.60625
58 1.679 1.17528 0.636625
59 1.7082 0.995269 0.66325
60 1.7374 1.12019 0.69425
61 1.7666 1.17084 0.72775
62 1.7958 1.14576 0.761625
63 1.825 1.06026 0.794
64 1.8542 1.12231 0.829375
65 1.8834 1.1685 0.867375
66 1.9126 1.07718 0.9035
67 1.9418 1.1499 0.94325
68 1.971 1.1968 0.985875
69 2.0002 1.23368 1.03113
70 2.0294 1.09581 1.0725
71 2.0586 1.05529 1.1135
72 2.0878 1.02911 1.15462
73 2.117 1.0435 1.1975
74 2.1462 1.17219 1.247
75 2.1754 1.09483 1.2945
76 2.2046 1.15299 1.34587
77 2.2338 1.12577 1.39737
78 2.263 1.15548 1.45163
79 2.2922 1.07952 1.50362
80 2.3214 1.07278 1.55663
81 2.3506 1.13019 1.61388
82 2.3798 1.0304 1.66738
83 2.409 1.02202 1.72175
84 2.4382 1.10319 1.78188
85 2.4674 1.03916 1.83987
86 2.4966 1.03687 1.89913
87 2.5258 1.04082 1.96
88 2.555 1.08818 2.02513
89 2.5842 1.05556 2.08975
90 2.6134 1.01214 2.15313
91 2.6426 0.931322 2.21275
92 2.6718 1.05242 2.28163
93 2.701 0.983063 2.34738
94 2.7302 1.02983 2.41775
95 2.7594 0.949055 2.484
96 2.7886 1.02747 2.55725
97 2.8178 1.05609 2.63413
98 2.847 1.07995 2.71438
99 2.8762 1.05319 2.79425
100 2.9054 0.96429 2.86888
6000 100
1 0.0146 0 0
2 0.0438 0 0
3 0.073 0 0
4 0.1022 0 0
5 0.1314 0 0
6 0.1606 0 0
7 0.1898 0 0
8 0.219 0 0
9 0.2482 0 0
10 0.2774 0 0
11 0.3066 0 0
12 0.3358 0 0
13 0.365 0 0
14 0.3942 0 0
15 0.4234 0 0
16 0.4526 0 0
17 0.4818 0 0
18 0.511 0 0
19 0.5402 0 0
20 0.5694 0 0
21 0.5986 0 0
22 0.6278 0 0
23 0.657 0 0
24 0.6862 0 0
25 0.7154 0 0
26 0.7446 0 0
27 0.7738 0 0
28 0.803 0 0
29 0.8322 0 0
30 0.8614 0 0
31 0.8906 0 0
32 0.9198 0 0
33 0.949 0.242216 0.002
34 0.9782 0.512937 0.0065
35 1.0074 1.14191 0.017125
36 1.0366 1.52258 0.032125
37 1.0658 1.90839 0.052
38 1.095 2.34241 0.07775
39 1.1242 2.18995 0.103125
40 1.1534 2.10097 0.12875
41 1.1826 2.09599 0.155625
42 1.2118 2.03334 0.183
43 1.241 1.9742 0.210875
44 1.2702 1.69011 0.235875
45 1.2994 1.63116 0.261125
46 1.3286 1.45984 0.28475
47 1.3578 1.42731 0.308875
48 1.387 1.36076 0.332875
49 1.4162 1.25084 0.355875
50 1.4454 1.26608 0.380125
51 1.4746 1.23524 0.40475
52 1.5038 1.39876 0.43375
53 1.533 1.17193 0.459
54 1.5622 1.22351 0.486375
55 1.5914 1.0875 0.511625
56 1.6206 1.19922 0.5405
57 1.6498 1.05696 0.566875
58 1.679 1.14626 0.5965
59 1.7082 1.13077 0.62675
60 1.7374 1.08857 0.656875
61 1.7666 1.20579 0.691375
62 1.7958 1.13307 0.724875
63 1.825 1.30998 0.764875
64 1.8542 1.18973 0.802375
65 1.8834 1.22616 0.84225
66 1.9126 1.20391 0.882625
67 1.9418 1.13543 0.921875
68 1.971 1.25296 0.9665
69 2.0002 1.14848 1.00862
70 2.0294 1.10243 1.05025
71 2.0586 1.17111 1.09575
72 2.0878 1.30437 1.14788
73 2.117 1.11348 1.19363
74 2.1462 1.18403 1.24362
75 2.1754 1.16974 1.29438
76 2.2046 1.12213 1.34438
77 2.2338 1.15037 1.397
78 2.263 1.08626 1.448
79 2.2922 1.04579 1.49838
80 2.3214 1.08037 1.55175
81 2.3506 1.0833 1.60662
82 2.3798 1.0617 1.66175
83 2.409 0.998525 1.71487
84 2.4382 1.16741 1.7785
85 2.4674 1.10187 1.84
86 2.4966 1.12437 1.90425
87 2.5258 1.06433 1.9665
88 2.555 1.02552 2.02788
89 2.5842 1.0331 2.09112
90 2.6134 1.01014 2.15438
91 2.6426 1.08166 2.22363
92 2.6718 1.09444 2.29525
93 2.701 1.0952 2.3685
94 2.7302 0.996901 2.43663
95 2.7594 0.947264 2.50275
96 2.7886 1.04851 2.5775
97 2.8178 1.00285 2.6505
98 2.847 1.0379 2.72763
99 2.8762 0.993858 2.803
100 2.9054 1.03213 2.88288
6500 100
1 0.0146 0 0
2 0.0438 0 0
3 0.073 0 0
4 0.1022 0 0
5 0.1314 0 0
6 0.1606 0 0
7 0.1898 0 0
8 0.219 0 0
9 0.2482 0 0
10 0.2774 0 0
11 0.3066 0 0
12 0.3358 0 0
13 0.365 0 0
14 0.3942 0 0
15 0.4234 0 0
16 0.4526 0 0
17 0.4818 0 0
18 0.511 0 0
19 0.5402 0 0
20 0.5694 0 0
21 0.5986 0 0
22 0.6278 0 0
23 0.657 0 0
24 0.6862 0 0
25 0.7154 0 0
26 0.7446 0 0
27 0.7738 0 0
28 0.803 0 0
29 0.8322 0 0
30 0.8614 0 0
31 0.8906 0 0
32 0.9198 0.0161148 0.000125
33 0.949 0.151385 0.001375
34 0.9782 0.598426 0.006625
35 1.0074 1.02101 0.016125
36 1.0366 1.82709 0.034125
37 1.0658 2.32848 0.058375
38 1.095 2.0695 0.081125
39 1.1242 2.34098 0.10825
40 1.1534 2.2752 0.136
41 1.1826 2.29097 0.165375
42 1.2118 2.17261 0.194625
43 1.241 2.06272 0.22375
44 1.2702 1.79152 0.25025
45 1.2994 1.70383 0.276625
46 1.3286 1.41349 0.2995
47 1.3578 1.42731 0.323625
48 1.387 1.48124 0.34975
49 1.4162 1.29163 0.3735
50 1.4454 1.17471 0.396
51 1.4746 1.35438 0.423
52 1.5038 1.21186 0.448125
53 1.533 1.23575 0.47475
54 1.5622 1.1844 0.50125
55 1.5914 1.48051 0.535625
56 1.6206 1.0902 0.561875
57 1.6498 1.08701 0.589
58 1.679 1.14626 0.618625
59 1.7082 1.12143 0.648625
60 1.7374 1.13374 0.68
61 1.7666 1.08346 0.711
62 1.7958 1.12039 0.744125
63 1.825 1.15851 0.7795
64 1.8542 1.17783 0.816625
65 1.8834 1.22231 0.856375
66 1.9126 1.20764 0.896875
67 1.9418 1.11735 0.9355
68 1.971 1.09151 0.974375
69 2.0002 1.23368 1.01963
70 2.0294 1.05939 1.05963
71 2.0586 1.08746 1.10188
72 2.0878 1.1073 1.14612
73 2.117 1.18345 1.19475
74 2.1462 1.01234 1.2375
75 2.1754 1.12652 1.28638
76 2.2046 1.12774 1.33662
77 2.2338 1.06566 1.38538
78 2.263 1.01171 1.43287
79 2.2922 1.10547 1.48612
80 2.3214 0.96651 1.53388
81 2.3506 1.06109 1.58762
82 2.3798 1.02559 1.64088
83 2.409 1.04786 1.69662
84 2.4382 1.03209 1.75287
85 2.4674 1.03692 1.81075
86 2.4966 1.01062 1.8685
87 2.5258 1.08784 1.93212
88 2.555 1.05058 1.995
89 2.5842 1.14539 2.06513
90 2.6134 1.07003 2.13212
91 2.6426 1.04652 2.19912
92 2.6718 1.00658 2.265
93 2.701 1.06716 2.33637
94 2.7302 1.00788 2.40525
95 2.7594 1.0565 2.479
96 2.7886 1.03098 2.5525
97 2.8178 0.983964 2.62412
98 2.847 0.970612 2.69625
99 2.8762 1.02682 2.77412
100 2.9054 1.02082 2.85312
7000 100
1 0.0146 0 0
2 0.0438 0 0
3 0.073 0 0
4 0.1022 0 0
5 0.1314 0 0
6 0.1606 0 0
7 0.1898 0 0
8 0.219 0 0
9 0.2482 0 0
10 0.2774 0 0
11 0.3066 0 0
12 0.3358 0 0
13 0.365 0 0
14 0.3942 0 0
15 0.4234 0 0
16 0.4526 0 0
17 0.4818 0 0
18 0.511 0 0
19 0.5402 0 0
20 0.5694 0 0
21 0.5986 0 0
22 0.6278 0 0
23 0.657 0 0
24 0.6862 0 0
25 0.7154 0 0
26 0.7446 0 0
27 0.7738 0 0
28 0.803 0 0
29 0.8322 0 0
30 0.8614 0 0
31 0.8906 0 0
32 0.9198 0 0
33 0.949 0.136246 0.001125
34 0.9782 0.455944 0.005125
35 1.0074 1.08818 0.01525
36 1.0366 1.4972 0.03
37 1.0658 1.9324 0.050125
38 1.095 2.34241 0.075875
39 1.1242 2.34098 0.103
40 1.1534 2.39818 0.13225
41 1.1826 2.21298 0.160625
42 1.2118 2.25617 0.191
43 1.241 1.85911 0.21725
44 1.2702 1.84222 0.2445
45 1.2994 1.70383 0.270875
46 1.3286 1.5757 0.296375
47 1.3578 1.2868 0.318125
48 1.387 1.43163 0.343375
49 1.4162 1.33922 0.368
50 1.4454 1.16818 0.390375
51 1.4746 1.18508 0.414
52 1.5038 1.0973 0.43675
53 1.533 1.29957 0.46475
54 1.5622 1.08943 0.489125
55 1.5914 1.07135 0.514
56 1.6206 0.908497 0.535875
57 1.6498 1.16716 0.565
58 1.679 0.938292 0.58925
59 1.7082 1.16348 0.620375
60 1.7374 1.08405 0.650375
61 1.7666 1.03541 0.68
62 1.7958 1.04429 0.710875
63 1.825 1.27313 0.74975
64 1.8542 1.22939 0.7885
65 1.8834 1.23384 0.828625
66 1.9126 1.23 0.869875
67 1.9418 1.21137 0.91175
68 1.971 1.1231 0.95175
69 2.0002 1.17234 0.99475
70 2.0294 1.22823 1.04112
71 2.0586 1.16468 1.08638
72 2.0878 1.19802 1.13425
73 2.117 1.01308 1.17588
74 2.1462 1.14259 1.22413
75 2.1754 1.09771 1.27175
76 2.2046 1.02675 1.3175
77 2.2338 1.00828 1.36363
78 2.263 1.00106 1.41063
79 2.2922 1.07174 1.46225
80 2.3214 1.00446 1.51188
81 2.3506 1.00434 1.56275
82 2.3798 1.04244 1.61688
83 2.409 1.15359 1.67825
84 2.4382 1.00227 1.73287
85 2.4674 1.09067 1.79375
86 2.4966 1.01281 1.85163
87 2.5258 1.07288 1.91438
88 2.555 1.04849 1.97713
89 2.5842 0.998391 2.03825
90 2.6134 1.08001 2.10588
91 2.6426 1.05628 2.1735
92 2.6718 1.04096 2.24163
93 2.701 0.992407 2.308
94 2.7302 1.0847 2.38213
95 2.7594 1.01352 2.45287
96 2.7886 1.01871 2.5255
97 2.8178 1.01831 2.59963
98 2.847 1.01435 2.675
99 2.8762 1.01364 2.75188
100 2.9054 0.936831 2.82437
7500 100
1 0.0146 0 0
2 0.0438 0 0
3 0.073 0 0
4 0.1022 0 0
5 0.1314 0 0
6 0.1606 0 0
7 0.1898 0 0
8 0.219 0 0
9 0.2482 0 0
10 0.2774 0 0
11 0.3066 0 0
12 0.3358 0 0
13 0.365 0 0
14 0.3942 0 0
15 0.4234 0 0
16 0.4526 0 0
17 0.4818 0 0
18 0.511 0 0
19 0.5402 0 0
20 0.5694 0 0
21 0.5986 0 0
22 0.6278 0 0
23 0.657 0 0
24 0.6862 0 0
25 0.7154 0 0
26 0.7446 0 0
27 0.7738 0 0
28 0.803 0 0
29 0.8322 0 0
30 0.8614 0 0
31 0.8906 0 0
32 0.9198 0.0322296 0.00025
33 0.949 0.105969 0.001125
34 0.9782 0.356206 0.00425
35 1.0074 0.953834 0.013125
36 1.0366 1.8144 0.031
37 1.0658 2.10043 0.052875
38 1.095 2.16047 0.076625
39 1.1242 2.20073 0.102125
40 1.1534 2.26495 0.12975
41 1.1826 2.27147 0.158875
42 1.2118 1.88479 0.18425
43 1.241 1.96534 0.212
44 1.2702 1.61406 0.235875
45 1.2994 1.86533 0.26475
46 1.3286 1.47529 0.288625
47 1.3578 1.37554 0.311875
48 1.387 1.41746 0.336875
49 1.4162 1.18286 0.358625
50 1.4454 1.22039 0.382
51 1.4746 1.17881 0.4055
52 1.5038 0.994807 0.426125
53 1.533 1.01529 0.448
54 1.5622 1.13971 0.4735
55 1.5914 1.22209 0.501875
56 1.6206 0.944837 0.524625
57 1.6498 0.906679 0.54725
58 1.679 1.11241 0.576
59 1.7082 1.01396 0.603125
60 1.7374 1.06598 0.632625
61 1.7666 1.26695 0.668875
62 1.7958 1.09079 0.701125
63 1.825 1.17898 0.737125
64 1.8542 1.03506 0.76975
65 1.8834 1.09931 0.8055
66 1.9126 1.20391 0.845875
67 1.9418 1.11012 0.88425
68 1.971 1.22137 0.92775
69 2.0002 1.0292 0.9655
70 2.0294 1.12229 1.00788
71 2.0586 1.08746 1.05012
72 2.0878 1.05413 1.09225
73 2.117 1.10435 1.13763
74 2.1462 1.00346 1.18
75 2.1754 1.15246 1.23
76 2.2046 1.07163 1.27775
77 2.2338 1.11211 1.32862
78 2.263 1.0836 1.3795
79 2.2922 1.0899 1.432
80 2.3214 1.02976 1.48287
81 2.3506 1.09317 1.53825
82 2.3798 1.02318 1.59138
83 2.409 1.00322 1.64475
84 2.4382 1.01374 1.7
85 2.4674 0.976452 1.7545
86 2.4966 1.11343 1.81813
87 2.5258 0.998074 1.8765
88 2.555 1.09444 1.942
89 2.5842 1.00452 2.0035
90 2.6134 1.04208 2.06875
91 2.6426 0.989896 2.13212
92 2.6718 0.981747 2.19638
93 2.701 1.05034 2.26663
94 2.7302 1.04263 2.33787
95 2.7594 1.02247 2.40925
96 2.7886 1.03098 2.48275
97 2.8178 1.00457 2.55588
98 2.847 0.967248 2.62775
99 2.8762 1.06143 2.70825
100 2.9054 1.00629 2.78613
8000 100
1 0.0146 0 0
2 0.0438 0 0
3 0.073 0 0
4 0.1022 0 0
5 0.1314 0 0
6 0.1606 0 0
7 0.1898 0 0
8 0.219 0 0
9 0.2482 0 0
10 0.2774 0 0
11 0.3066 0 0
12 0.3358 0 0
13 0.365 0 0
14 0.3942 0 0
15 0.4234 0 0
16 0.4526 0 0
17 0.4818 0 0
18 0.511 0 0
19 0.5402 0 0
20 0.5694 0 0
21 0.5986 0 0
22 0.6278 0 0
23 0.657 0 0
24 0.6862 0 0
25 0.7154 0 0
26 0.7446 0 0
27 0.7738 0 0
28 0.803 0 0
29 0.8322 0 0
30 0.8614 0 0
31 0.8906 0 0
32 0.9198 0.0644593 0.0005
33 0.949 0.0756924 0.001125
34 0.9782 0.441695 0.005
35 1.0074 0.953834 0.013875
36 1.0366 1.61139 0.02975
37 1.0658 2.08843 0.0515
38 1.095 2.10362 0.074625
39 1.1242 2.36255 0.102
40 1.1534 2.22395 0.129125
41 1.1826 2.057 0.1555
42 1.2118 1.81051 0.179875
43 1.241 1.80599 0.205375
44 1.2702 1.70701 0.230625
45 1.2994 1.49388 0.25375
46 1.3286 1.47529 0.277625
47 1.3578 1.38294 0.301
48 1.387 1.40328 0.32575
49 1.4162 1.25764 0.348875
50 1.4454 1.22039 0.37225
51 1.4746 1.28541 0.397875
52 1.5038 1.06716 0.42
53 1.533 1.03269 0.44225
54 1.5622 1.0559 0.465875
55 1.5914 1.14672 0.4925
56 1.6206 1.11615 0.519375
57 1.6498 1.11206 0.547125
58 1.679 1.10757 0.57575
59 1.7082 1.03265 0.603375
60 1.7374 1.00275 0.631125
61 1.7666 1.12715 0.663375
62 1.7958 1.25568 0.7005
63 1.825 1.15851 0.735875
64 1.8542 1.11438 0.771
65 1.8834 1.08394 0.80625
66 1.9126 1.18528 0.846
67 1.9418 1.12097 0.88475
68 1.971 1.13363 0.925125
69 2.0002 1.03261 0.963
70 2.0294 1.08919 1.00412
71 2.0586 1.10355 1.047
72 2.0878 1.1511 1.093
73 2.117 1.00395 1.13425
74 2.1462 1.10115 1.18075
75 2.1754 0.982468 1.22338
76 2.2046 1.02114 1.26887
77 2.2338 1.06566 1.31763
78 2.263 1.11288 1.36987
79 2.2922 1.07952 1.42188
80 2.3214 1.09049 1.47575
81 2.3506 1.08577 1.53075
82 2.3798 1.11948 1.58887
83 2.409 1.00087 1.64213
84 2.4382 0.965577 1.69475
85 2.4674 0.980932 1.7495
86 2.4966 1.02593 1.80813
87 2.5258 0.980977 1.8655
88 2.555 1.01299 1.92613
89 2.5842 1.05964 1.991
90 2.6134 0.974209 2.052
91 2.6426 0.919607 2.11088
92 2.6718 1.01995 2.17762
93 2.701 0.940077 2.2405
94 2.7302 0.982268 2.30763
95 2.7594 0.918613 2.37175
96 2.7886 1.00117 2.44313
97 2.8178 0.96164 2.51312
98 2.847 0.98407 2.58625
99 2.8762 0.96419 2.65937
100 2.9054 0.975596 2.73488
8500 100
1 0.0146 0 0
2 0.0438 0 0
3 0.073 0 0
4 0.1022 0 0
5 0.1314 0 0
6 0.1606 0 0
7 0.1898 0 0
8 0.219 0 0
9 0.2482 0 0
10 0.2774 0 0
11 0.3066 0 0
12 0.3358 0 0
13 0.365 0 0
14 0.3942 0 0
15 0.4234 0 0
16 0.4526 0 0
17 0.4818 0 0
18 0.511 0 0
19 0.5402 0 0
20 0.5694 0 0
21 0.5986 0 0
22 0.6278 0 0
23 0.657 0 0
24 0.6862 0 0
25 0.7154 0 0
26 0.7446 0 0
27 0.7738 0 0
28 0.803 0 0
29 0.8322 0 0
30 0.8614 0 0
31 0.8906 0 0
32 0.9198 0.0161148 0.000125
33 0.949 0.136246 0.00125
34 0.9782 0.441695 0.005125
35 1.0074 1.07474 0.015125
36 1.0366 1.53526 0.03025
37 1.0658 2.05242 0.051625
38 1.095 2.13773 0.075125
39 1.1242 2.16837 0.10025
40 1.1534 2.60315 0.132
41 1.1826 2.08624 0.15875
42 1.2118 1.90335 0.184375
43 1.241 2.08928 0.213875
44 1.2702 1.64786 0.23825
45 1.2994 1.84111 0.26675
46 1.3286 1.51391 0.29125
47 1.3578 1.50866 0.31675
48 1.387 1.36076 0.34075
49 1.4162 1.23045 0.363375
50 1.4454 1.21387 0.386625
51 1.4746 1.08476 0.40825
52 1.5038 1.17568 0.432625
53 1.533 1.07911 0.455875
54 1.5622 0.944169 0.477
55 1.5914 0.958292 0.49925
56 1.6206 0.91888 0.521375
57 1.6498 0.991836 0.546125
58 1.679 1.1511 0.575875
59 1.7082 0.971906 0.601875
60 1.7374 1.15181 0.63375
61 1.7666 1.07473 0.6645
62 1.7958 1.09925 0.697
63 1.825 1.1012 0.730625
64 1.8542 1.14611 0.76675
65 1.8834 1.107 0.80275
66 1.9126 1.13309 0.84075
67 1.9418 1.07396 0.877875
68 1.971 0.99324 0.91325
69 2.0002 1.23027 0.958375
70 2.0294 1.13222 1.00113
71 2.0586 1.06494 1.0425
72 2.0878 1.1511 1.0885
73 2.117 1.11956 1.1345
74 2.1462 1.09523 1.18075
75 2.1754 1.07466 1.22737
76 2.2046 1.09408 1.27612
77 2.2338 1.12304 1.3275
78 2.263 1.12087 1.38013
79 2.2922 1.07693 1.432
80 2.3214 1.21446 1.492
81 2.3506 1.04629 1.545
82 2.3798 1.02799 1.59837
83 2.409 1.1019 1.657
84 2.4382 1.06191 1.71487
85 2.4674 0.940619 1.76738
86 2.4966 0.977808 1.82325
87 2.5258 1.06433 1.8855
88 2.555 1.01716 1.94638
89 2.5842 1.06373 2.0115
90 2.6134 1.04807 2.07712
91 2.6426 0.993801 2.14075
92 2.6718 1.0486 2.20938
93 2.701 0.999883 2.27625
94 2.7302 0.991414 2.344
95 2.7594 1.02605 2.41562
96 2.7886 1.00468 2.48725
97 2.8178 1.00972 2.56075
98 2.847 1.01771 2.63638
99 2.8762 0.949357 2.70837
100 2.9054 1.01275 2.78675
9000 100
1 0.0146 0 0
2 0.0438 0 0
3 0.073 0 0
4 0.1022 0 0
5 0.1314 0 0
6 0.1606 0 0
7 0.1898 0 0
8 0.219 0 0
9 0.2482 0 0
10 0.2774 0 0
11 0.3066 0 0
12 0.3358 0 0
13 0.365 0 0
14 0.3942 0 0
15 0.4234 0 0
16 0.4526 0 0
17 0.4818 0 0
18 0.511 0 0
19 0.5402 0 0
20 0.5694 0 0
21 0.5986 0 0
22 0.6278 0 0
23 0.657 0 0
24 0.6862 0 0
25 0.7154 0 0
26 0.7446 0 0
27 0.7738 0 0
28 0.803 0 0
29 0.8322 0 0
30 0.8614 0 0
31 0.8906 0 0
32 0.9198 0.0161148 0.000125
33 0.949 0.181662 0.001625
34 0.9782 0.455944 0.005625
35 1.0074 1.19565 0.01675
36 1.0366 1.76365 0.034125
37 1.0658 2.04042 0.055375
38 1.095 2.10362 0.0785
39 1.1242 2.62146 0.108875
40 1.1534 1.96774 0.132875
41 1.1826 2.35921 0.163125
42 1.2118 2.28403 0.193875
43 1.241 1.92108 0.221
44 1.2702 1.80842 0.24775
45 1.2994 1.64731 0.27325
46 1.3286 1.64521 0.299875
47 1.3578 1.55303 0.326125
48 1.387 1.48833 0.352375
49 1.4162 1.21685 0.37475
50 1.4454 1.31828 0.4
51 1.4746 1.36692 0.42725
52 1.5038 1.15156 0.451125
53 1.533 1.12552 0.475375
54 1.5622 1.08943 0.49975
55 1.5914 1.15749 0.526625
56 1.6206 0.981177 0.55025
57 1.6498 1.1321 0.5785
58 1.679 0.996331 0.60425
59 1.7082 1.03265 0.631875
60 1.7374 1.01178 0.659875
61 1.7666 1.06162 0.69025
62 1.7958 1.14153 0.724
63 1.825 1.04798 0.756
64 1.8542 1.18973 0.7935
65 1.8834 1.14159 0.830625
66 1.9126 1.04737 0.86575
67 1.9418 1.07758 0.903
68 1.971 1.088 0.94175
69 2.0002 0.9849 0.977875
70 2.0294 1.1554 1.0215
71 2.0586 1.07781 1.06337
72 2.0878 1.1855 1.11075
73 2.117 1.16824 1.15875
74 2.1462 1.10411 1.20538
75 2.1754 1.10924 1.2535
76 2.2046 1.04077 1.29987
77 2.2338 1.06566 1.34862
78 2.263 1.01171 1.39613
79 2.2922 1.09509 1.44888
80 2.3214 1.12591 1.5045
81 2.3506 1.04382 1.55737
82 2.3798 1.14596 1.61688
83 2.409 1.12305 1.67663
84 2.4382 1.04585 1.73362
85 2.4674 1.00333 1.78963
86 2.4966 1.02593 1.84825
87 2.5258 1.00876 1.90725
88 2.555 1.02761 1.96875
89 2.5842 1.01472 2.03087
90 2.6134 1.00615 2.09387
91 2.6426 1.02114 2.15925
92 2.6718 0.962647 2.22225
93 2.701 1.03726 2.29162
94 2.7302 0.973122 2.35813
95 2.7594 0.993822 2.4275
96 2.7886 1.07131 2.50388
97 2.8178 0.982247 2.57537
98 2.847 1.01603 2.65088
99 2.8762 1.05649 2.731
100 2.9054 0.993364 2.80788
9500 100
1 0.0146 0 0
2 0.0438 0 0
3 0.073 0 0
4 0.1022 0 0
5 0.1314 0 0
6 0.1606 0 0
7 0.1898 0 0
8 0.219 0 0
9 0.2482 0 0
10 0.2774 0 0
11 0.3066 0 0
12 0.3358 0 0
13 0.365 0 0
14 0.3942 0 0
15 0.4234 0 0
16 0.4526 0 0
17 0.4818 0 0
18 0.511 0 0
19 0.5402 0 0
20 0.5694 0 0
21 0.5986 0 0
22 0.6278 0 0
23 0.657 0 0
24 0.6862 0 0
25 0.7154 0 0
26 0.7446 0 0
27 0.7738 0 0
28 0.803 0 0
29 0.8322 0 0
30 0.8614 0 0
31 0.8906 0 0
32 0.9198 0.0161148 0.000125
33 0.949 0.136246 0.00125
34 0.9782 0.527185 0.005875
35 1.0074 0.913531 0.014375
36 1.0366 1.91591 0.03325
37 1.0658 2.10043 0.055125
38 1.095 2.31966 0.080625
39 1.1242 2.47043 0.10925
40 1.1534 2.60315 0.141
41 1.1826 2.21298 0.169375
42 1.2118 2.3026 0.200375
43 1.241 1.9742 0.22825
44 1.2702 2.01968 0.258125
45 1.2994 1.70383 0.2845
46 1.3286 1.71473 0.31225
47 1.3578 1.44949 0.33675
48 1.387 1.40328 0.3615
49 1.4162 1.45478 0.38825
50 1.4454 1.33786 0.413875
51 1.4746 1.17254 0.43725
52 1.5038 1.23597 0.462875
53 1.533 1.29957 0.490875
54 1.5622 1.12295 0.516
55 1.5914 1.14134 0.5425
56 1.6206 1.13692 0.569875
57 1.6498 1.09703 0.59725
58 1.679 1.07855 0.625125
59 1.7082 1.09807 0.6545
60 1.7374 1.17439 0.687
61 1.7666 1.25822 0.723
62 1.7958 1.10348 0.755625
63 1.825 1.30179 0.795375
64 1.8542 1.30474 0.8365
65 1.8834 1.13391 0.873375
66 1.9126 1.05482 0.90875
67 1.9418 1.1282 0.94775
68 1.971 1.09502 0.98675
69 2.0002 1.16552 1.0295
70 2.0294 1.16202 1.07337
71 2.0586 1.15824 1.11838
72 2.0878 1.11356 1.16287
73 2.117 1.1226 1.209
74 2.1462 1.13963 1.25712
75 2.1754 1.05738 1.303
76 2.2046 1.11371 1.35263
77 2.2338 1.07659 1.40187
78 2.263 1.17146 1.45687
79 2.2922 1.05357 1.50763
80 2.3214 1.00193 1.55712
81 2.3506 1.07343 1.6115
82 2.3798 1.07614 1.66737
83 2.409 1.08311 1.725
84 2.4382 1.13301 1.78675
85 2.4674 1.06604 1.84625
86 2.4966 1.05437 1.9065
87 2.5258 1.03441 1.967
88 2.555 0.952417 2.024
89 2.5842 1.0576 2.08875
90 2.6134 1.07602 2.15612
91 2.6426 1.11681 2.22762
92 2.6718 1.04478 2.296
93 2.701 0.992407 2.36238
94 2.7302 0.943855 2.42687
95 2.7594 1.02605 2.4985
96 2.7886 1.05027 2.57338
97 2.8178 0.968509 2.64387
98 2.847 0.980706 2.71675
99 2.8762 0.975728 2.79075
100 2.9054 1.06766 2.87338
10000 100
1 0.0146 0 0
2 0.0438 0 0
3 0.073 0 0
4 0.1022 0 0
5 0.1314 0 0
6 0.1606 0 0
7 0.1898 0 0
8 0.219 0 0
9 0.2482 0 0
10 0.2774 0 0
11 0.3066 0 0
12 0.3358 0 0
13 0.365 0 0
14 0.3942 0 0
15 0.4234 0 0
16 0.4526 0 0
17 0.4818 0 0
18 0.511 0 0
19 0.5402 0 0
20 0.5694 0 0
21 0.5986 0 0
22 0.6278 0 0
23 0.657 0 0
24 0.6862 0 0
25 0.7154 0 0
26 0.7446 0 0
27 0.7738 0 0
28 0.803 0 0
29 0.8322 0 0
30 0.8614 0 0
31 0.8906 0 0
32 0.9198 0.0644593 0.0005
33 0.949 0.166523 0.001875
34 0.9782 0.384702 0.00525
35 1.0074 1.31656 0.0175
36 1.0366 1.86516 0.035875
37 1.0658 2.00441 0.05675
38 1.095 2.60394 0.085375
39 1.1242 2.7617 0.117375
40 1.1534 2.75688 0.151
41 1.1826 2.30072 0.1805
42 1.2118 2.04262 0.208
43 1.241 2.07158 0.23725
44 1.2702 2.03658 0.267375
45 1.2994 1.51003 0.29075
46 1.3286 1.59115 0.3165
47 1.3578 1.7601 0.34625
48 1.387 1.48833 0.3725
49 1.4162 1.44798 0.399125
50 1.4454 1.2465 0.423
51 1.4746 1.21643 0.44725
52 1.5038 1.21186 0.472375
53 1.533 1.27056 0.49975
54 1.5622 1.03914 0.523
55 1.5914 1.20056 0.550875
56 1.6206 1.26151 0.58125
57 1.6498 1.1872 0.610875
58 1.679 1.16077 0.640875
59 1.7082 1.13077 0.671125
60 1.7374 1.337 0.708125
61 1.7666 1.27569 0.744625
62 1.7958 1.17535 0.779375
63 1.825 1.27313 0.81825
64 1.8542 1.1699 0.855125
65 1.8834 1.20694 0.894375
66 1.9126 1.20391 0.93475
67 1.9418 1.24753 0.977875
68 1.971 1.16521 1.01938
69 2.0002 1.17575 1.0625
70 2.0294 1.1256 1.105
71 2.0586 1.05207 1.14587
72 2.0878 1.09792 1.18975
73 2.117 1.11652 1.23562
74 2.1462 1.06266 1.2805
75 2.1754 1.12076 1.32912
76 2.2046 1.00992 1.37412
77 2.2338 1.15856 1.42712
78 2.263 1.0836 1.478
79 2.2922 1.05357 1.52875
80 2.3214 0.95386 1.57588
81 2.3506 1.03395 1.62825
82 2.3798 0.972621 1.67875
83 2.409 0.967982 1.73025
84 2.4382 1.05503 1.78775
85 2.4674 0.918224 1.839
86 2.4966 1.03906 1.89838
87 2.5258 1.04509 1.9595
88 2.555 0.929442 2.01512
89 2.5842 1.01064 2.077
90 2.6134 0.950253 2.1365
91 2.6426 1.06604 2.20475
92 2.6718 1.02759 2.272
93 2.701 1.04848 2.34213
94 2.7302 1.00605 2.41088
95 2.7594 1.00098 2.48075
96 2.7886 0.974871 2.55025
97 2.8178 1.01487 2.62412
98 2.847 0.952109 2.69487
99 2.8762 1.07792 2.77662
100 2.9054 0.923909 2.84813
